0.000138,
-0.000010,
0.000095,
-0.000010,
0.000097,
-0.000010,
-0.000076,
-0.000010,
-0.000187,
-0.000010,
-0.000240,
-0.000010,
-0.000115,
-0.000010,
0.000103,
-0.000010,
0.000112,
-0.000010,
0.000144,
-0.000010,
-0.000031,
-0.000010,
-0.000112,
-0.000010,
0.000027,
-0.000010,
0.000129,
-0.000010,
0.000037,
-0.000010,
0.000053,
-0.000010,
0.000162,
-0.000010,
0.000169,
-0.000010,
0.000141,
-0.000010,
0.000207,
-0.000010,
0.000153,
-0.000010,
0.000199,
-0.000010,
0.000160,
-0.000010,
0.000066,
-0.000010,
-0.000087,
-0.000010,
-0.000193,
-0.000010,
-0.000259,
-0.000010,
-0.000105,
-0.000010,
-0.000032,
-0.000010,
-0.000081,
-0.000010,
-0.000280,
-0.000010,
-0.000493,
-0.000010,
-0.000390,
-0.000010,
-0.000043,
-0.000010,
0.000379,
-0.000010,
-0.000789,
-0.000010,
-0.006506,
-0.000010,
-0.016014,
-0.000010,
-0.022827,
-0.000010,
-0.020885,
-0.000010,
-0.010411,
-0.000010,
0.002972,
-0.000010,
0.010727,
-0.000010,
0.007885,
-0.000010,
-0.000609,
-0.000010,
-0.005388,
-0.000010,
-0.002288,
-0.000010,
0.005395,
-0.000010,
0.011702,
-0.000010,
0.010275,
-0.000010,
-0.003871,
-0.000010,
-0.026900,
-0.000010,
-0.041967,
-0.000010,
-0.033468,
-0.000010,
-0.003656,
-0.000010,
0.029738,
-0.000010,
0.045024,
-0.000010,
0.030206,
-0.000010,
0.003944,
-0.000010,
-0.007520,
-0.000010,
-0.004712,
-0.000010,
-0.005811,
-0.000010,
-0.017660,
-0.000010,
-0.025455,
-0.000010,
-0.015933,
-0.000010,
0.004244,
-0.000010,
0.022963,
-0.000010,
0.035409,
-0.000010,
0.038915,
-0.000010,
0.029482,
-0.000010,
0.008044,
-0.000010,
-0.016045,
-0.000010,
-0.028574,
-0.000010,
-0.022342,
-0.000010,
-0.006992,
-0.000010,
0.004932,
-0.000010,
0.012783,
-0.000010,
0.019234,
-0.000010,
0.019380,
-0.000010,
0.010414,
-0.000010,
0.000612,
-0.000010,
-0.005836,
-0.000010,
-0.010486,
-0.000010,
-0.007751,
-0.000010,
0.009308,
-0.000010,
0.031486,
-0.000010,
0.040691,
-0.000010,
0.031460,
-0.000010,
0.009735,
-0.000010,
-0.011241,
-0.000010,
-0.019828,
-0.000010,
-0.017524,
-0.000010,
-0.011994,
-0.000010,
-0.007935,
-0.000010,
-0.006478,
-0.000010,
-0.006890,
-0.000010,
-0.002494,
-0.000010,
0.013778,
-0.000010,
0.034984,
-0.000010,
0.044701,
-0.000010,
0.037460,
-0.000010,
0.023705,
-0.000010,
0.010672,
-0.000010,
-0.004249,
-0.000010,
-0.020410,
-0.000010,
-0.030828,
-0.000010,
-0.027932,
-0.000010,
-0.011179,
-0.000010,
0.008787,
-0.000010,
0.018176,
-0.000010,
0.013565,
-0.000010,
0.004705,
-0.000010,
0.001974,
-0.000010,
0.007791,
-0.000010,
0.020299,
-0.000010,
0.032700,
-0.000010,
0.032401,
-0.000010,
0.014025,
-0.000010,
-0.010047,
-0.000010,
-0.022361,
-0.000010,
-0.020074,
-0.000010,
-0.012080,
-0.000010,
-0.009189,
-0.000010,
-0.015262,
-0.000010,
-0.021702,
-0.000010,
-0.017805,
-0.000010,
-0.006723,
-0.000010,
0.000422,
-0.000010,
-0.000543,
-0.000010,
-0.004577,
-0.000010,
-0.003978,
-0.000010,
0.004592,
-0.000010,
0.016181,
-0.000010,
0.021032,
-0.000010,
0.011197,
-0.000010,
-0.010008,
-0.000010,
-0.030908,
-0.000010,
-0.041370,
-0.000010,
-0.037464,
-0.000010,
-0.024927,
-0.000010,
-0.016285,
-0.000010,
-0.015106,
-0.000010,
-0.011299,
-0.000010,
0.002913,
-0.000010,
0.019975,
-0.000010,
0.026693,
-0.000010,
0.020677,
-0.000010,
0.008871,
-0.000010,
-0.001675,
-0.000010,
-0.007338,
-0.000010,
-0.008423,
-0.000010,
-0.009200,
-0.000010,
-0.011906,
-0.000010,
-0.012410,
-0.000010,
-0.008269,
-0.000010,
-0.001218,
-0.000010,
0.006307,
-0.000010,
0.009088,
-0.000010,
0.003389,
-0.000010,
-0.005607,
-0.000010,
-0.009749,
-0.000010,
-0.007105,
-0.000010,
-0.003233,
-0.000010,
-0.004941,
-0.000010,
-0.012715,
-0.000010,
-0.020294,
-0.000010,
-0.020490,
-0.000010,
-0.011565,
-0.000010,
0.000395,
-0.000010,
0.008066,
-0.000010,
0.009854,
-0.000010,
0.007089,
-0.000010,
0.002371,
-0.000010,
0.000389,
-0.000010,
0.002375,
-0.000010,
0.003129,
-0.000010,
-0.000863,
-0.000010,
-0.005232,
-0.000010,
-0.004855,
-0.000010,
-0.000376,
-0.000010,
0.002631,
-0.000010,
-0.000794,
-0.000010,
-0.009778,
-0.000010,
-0.017984,
-0.000010,
-0.019115,
-0.000010,
-0.013291,
-0.000010,
-0.008045,
-0.000010,
-0.009055,
-0.000010,
-0.015662,
-0.000010,
-0.023255,
-0.000010,
-0.025653,
-0.000010,
-0.020651,
-0.000010,
-0.012852,
-0.000010,
-0.007149,
-0.000010,
-0.004337,
-0.000010,
-0.002476,
-0.000010,
-0.001099,
-0.000010,
-0.001455,
-0.000010,
-0.001963,
-0.000010,
-0.000434,
-0.000010,
0.001871,
-0.000010,
0.003020,
-0.000010,
0.003089,
-0.000010,
0.001594,
-0.000010,
-0.001749,
-0.000010,
-0.005671,
-0.000010,
-0.006737,
-0.000010,
-0.001491,
-0.000010,
0.010141,
-0.000010,
0.022093,
-0.000010,
0.027510,
-0.000010,
0.025002,
-0.000010,
0.017465,
-0.000010,
0.008594,
-0.000010,
0.001909,
-0.000010,
-0.000953,
-0.000010,
-0.000016,
-0.000010,
0.003764,
-0.000010,
0.010293,
-0.000010,
0.019095,
-0.000010,
0.026316,
-0.000010,
0.026368,
-0.000010,
0.018245,
-0.000010,
0.006158,
-0.000010,
-0.003080,
-0.000010,
-0.003809,
-0.000010,
0.003965,
-0.000010,
0.014668,
-0.000010,
0.021170,
-0.000010,
0.020638,
-0.000010,
0.015707,
-0.000010,
0.010635,
-0.000010,
0.007929,
-0.000010,
0.005554,
-0.000010,
0.000024,
-0.000010,
-0.007581,
-0.000010,
-0.013250,
-0.000010,
-0.015440,
-0.000010,
-0.015775,
-0.000010,
-0.015383,
-0.000010,
-0.013853,
-0.000010,
-0.010368,
-0.000010,
-0.004498,
-0.000010,
0.004076,
-0.000010,
0.013353,
-0.000010,
0.018368,
-0.000010,
0.015338,
-0.000010,
0.006284,
-0.000010,
-0.002108,
-0.000010,
-0.004104,
-0.000010,
-0.000292,
-0.000010,
0.003701,
-0.000010,
0.003866,
-0.000010,
0.000777,
-0.000010,
-0.003123,
-0.000010,
-0.006225,
-0.000010,
-0.007137,
-0.000010,
-0.005465,
-0.000010,
-0.002189,
-0.000010,
0.001649,
-0.000010,
0.006197,
-0.000010,
0.011663,
-0.000010,
0.016461,
-0.000010,
0.017817,
-0.000010,
0.014965,
-0.000010,
0.010372,
-0.000010,
0.007669,
-0.000010,
0.008310,
-0.000010,
0.010183,
-0.000010,
0.010324,
-0.000010,
0.008160,
-0.000010,
0.004851,
-0.000010,
0.002249,
-0.000010,
0.001252,
-0.000010,
0.001899,
-0.000010,
0.003223,
-0.000010,
0.004021,
-0.000010,
0.004611,
-0.000010,
0.005893,
-0.000010,
0.007997,
-0.000010,
0.009760,
-0.000010,
0.009565,
-0.000010,
0.006701,
-0.000010,
0.002645,
-0.000010,
-0.000388,
-0.000010,
-0.001658,
-0.000010,
-0.002366,
-0.000010,
-0.003392,
-0.000010,
-0.003875,
-0.000010,
-0.002144,
-0.000010,
0.001828,
-0.000010,
0.005312,
-0.000010,
0.005582,
-0.000010,
0.002207,
-0.000010,
-0.002852,
-0.000010,
-0.007418,
-0.000010,
-0.011093,
-0.000010,
-0.014350,
-0.000010,
-0.016143,
-0.000010,
-0.015251,
-0.000010,
-0.011947,
-0.000010,
-0.007732,
-0.000010,
-0.004772,
-0.000010,
-0.004479,
-0.000010,
-0.006221,
-0.000010,
-0.008701,
-0.000010,
-0.010354,
-0.000010,
-0.010791,
-0.000010,
-0.011073,
-0.000010,
-0.011664,
-0.000010,
-0.012967,
-0.000010,
-0.014659,
-0.000010,
-0.015234,
-0.000010,
-0.013046,
-0.000010,
-0.008181,
-0.000010,
-0.003042,
-0.000010,
-0.000776,
-0.000010,
-0.002578,
-0.000010,
-0.007004,
-0.000010,
-0.011158,
-0.000010,
-0.012098,
-0.000010,
-0.009616,
-0.000010,
-0.005324,
-0.000010,
-0.000546,
-0.000010,
0.003976,
-0.000010,
0.006840,
-0.000010,
0.006656,
-0.000010,
0.002922,
-0.000010,
-0.002500,
-0.000010,
-0.006511,
-0.000010,
-0.006572,
-0.000010,
-0.003038,
-0.000010,
0.001160,
-0.000010,
0.003705,
-0.000010,
0.004238,
-0.000010,
0.004028,
-0.000010,
0.004817,
-0.000010,
0.007291,
-0.000010,
0.010422,
-0.000010,
0.012217,
-0.000010,
0.010895,
-0.000010,
0.006490,
-0.000010,
0.000897,
-0.000010,
-0.003566,
-0.000010,
-0.005822,
-0.000010,
-0.006381,
-0.000010,
-0.006556,
-0.000010,
-0.006788,
-0.000010,
-0.006729,
-0.000010,
-0.005942,
-0.000010,
-0.004872,
-0.000010,
-0.004422,
-0.000010,
-0.004704,
-0.000010,
-0.004506,
-0.000010,
-0.002780,
-0.000010,
-0.000036,
-0.000010,
0.001680,
-0.000010,
0.001081,
-0.000010,
-0.001441,
-0.000010,
-0.004836,
-0.000010,
-0.007559,
-0.000010,
-0.009380,
-0.000010,
-0.010589,
-0.000010,
-0.010843,
-0.000010,
-0.010242,
-0.000010,
-0.008944,
-0.000010,
-0.007109,
-0.000010,
-0.004829,
-0.000010,
-0.002032,
-0.000010,
0.000437,
-0.000010,
0.001848,
-0.000010,
0.002053,
-0.000010,
0.002142,
-0.000010,
0.002818,
-0.000010,
0.003407,
-0.000010,
0.003549,
-0.000010,
0.003440,
-0.000010,
0.003348,
-0.000010,
0.003384,
-0.000010,
0.002426,
-0.000010,
0.000474,
-0.000010,
-0.001321,
-0.000010,
-0.001860,
-0.000010,
-0.000600,
-0.000010,
0.001939,
-0.000010,
0.004430,
-0.000010,
0.006095,
-0.000010,
0.007366,
-0.000010,
0.008945,
-0.000010,
0.011032,
-0.000010,
0.013235,
-0.000010,
0.014568,
-0.000010,
0.014312,
-0.000010,
0.012589,
-0.000010,
0.010301,
-0.000010,
0.008351,
-0.000010,
0.007302,
-0.000010,
0.007047,
-0.000010,
0.007565,
-0.000010,
0.009551,
-0.000010,
0.012777,
-0.000010,
0.015621,
-0.000010,
0.016072,
-0.000010,
0.013617,
-0.000010,
0.009471,
-0.000010,
0.005616,
-0.000010,
0.003374,
-0.000010,
0.002919,
-0.000010,
0.003588,
-0.000010,
0.004509,
-0.000010,
0.005845,
-0.000010,
0.007473,
-0.000010,
0.009036,
-0.000010,
0.010030,
-0.000010,
0.009518,
-0.000010,
0.006778,
-0.000010,
0.002383,
-0.000010,
-0.002010,
-0.000010,
-0.005021,
-0.000010,
-0.005792,
-0.000010,
-0.004749,
-0.000010,
-0.002939,
-0.000010,
-0.000726,
-0.000010,
0.001533,
-0.000010,
0.002910,
-0.000010,
0.002648,
-0.000010,
0.000845,
-0.000010,
-0.001885,
-0.000010,
-0.004343,
-0.000010,
-0.005437,
-0.000010,
-0.004820,
-0.000010,
-0.003065,
-0.000010,
-0.001542,
-0.000010,
-0.001355,
-0.000010,
-0.002673,
-0.000010,
-0.004477,
-0.000010,
-0.005573,
-0.000010,
-0.005334,
-0.000010,
-0.003820,
-0.000010,
-0.001522,
-0.000010,
0.000407,
-0.000010,
0.001162,
-0.000010,
0.000608,
-0.000010,
-0.000316,
-0.000010,
-0.000759,
-0.000010,
-0.000516,
-0.000010,
0.000345,
-0.000010,
0.000895,
-0.000010,
0.000752,
-0.000010,
-0.000047,
-0.000010,
-0.001112,
-0.000010,
-0.001656,
-0.000010,
-0.001278,
-0.000010,
-0.000167,
-0.000010,
0.000796,
-0.000010,
0.000822,
-0.000010,
-0.000040,
-0.000010,
-0.001355,
-0.000010,
-0.002450,
-0.000010,
-0.002748,
-0.000010,
-0.001965,
-0.000010,
-0.000080,
-0.000010,
0.002289,
-0.000010,
0.003982,
-0.000010,
0.003905,
-0.000010,
0.001833,
-0.000010,
-0.001626,
-0.000010,
-0.005277,
-0.000010,
-0.007994,
-0.000010,
-0.008750,
-0.000010,
-0.007328,
-0.000010,
-0.004607,
-0.000010,
-0.002151,
-0.000010,
-0.001172,
-0.000010,
-0.001765,
-0.000010,
-0.003093,
-0.000010,
-0.004068,
-0.000010,
-0.003821,
-0.000010,
-0.002766,
-0.000010,
-0.002055,
-0.000010,
-0.002578,
-0.000010,
-0.004435,
-0.000010,
-0.007022,
-0.000010,
-0.009254,
-0.000010,
-0.010685,
-0.000010,
-0.011657,
-0.000010,
-0.012100,
-0.000010,
-0.011687,
-0.000010,
-0.010442,
-0.000010,
-0.008710,
-0.000010,
-0.007105,
-0.000010,
-0.006282,
-0.000010,
-0.006096,
-0.000010,
-0.006076,
-0.000010,
-0.006008,
-0.000010,
-0.005592,
-0.000010,
-0.004818,
-0.000010,
-0.003836,
-0.000010,
-0.002736,
-0.000010,
-0.001819,
-0.000010,
-0.001409,
-0.000010,
-0.001775,
-0.000010,
-0.002708,
-0.000010,
-0.004281,
-0.000010,
-0.006137,
-0.000010,
-0.007241,
-0.000010,
-0.006884,
-0.000010,
-0.005311,
-0.000010,
-0.003183,
-0.000010,
-0.001334,
-0.000010,
-0.000303,
-0.000010,
0.000141,
-0.000010,
0.000401,
-0.000010,
0.000443,
-0.000010,
0.000316,
-0.000010,
0.000223,
-0.000010,
0.000725,
-0.000010,
0.002128,
-0.000010,
0.004313,
-0.000010,
0.006375,
-0.000010,
0.007388,
-0.000010,
0.007271,
-0.000010,
0.006267,
-0.000010,
0.005153,
-0.000010,
0.004683,
-0.000010,
0.005201,
-0.000010,
0.006171,
-0.000010,
0.006885,
-0.000010,
0.006730,
-0.000010,
0.005764,
-0.000010,
0.004818,
-0.000010,
0.004154,
-0.000010,
0.003715,
-0.000010,
0.003500,
-0.000010,
0.003373,
-0.000010,
0.003399,
-0.000010,
0.003307,
-0.000010,
0.002632,
-0.000010,
0.001237,
-0.000010,
-0.001062,
-0.000010,
-0.003754,
-0.000010,
-0.005768,
-0.000010,
-0.006320,
-0.000010,
-0.005140,
-0.000010,
-0.002908,
-0.000010,
-0.000693,
-0.000010,
0.000806,
-0.000010,
0.001236,
-0.000010,
0.000577,
-0.000010,
-0.000291,
-0.000010,
-0.000818,
-0.000010,
-0.000958,
-0.000010,
-0.000870,
-0.000010,
-0.001080,
-0.000010,
-0.001790,
-0.000010,
-0.002810,
-0.000010,
-0.003793,
-0.000010,
-0.004378,
-0.000010,
-0.004569,
-0.000010,
-0.003988,
-0.000010,
-0.002584,
-0.000010,
-0.001063,
-0.000010,
0.000098,
-0.000010,
0.000797,
-0.000010,
0.001378,
-0.000010,
0.002048,
-0.000010,
0.003274,
-0.000010,
0.004827,
-0.000010,
0.006552,
-0.000010,
0.007890,
-0.000010,
0.008464,
-0.000010,
0.008206,
-0.000010,
0.007328,
-0.000010,
0.006042,
-0.000010,
0.004466,
-0.000010,
0.002995,
-0.000010,
0.002348,
-0.000010,
0.002829,
-0.000010,
0.004060,
-0.000010,
0.005516,
-0.000010,
0.006680,
-0.000010,
0.007223,
-0.000010,
0.007234,
-0.000010,
0.006875,
-0.000010,
0.006240,
-0.000010,
0.005447,
-0.000010,
0.004509,
-0.000010,
0.003435,
-0.000010,
0.002791,
-0.000010,
0.002737,
-0.000010,
0.003043,
-0.000010,
0.002986,
-0.000010,
0.002208,
-0.000010,
0.000888,
-0.000010,
-0.000422,
-0.000010,
-0.001091,
-0.000010,
-0.001058,
-0.000010,
-0.000601,
-0.000010,
-0.000155,
-0.000010,
0.000014,
-0.000010,
0.000045,
-0.000010,
-0.000174,
-0.000010,
-0.000544,
-0.000010,
-0.001119,
-0.000010,
-0.001640,
-0.000010,
-0.001948,
-0.000010,
-0.002259,
-0.000010,
-0.002583,
-0.000010,
-0.003068,
-0.000010,
-0.003788,
-0.000010,
-0.004329,
-0.000010,
-0.004348,
-0.000010,
-0.003757,
-0.000010,
-0.002405,
-0.000010,
-0.001153,
-0.000010,
-0.000650,
-0.000010,
-0.001182,
-0.000010,
-0.002261,
-0.000010,
-0.003290,
-0.000010,
-0.003809,
-0.000010,
-0.003867,
-0.000010,
-0.003521,
-0.000010,
-0.002936,
-0.000010,
-0.002408,
-0.000010,
-0.001891,
-0.000010,
-0.001347,
-0.000010,
-0.000964,
-0.000010,
-0.000703,
-0.000010,
-0.000670,
-0.000010,
-0.000946,
-0.000010,
-0.000981,
-0.000010,
-0.000303,
-0.000010,
0.000994,
-0.000010,
0.002221,
-0.000010,
0.002933,
-0.000010,
0.003041,
-0.000010,
0.002743,
-0.000010,
0.002370,
-0.000010,
0.002171,
-0.000010,
0.002102,
-0.000010,
0.002216,
-0.000010,
0.002353,
-0.000010,
0.002392,
-0.000010,
0.002131,
-0.000010,
0.001472,
-0.000010,
0.000590,
-0.000010,
-0.000742,
-0.000010,
-0.001994,
-0.000010,
-0.002560,
-0.000010,
-0.002256,
-0.000010,
-0.001376,
-0.000010,
-0.000333,
-0.000010,
0.000540,
-0.000010,
0.000967,
-0.000010,
0.001120,
-0.000010,
0.001253,
-0.000010,
0.001357,
-0.000010,
0.001669,
-0.000010,
0.002002,
-0.000010,
0.002168,
-0.000010,
0.001905,
-0.000010,
0.001198,
-0.000010,
0.000027,
-0.000010,
-0.001493,
-0.000010,
-0.002883,
-0.000010,
-0.003516,
-0.000010,
-0.003448,
-0.000010,
-0.002789,
-0.000010,
-0.002037,
-0.000010,
-0.001629,
-0.000010,
-0.001440,
-0.000010,
-0.001259,
-0.000010,
-0.001144,
-0.000010,
-0.000977,
-0.000010,
-0.000696,
-0.000010,
-0.000367,
-0.000010,
0.000093,
-0.000010,
0.000682,
-0.000010,
0.001183,
-0.000010,
0.001552,
-0.000010,
0.001836,
-0.000010,
0.001805,
-0.000010,
0.001321,
-0.000010,
0.000809,
-0.000010,
0.000584,
-0.000010,
0.000386,
-0.000010,
0.000236,
-0.000010,
0.000300,
-0.000010,
0.000893,
-0.000010,
0.001915,
-0.000010,
0.002952,
-0.000010,
0.003679,
-0.000010,
0.003640,
-0.000010,
0.003025,
-0.000010,
0.002222,
-0.000010,
0.001344,
-0.000010,
0.000669,
-0.000010,
-0.000058,
-0.000010,
-0.000732,
-0.000010,
-0.001097,
-0.000010,
-0.001190,
-0.000010,
-0.000926,
-0.000010,
-0.000271,
-0.000010,
0.000496,
-0.000010,
0.001142,
-0.000010,
0.001529,
-0.000010,
0.001801,
-0.000010,
0.002004,
-0.000010,
0.002181,
-0.000010,
0.002159,
-0.000010,
0.001982,
-0.000010,
0.001792,
-0.000010,
0.001599,
-0.000010,
0.001728,
-0.000010,
0.001938,
-0.000010,
0.001911,
-0.000010,
0.001476,
-0.000010,
0.000950,
-0.000010,
0.000461,
-0.000010,
0.000195,
-0.000010,
-0.000168,
-0.000010,
-0.000736,
-0.000010,
-0.001421,
-0.000010,
-0.001962,
-0.000010,
-0.001913,
-0.000010,
-0.001553,
-0.000010,
-0.000983,
-0.000010,
-0.000447,
-0.000010,
-0.000157,
-0.000010,
-0.000375,
-0.000010,
-0.001129,
-0.000010,
-0.002320,
-0.000010,
-0.003535,
-0.000010,
-0.004264,
-0.000010,
-0.004573,
-0.000010,
-0.004459,
-0.000010,
-0.003689,
-0.000010,
-0.002744,
-0.000010,
-0.002069,
-0.000010,
-0.001682,
-0.000010,
-0.001674,
-0.000010,
-0.002008,
-0.000010,
-0.002442,
-0.000010,
-0.002885,
-0.000010,
-0.003263,
-0.000010,
-0.003543,
-0.000010,
-0.003588,
-0.000010,
-0.003376,
-0.000010,
-0.003101,
-0.000010,
-0.002926,
-0.000010,
-0.003009,
-0.000010,
-0.003284,
-0.000010,
-0.003821,
-0.000010,
-0.004514,
-0.000010,
-0.005062,
-0.000010,
-0.005177,
-0.000010,
-0.004800,
-0.000010,
-0.004000,
-0.000010,
-0.003081,
-0.000010,
-0.002172,
-0.000010,
-0.001406,
-0.000010,
-0.001040,
-0.000010,
-0.000999,
-0.000010,
-0.001213,
-0.000010,
-0.001313,
-0.000010,
-0.001461,
-0.000010,
-0.001359,
-0.000010,
-0.001303,
-0.000010,
-0.001433,
-0.000010,
-0.001458,
-0.000010,
-0.001517,
-0.000010,
-0.001549,
-0.000010,
-0.001292,
-0.000010,
-0.000875,
-0.000010,
-0.000485,
-0.000010,
-0.000032,
-0.000010,
0.000400,
-0.000010,
0.000612,
-0.000010,
0.000725,
-0.000010,
0.000767,
-0.000010,
0.000864,
-0.000010,
0.001017,
-0.000010,
0.001313,
-0.000010,
0.001442,
-0.000010,
0.001118,
-0.000010,
0.000541,
-0.000010,
0.000233,
-0.000010,
-0.000052,
-0.000010,
-0.000355,
-0.000010,
-0.000457,
-0.000010,
-0.000401,
-0.000010,
-0.000182,
-0.000010,
-0.000109,
-0.000010,
-0.000082,
-0.000010,
-0.000049,
-0.000010,
0.000319,
-0.000010,
0.000928,
-0.000010,
0.001682,
-0.000010,
0.002106,
-0.000010,
0.002020,
-0.000010,
0.001585,
-0.000010,
0.001070,
-0.000010,
0.000773,
-0.000010,
0.000553,
-0.000010,
0.000532,
-0.000010,
0.000592,
-0.000010,
0.000518,
-0.000010,
0.000605,
-0.000010,
0.000764,
-0.000010,
0.000747,
-0.000010,
0.000561,
-0.000010,
0.000374,
-0.000010,
0.000305,
-0.000010,
0.000251,
-0.000010,
0.000178,
-0.000010,
0.000269,
-0.000010,
0.000596,
-0.000010,
0.001069,
-0.000010,
0.001377,
-0.000010,
0.001663,
-0.000010,
0.002053,
-0.000010,
0.002386,
-0.000010,
0.002731,
-0.000010,
0.002996,
-0.000010,
0.003331,
-0.000010,
0.003798,
-0.000010,
0.004179,
-0.000010,
0.004455,
-0.000010,
0.004404,
-0.000010,
0.004086,
-0.000010,
0.003753,
-0.000010,
0.003624,
-0.000010,
0.003660,
-0.000010,
0.003863,
-0.000010,
0.003918,
-0.000010,
0.004109,
-0.000010,
0.004342,
-0.000010,
0.004388,
-0.000010,
0.004530,
-0.000010,
0.004579,
-0.000010,
0.004429,
-0.000010,
0.004217,
-0.000010,
0.003964,
-0.000010,
0.003785,
-0.000010,
0.003729,
-0.000010,
0.003941,
-0.000010,
0.004177,
-0.000010,
0.004168,
-0.000010,
0.004000,
-0.000010,
0.003801,
-0.000010,
0.003384,
-0.000010,
0.002744,
-0.000010,
0.002100,
-0.000010,
0.001605,
-0.000010,
0.001111,
-0.000010,
0.000745,
-0.000010,
0.000566,
-0.000010,
0.000207,
-0.000010,
-0.000506,
-0.000010,
-0.001411,
-0.000010,
-0.002212,
-0.000010,
-0.002746,
-0.000010,
-0.002887,
-0.000010,
-0.002688,
-0.000010,
-0.002233,
-0.000010,
-0.001833,
-0.000010,
-0.001559,
-0.000010,
-0.001602,
-0.000010,
-0.001761,
-0.000010,
-0.001866,
-0.000010,
-0.001803,
-0.000010,
-0.001799,
-0.000010,
-0.001905,
-0.000010,
-0.002011,
-0.000010,
-0.002245,
-0.000010,
-0.002606,
-0.000010,
-0.002867,
-0.000010,
-0.003159,
-0.000010,
-0.003309,
-0.000010,
-0.003244,
-0.000010,
-0.002862,
-0.000010,
-0.002402,
-0.000010,
-0.002119,
-0.000010,
-0.001911,
-0.000010,
-0.001666,
-0.000010,
-0.001314,
-0.000010,
-0.001025,
-0.000010,
-0.000923,
-0.000010,
-0.000911,
-0.000010,
-0.000888,
-0.000010,
-0.001038,
-0.000010,
-0.001173,
-0.000010,
-0.001387,
-0.000010,
-0.001717,
-0.000010,
-0.001947,
-0.000010,
-0.001865,
-0.000010,
-0.001669,
-0.000010,
-0.001405,
-0.000010,
-0.001133,
-0.000010,
-0.000890,
-0.000010,
-0.000801,
-0.000010,
-0.000783,
-0.000010,
-0.000782,
-0.000010,
-0.000604,
-0.000010,
-0.000419,
-0.000010,
-0.000485,
-0.000010,
-0.000633,
-0.000010,
-0.000905,
-0.000010,
-0.001243,
-0.000010,
-0.001333,
-0.000010,
-0.001451,
-0.000010,
-0.001665,
-0.000010,
-0.001926,
-0.000010,
-0.002236,
-0.000010,
-0.002501,
-0.000010,
-0.002726,
-0.000010,
-0.002805,
-0.000010,
-0.002820,
-0.000010,
-0.002752,
-0.000010,
-0.002739,
-0.000010,
-0.002779,
-0.000010,
-0.002865,
-0.000010,
-0.002939,
-0.000010,
-0.002895,
-0.000010,
-0.002860,
-0.000010,
-0.003000,
-0.000010,
-0.003050,
-0.000010,
-0.003067,
-0.000010,
-0.003185,
-0.000010,
-0.003245,
-0.000010,
-0.003251,
-0.000010,
-0.003139,
-0.000010,
-0.002856,
-0.000010,
-0.002416,
-0.000010,
-0.002076,
-0.000010,
-0.001800,
-0.000010,
-0.001514,
-0.000010,
-0.001312,
-0.000010,
-0.001412,
-0.000010,
-0.001465,
-0.000010,
-0.001637,
-0.000010,
-0.001797,
-0.000010,
-0.001661,
-0.000010,
-0.001408,
-0.000010,
-0.001063,
-0.000010,
-0.000624,
-0.000010,
-0.000204,
-0.000010,
0.000045,
-0.000010,
0.000346,
-0.000010,
0.000620,
-0.000010,
0.001059,
-0.000010,
0.001413,
-0.000010,
0.001447,
-0.000010,
0.001522,
-0.000010,
0.001999,
-0.000010,
0.002528,
-0.000010,
0.002862,
-0.000010,
0.003076,
-0.000010,
0.003126,
-0.000010,
0.003060,
-0.000010,
0.002826,
-0.000010,
0.002564,
-0.000010,
0.002180,
-0.000010,
0.001865,
-0.000010,
0.001896,
-0.000010,
0.001937,
-0.000010,
0.002170,
-0.000010,
0.002472,
-0.000010,
0.002624,
-0.000010,
0.002714,
-0.000010,
0.002863,
-0.000010,
0.002903,
-0.000010,
0.002834,
-0.000010,
0.002654,
-0.000010,
0.002504,
-0.000010,
0.002467,
-0.000010,
0.002594,
-0.000010,
0.002777,
-0.000010,
0.002720,
-0.000010,
0.002694,
-0.000010,
0.002510,
-0.000010,
0.002437,
-0.000010,
0.002349,
-0.000010,
0.002188,
-0.000010,
0.002060,
-0.000010,
0.002150,
-0.000010,
0.002467,
-0.000010,
0.002632,
-0.000010,
0.002709,
-0.000010,
0.002700,
-0.000010,
0.002620,
-0.000010,
0.002517,
-0.000010,
0.002409,
-0.000010,
0.002473,
-0.000010,
0.002467,
-0.000010,
0.002408,
-0.000010,
0.002321,
-0.000010,
0.002124,
-0.000010,
0.001751,
-0.000010,
0.001388,
-0.000010,
0.001257,
-0.000010,
0.001295,
-0.000010,
0.001347,
-0.000010,
0.001471,
-0.000010,
0.001486,
-0.000010,
0.001733,
-0.000010,
0.002078,
-0.000010,
0.002118,
-0.000010,
0.002006,
-0.000010,
0.001936,
-0.000010,
0.001833,
-0.000010,
0.001826,
-0.000010,
0.001805,
-0.000010,
0.001950,
-0.000010,
0.001950,
-0.000010,
0.002004,
-0.000010,
0.002053,
-0.000010,
0.002120,
-0.000010,
0.002220,
-0.000010,
0.002050,
-0.000010,
0.001652,
-0.000010,
0.001373,
-0.000010,
0.001224,
-0.000010,
0.001082,
-0.000010,
