0.001140,
-0.000013,
0.001050,
-0.000013,
-0.002096,
-0.000013,
-0.000984,
-0.000013,
0.004897,
-0.000013,
0.002810,
-0.000013,
-0.002192,
-0.000013,
-0.001674,
-0.000013,
-0.001114,
-0.000013,
0.000710,
-0.000013,
-0.000438,
-0.000013,
0.000239,
-0.000013,
0.004712,
-0.000013,
0.000756,
-0.000013,
-0.000961,
-0.000013,
-0.000850,
-0.000013,
-0.000005,
-0.000013,
0.003449,
-0.000013,
0.001070,
-0.000013,
0.000504,
-0.000013,
-0.001457,
-0.000013,
-0.001848,
-0.000013,
-0.000738,
-0.000013,
-0.001953,
-0.000013,
-0.000744,
-0.000013,
-0.000320,
-0.000013,
-0.002264,
-0.000013,
-0.002855,
-0.000013,
-0.001496,
-0.000013,
0.004881,
-0.000013,
0.002116,
-0.000013,
0.000727,
-0.000013,
0.001125,
-0.000013,
0.001675,
-0.000013,
0.000585,
-0.000013,
-0.001448,
-0.000013,
-0.002132,
-0.000013,
0.002741,
-0.000013,
0.001901,
-0.000013,
0.000050,
-0.000013,
-0.000748,
-0.000013,
-0.004406,
-0.000013,
-0.001617,
-0.000013,
0.001299,
-0.000013,
-0.000381,
-0.000013,
0.002508,
-0.000013,
0.002471,
-0.000013,
0.003962,
-0.000013,
0.022362,
-0.000013,
0.055274,
-0.000013,
0.071650,
-0.000013,
0.049455,
-0.000013,
-0.007170,
-0.000013,
-0.071837,
-0.000013,
-0.100745,
-0.000013,
-0.070697,
-0.000013,
-0.008456,
-0.000013,
0.045665,
-0.000013,
0.072467,
-0.000013,
0.054197,
-0.000013,
-0.010212,
-0.000013,
-0.064045,
-0.000013,
-0.054696,
-0.000013,
0.009243,
-0.000013,
0.049923,
-0.000013,
0.033917,
-0.000013,
-0.014952,
-0.000013,
-0.050180,
-0.000013,
-0.052584,
-0.000013,
-0.032516,
-0.000013,
-0.007067,
-0.000013,
0.006783,
-0.000013,
0.012021,
-0.000013,
0.003237,
-0.000013,
-0.001673,
-0.000013,
0.019161,
-0.000013,
0.037288,
-0.000013,
0.026241,
-0.000013,
0.001238,
-0.000013,
-0.022943,
-0.000013,
-0.030355,
-0.000013,
-0.023120,
-0.000013,
0.001594,
-0.000013,
0.023297,
-0.000013,
0.029017,
-0.000013,
0.013504,
-0.000013,
-0.013881,
-0.000013,
-0.026267,
-0.000013,
-0.017183,
-0.000013,
0.000241,
-0.000013,
0.015032,
-0.000013,
0.010781,
-0.000013,
-0.008850,
-0.000013,
-0.015487,
-0.000013,
-0.003303,
-0.000013,
0.025439,
-0.000013,
0.052095,
-0.000013,
0.055842,
-0.000013,
0.032361,
-0.000013,
0.003232,
-0.000013,
-0.013379,
-0.000013,
-0.025926,
-0.000013,
-0.041451,
-0.000013,
-0.047630,
-0.000013,
-0.036324,
-0.000013,
-0.017443,
-0.000013,
-0.008007,
-0.000013,
-0.017982,
-0.000013,
-0.001722,
-0.000013,
0.040179,
-0.000013,
0.077712,
-0.000013,
0.056606,
-0.000013,
-0.017383,
-0.000013,
-0.073056,
-0.000013,
-0.072529,
-0.000013,
-0.040876,
-0.000013,
-0.009283,
-0.000013,
0.028036,
-0.000013,
0.060510,
-0.000013,
0.067742,
-0.000013,
0.042625,
-0.000013,
0.011446,
-0.000013,
-0.007507,
-0.000013,
-0.014928,
-0.000013,
-0.016126,
-0.000013,
-0.010746,
-0.000013,
0.001298,
-0.000013,
0.001576,
-0.000013,
-0.024153,
-0.000013,
-0.059722,
-0.000013,
-0.054306,
-0.000013,
-0.007333,
-0.000013,
0.033839,
-0.000013,
0.036307,
-0.000013,
0.010039,
-0.000013,
-0.022802,
-0.000013,
-0.029615,
-0.000013,
-0.014659,
-0.000013,
0.007464,
-0.000013,
0.026817,
-0.000013,
0.033714,
-0.000013,
0.034132,
-0.000013,
0.021988,
-0.000013,
-0.000454,
-0.000013,
-0.034683,
-0.000013,
-0.057601,
-0.000013,
-0.032120,
-0.000013,
0.016961,
-0.000013,
0.042199,
-0.000013,
0.028723,
-0.000013,
-0.001219,
-0.000013,
-0.007511,
-0.000013,
0.020088,
-0.000013,
0.061164,
-0.000013,
0.082686,
-0.000013,
0.064983,
-0.000013,
0.013136,
-0.000013,
-0.035778,
-0.000013,
-0.055561,
-0.000013,
-0.043114,
-0.000013,
-0.017138,
-0.000013,
0.010550,
-0.000013,
0.032356,
-0.000013,
0.027863,
-0.000013,
-0.011603,
-0.000013,
-0.051181,
-0.000013,
-0.058657,
-0.000013,
-0.022894,
-0.000013,
0.040895,
-0.000013,
0.074527,
-0.000013,
0.036693,
-0.000013,
-0.036297,
-0.000013,
-0.071810,
-0.000013,
-0.046298,
-0.000013,
-0.010237,
-0.000013,
0.009831,
-0.000013,
0.014568,
-0.000013,
0.003883,
-0.000013,
-0.015503,
-0.000013,
-0.011123,
-0.000013,
0.010160,
-0.000013,
0.023544,
-0.000013,
0.007222,
-0.000013,
-0.031072,
-0.000013,
-0.035978,
-0.000013,
-0.003577,
-0.000013,
0.042074,
-0.000013,
0.058442,
-0.000013,
0.028042,
-0.000013,
-0.020361,
-0.000013,
-0.042154,
-0.000013,
-0.022414,
-0.000013,
0.029015,
-0.000013,
0.063396,
-0.000013,
0.037225,
-0.000013,
-0.029066,
-0.000013,
-0.098270,
-0.000013,
-0.121851,
-0.000013,
-0.076549,
-0.000013,
0.005733,
-0.000013,
0.083524,
-0.000013,
0.094588,
-0.000013,
0.037810,
-0.000013,
-0.024064,
-0.000013,
-0.037236,
-0.000013,
0.003761,
-0.000013,
0.040330,
-0.000013,
0.025551,
-0.000013,
-0.007651,
-0.000013,
-0.033989,
-0.000013,
-0.038625,
-0.000013,
-0.017756,
-0.000013,
0.006300,
-0.000013,
0.018668,
-0.000013,
0.004535,
-0.000013,
-0.007779,
-0.000013,
-0.014367,
-0.000013,
-0.012115,
-0.000013,
-0.000478,
-0.000013,
0.007469,
-0.000013,
0.010651,
-0.000013,
0.003364,
-0.000013,
-0.010237,
-0.000013,
-0.013913,
-0.000013,
-0.001477,
-0.000013,
0.012654,
-0.000013,
0.016262,
-0.000013,
0.005647,
-0.000013,
-0.004009,
-0.000013,
0.007280,
-0.000013,
0.031251,
-0.000013,
0.050800,
-0.000013,
0.041954,
-0.000013,
0.002827,
-0.000013,
-0.027990,
-0.000013,
-0.042090,
-0.000013,
-0.050409,
-0.000013,
-0.063579,
-0.000013,
-0.064573,
-0.000013,
-0.020976,
-0.000013,
0.045725,
-0.000013,
0.091251,
-0.000013,
0.083868,
-0.000013,
0.038540,
-0.000013,
-0.006141,
-0.000013,
-0.031357,
-0.000013,
-0.037383,
-0.000013,
-0.032444,
-0.000013,
-0.026239,
-0.000013,
-0.019922,
-0.000013,
-0.010415,
-0.000013,
0.001008,
-0.000013,
0.008691,
-0.000013,
0.001543,
-0.000013,
-0.010348,
-0.000013,
-0.003104,
-0.000013,
0.019288,
-0.000013,
0.027900,
-0.000013,
0.023398,
-0.000013,
0.012489,
-0.000013,
-0.003065,
-0.000013,
-0.008271,
-0.000013,
-0.008037,
-0.000013,
-0.003080,
-0.000013,
-0.008188,
-0.000013,
-0.028265,
-0.000013,
-0.033122,
-0.000013,
-0.004559,
-0.000013,
0.028682,
-0.000013,
0.043835,
-0.000013,
0.032825,
-0.000013,
0.012525,
-0.000013,
-0.000526,
-0.000013,
0.002726,
-0.000013,
0.016658,
-0.000013,
0.018681,
-0.000013,
0.004164,
-0.000013,
-0.017121,
-0.000013,
-0.024223,
-0.000013,
-0.013691,
-0.000013,
0.003973,
-0.000013,
0.004098,
-0.000013,
-0.003139,
-0.000013,
-0.004103,
-0.000013,
0.003999,
-0.000013,
0.022777,
-0.000013,
0.046213,
-0.000013,
0.053859,
-0.000013,
0.029401,
-0.000013,
-0.019518,
-0.000013,
-0.058941,
-0.000013,
-0.056700,
-0.000013,
-0.030277,
-0.000013,
-0.001146,
-0.000013,
0.018149,
-0.000013,
0.017918,
-0.000013,
0.013445,
-0.000013,
0.010355,
-0.000013,
0.011208,
-0.000013,
0.011833,
-0.000013,
0.009951,
-0.000013,
-0.002728,
-0.000013,
-0.025597,
-0.000013,
-0.045558,
-0.000013,
-0.045498,
-0.000013,
-0.019228,
-0.000013,
0.007153,
-0.000013,
0.017001,
-0.000013,
0.016096,
-0.000013,
0.002098,
-0.000013,
-0.005652,
-0.000013,
-0.001895,
-0.000013,
-0.001574,
-0.000013,
-0.012183,
-0.000013,
-0.031854,
-0.000013,
-0.037591,
-0.000013,
-0.013918,
-0.000013,
0.018745,
-0.000013,
0.045351,
-0.000013,
0.058410,
-0.000013,
0.053484,
-0.000013,
0.034079,
-0.000013,
0.005892,
-0.000013,
-0.025821,
-0.000013,
-0.044880,
-0.000013,
-0.047759,
-0.000013,
-0.033272,
-0.000013,
-0.022786,
-0.000013,
-0.016508,
-0.000013,
-0.017435,
-0.000013,
-0.020613,
-0.000013,
-0.009587,
-0.000013,
0.013311,
-0.000013,
0.032635,
-0.000013,
0.030095,
-0.000013,
0.012626,
-0.000013,
0.000495,
-0.000013,
0.001888,
-0.000013,
0.011005,
-0.000013,
0.014101,
-0.000013,
0.009911,
-0.000013,
0.000731,
-0.000013,
-0.004031,
-0.000013,
0.002325,
-0.000013,
0.009475,
-0.000013,
0.010971,
-0.000013,
-0.002540,
-0.000013,
-0.026217,
-0.000013,
-0.029561,
-0.000013,
-0.006685,
-0.000013,
0.029505,
-0.000013,
0.051721,
-0.000013,
0.042020,
-0.000013,
0.024211,
-0.000013,
0.006065,
-0.000013,
-0.011811,
-0.000013,
-0.025743,
-0.000013,
-0.029562,
-0.000013,
-0.019226,
-0.000013,
-0.008608,
-0.000013,
-0.003675,
-0.000013,
0.002614,
-0.000013,
0.010395,
-0.000013,
0.002521,
-0.000013,
-0.019266,
-0.000013,
-0.035820,
-0.000013,
-0.031022,
-0.000013,
-0.009789,
-0.000013,
0.018015,
-0.000013,
0.040373,
-0.000013,
0.051759,
-0.000013,
0.040549,
-0.000013,
0.005252,
-0.000013,
-0.025351,
-0.000013,
-0.029619,
-0.000013,
-0.016869,
-0.000013,
-0.012136,
-0.000013,
-0.019527,
-0.000013,
-0.036050,
-0.000013,
-0.040466,
-0.000013,
-0.028360,
-0.000013,
-0.010659,
-0.000013,
0.012158,
-0.000013,
0.013804,
-0.000013,
-0.000599,
-0.000013,
-0.014285,
-0.000013,
-0.012044,
-0.000013,
0.005835,
-0.000013,
0.014399,
-0.000013,
0.009770,
-0.000013,
0.001808,
-0.000013,
0.003249,
-0.000013,
0.010936,
-0.000013,
0.016691,
-0.000013,
0.020663,
-0.000013,
0.019381,
-0.000013,
0.001496,
-0.000013,
-0.022923,
-0.000013,
-0.025871,
-0.000013,
-0.003433,
-0.000013,
0.020459,
-0.000013,
0.026818,
-0.000013,
0.009497,
-0.000013,
-0.011022,
-0.000013,
-0.024947,
-0.000013,
-0.027356,
-0.000013,
-0.013694,
-0.000013,
-0.005856,
-0.000013,
0.002071,
-0.000013,
0.007819,
-0.000013,
0.005719,
-0.000013,
0.007652,
-0.000013,
0.008244,
-0.000013,
0.008472,
-0.000013,
0.011542,
-0.000013,
0.011872,
-0.000013,
0.009791,
-0.000013,
0.001184,
-0.000013,
-0.004632,
-0.000013,
-0.009022,
-0.000013,
-0.008126,
-0.000013,
0.008245,
-0.000013,
0.028922,
-0.000013,
0.027569,
-0.000013,
0.000570,
-0.000013,
-0.027724,
-0.000013,
-0.034693,
-0.000013,
-0.017583,
-0.000013,
0.000776,
-0.000013,
0.011099,
-0.000013,
0.010810,
-0.000013,
0.012667,
-0.000013,
0.015716,
-0.000013,
0.023735,
-0.000013,
0.014406,
-0.000013,
-0.002690,
-0.000013,
-0.029206,
-0.000013,
-0.052590,
-0.000013,
-0.048827,
-0.000013,
-0.026745,
-0.000013,
0.001627,
-0.000013,
0.022868,
-0.000013,
0.030783,
-0.000013,
0.025571,
-0.000013,
0.016518,
-0.000013,
0.012277,
-0.000013,
0.014576,
-0.000013,
0.011441,
-0.000013,
0.000022,
-0.000013,
-0.015144,
-0.000013,
-0.024886,
-0.000013,
-0.017448,
-0.000013,
0.000886,
-0.000013,
0.014939,
-0.000013,
0.014051,
-0.000013,
0.005502,
-0.000013,
-0.004763,
-0.000013,
-0.010356,
-0.000013,
-0.010909,
-0.000013,
-0.007713,
-0.000013,
0.002536,
-0.000013,
0.012994,
-0.000013,
0.022029,
-0.000013,
0.026857,
-0.000013,
0.025298,
-0.000013,
0.013902,
-0.000013,
-0.001375,
-0.000013,
-0.018340,
-0.000013,
-0.021172,
-0.000013,
-0.011535,
-0.000013,
0.006064,
-0.000013,
0.014767,
-0.000013,
0.011411,
-0.000013,
0.005321,
-0.000013,
-0.005136,
-0.000013,
-0.002896,
-0.000013,
0.016073,
-0.000013,
0.025234,
-0.000013,
0.020269,
-0.000013,
0.002345,
-0.000013,
-0.015891,
-0.000013,
-0.014484,
-0.000013,
-0.002335,
-0.000013,
0.008629,
-0.000013,
0.006932,
-0.000013,
-0.001827,
-0.000013,
-0.012599,
-0.000013,
-0.019345,
-0.000013,
-0.012358,
-0.000013,
-0.006711,
-0.000013,
-0.011929,
-0.000013,
-0.022059,
-0.000013,
-0.019523,
-0.000013,
-0.004846,
-0.000013,
0.016483,
-0.000013,
0.033116,
-0.000013,
0.037657,
-0.000013,
0.023408,
-0.000013,
0.004115,
-0.000013,
-0.015821,
-0.000013,
-0.025871,
-0.000013,
-0.017189,
-0.000013,
-0.000404,
-0.000013,
0.009000,
-0.000013,
-0.004128,
-0.000013,
-0.014827,
-0.000013,
-0.012833,
-0.000013,
-0.004109,
-0.000013,
0.011201,
-0.000013,
0.017745,
-0.000013,
0.013796,
-0.000013,
-0.001585,
-0.000013,
-0.011796,
-0.000013,
-0.010311,
-0.000013,
-0.004469,
-0.000013,
-0.000521,
-0.000013,
0.001359,
-0.000013,
0.001561,
-0.000013,
-0.003741,
-0.000013,
-0.010998,
-0.000013,
-0.016543,
-0.000013,
-0.013361,
-0.000013,
-0.010253,
-0.000013,
-0.006705,
-0.000013,
-0.001586,
-0.000013,
-0.002006,
-0.000013,
-0.000161,
-0.000013,
-0.001025,
-0.000013,
-0.001427,
-0.000013,
-0.001325,
-0.000013,
0.010490,
-0.000013,
0.018816,
-0.000013,
0.013428,
-0.000013,
0.007970,
-0.000013,
0.008474,
-0.000013,
0.013549,
-0.000013,
0.007884,
-0.000013,
-0.003514,
-0.000013,
-0.010079,
-0.000013,
-0.010591,
-0.000013,
-0.002657,
-0.000013,
0.007430,
-0.000013,
0.009672,
-0.000013,
0.006750,
-0.000013,
0.004368,
-0.000013,
0.006259,
-0.000013,
0.013956,
-0.000013,
0.020726,
-0.000013,
0.008680,
-0.000013,
-0.008997,
-0.000013,
-0.017308,
-0.000013,
-0.010976,
-0.000013,
0.002139,
-0.000013,
0.001012,
-0.000013,
-0.010569,
-0.000013,
-0.021532,
-0.000013,
-0.019612,
-0.000013,
-0.002197,
-0.000013,
0.015463,
-0.000013,
0.021478,
-0.000013,
0.013135,
-0.000013,
0.002110,
-0.000013,
-0.011342,
-0.000013,
-0.015519,
-0.000013,
-0.005020,
-0.000013,
0.003039,
-0.000013,
0.009289,
-0.000013,
0.006905,
-0.000013,
0.001020,
-0.000013,
-0.008735,
-0.000013,
-0.016052,
-0.000013,
-0.016051,
-0.000013,
-0.015263,
-0.000013,
-0.013634,
-0.000013,
-0.011262,
-0.000013,
-0.008213,
-0.000013,
-0.002722,
-0.000013,
0.005141,
-0.000013,
0.010794,
-0.000013,
0.013412,
-0.000013,
0.020071,
-0.000013,
0.020224,
-0.000013,
0.008301,
-0.000013,
-0.005010,
-0.000013,
-0.017736,
-0.000013,
-0.020885,
-0.000013,
-0.013767,
-0.000013,
-0.006214,
-0.000013,
0.007266,
-0.000013,
0.005935,
-0.000013,
-0.000264,
-0.000013,
-0.001796,
-0.000013,
-0.006705,
-0.000013,
-0.006635,
-0.000013,
0.000839,
-0.000013,
0.010573,
-0.000013,
0.017564,
-0.000013,
0.019004,
-0.000013,
0.014180,
-0.000013,
-0.000422,
-0.000013,
-0.013846,
-0.000013,
-0.016537,
-0.000013,
-0.006056,
-0.000013,
0.006332,
-0.000013,
0.011144,
-0.000013,
0.007880,
-0.000013,
0.000049,
-0.000013,
-0.007128,
-0.000013,
-0.009327,
-0.000013,
-0.001990,
-0.000013,
0.010161,
-0.000013,
0.015346,
-0.000013,
0.014274,
-0.000013,
0.005691,
-0.000013,
-0.008515,
-0.000013,
-0.015073,
-0.000013,
-0.014555,
-0.000013,
-0.015563,
-0.000013,
-0.010509,
-0.000013,
0.001613,
-0.000013,
0.012756,
-0.000013,
0.017127,
-0.000013,
0.006097,
-0.000013,
-0.009771,
-0.000013,
-0.017972,
-0.000013,
-0.017123,
-0.000013,
-0.004042,
-0.000013,
0.006777,
-0.000013,
0.017591,
-0.000013,
0.016478,
-0.000013,
0.008962,
-0.000013,
-0.000425,
-0.000013,
-0.015357,
-0.000013,
-0.020239,
-0.000013,
-0.019153,
-0.000013,
-0.007593,
-0.000013,
0.002826,
-0.000013,
0.010154,
-0.000013,
0.018865,
-0.000013,
0.026997,
-0.000013,
0.029213,
-0.000013,
0.023944,
-0.000013,
0.005817,
-0.000013,
-0.012464,
-0.000013,
-0.016907,
-0.000013,
-0.009895,
-0.000013,
-0.001245,
-0.000013,
0.002824,
-0.000013,
-0.000296,
-0.000013,
-0.008401,
-0.000013,
-0.016816,
-0.000013,
-0.016077,
-0.000013,
-0.008630,
-0.000013,
-0.001342,
-0.000013,
0.004566,
-0.000013,
0.003175,
-0.000013,
0.007188,
-0.000013,
0.018691,
-0.000013,
0.023601,
-0.000013,
0.014676,
-0.000013,
-0.003552,
-0.000013,
-0.014816,
-0.000013,
-0.014868,
-0.000013,
-0.010797,
-0.000013,
0.001600,
-0.000013,
0.004534,
-0.000013,
0.000974,
-0.000013,
-0.008884,
-0.000013,
-0.013453,
-0.000013,
-0.008119,
-0.000013,
0.001794,
-0.000013,
0.012387,
-0.000013,
0.014444,
-0.000013,
0.015488,
-0.000013,
0.013527,
-0.000013,
0.010623,
-0.000013,
0.005329,
-0.000013,
-0.006029,
-0.000013,
-0.016902,
-0.000013,
-0.021266,
-0.000013,
-0.015572,
-0.000013,
-0.007035,
-0.000013,
-0.000934,
-0.000013,
0.000173,
-0.000013,
-0.003736,
-0.000013,
0.000493,
-0.000013,
0.009474,
-0.000013,
0.011159,
-0.000013,
0.007280,
-0.000013,
-0.000732,
-0.000013,
-0.008742,
-0.000013,
-0.009517,
-0.000013,
-0.004602,
-0.000013,
-0.001307,
-0.000013,
-0.002215,
-0.000013,
-0.004836,
-0.000013,
0.000431,
-0.000013,
0.009232,
-0.000013,
0.004284,
-0.000013,
-0.002680,
-0.000013,
-0.006202,
-0.000013,
-0.006353,
-0.000013,
-0.001548,
-0.000013,
0.005223,
-0.000013,
0.011436,
-0.000013,
0.004962,
-0.000013,
-0.008227,
-0.000013,
-0.013950,
-0.000013,
-0.014519,
-0.000013,
-0.005119,
-0.000013,
0.009749,
-0.000013,
0.014327,
-0.000013,
0.008113,
-0.000013,
-0.001272,
-0.000013,
-0.010500,
-0.000013,
-0.008860,
-0.000013,
-0.003173,
-0.000013,
0.002946,
-0.000013,
0.003238,
-0.000013,
0.001155,
-0.000013,
0.000155,
-0.000013,
0.003446,
-0.000013,
0.008992,
-0.000013,
0.006245,
-0.000013,
0.001642,
-0.000013,
-0.003555,
-0.000013,
-0.002719,
-0.000013,
0.003048,
-0.000013,
0.010697,
-0.000013,
0.014391,
-0.000013,
0.007056,
-0.000013,
-0.005828,
-0.000013,
-0.017245,
-0.000013,
-0.015597,
-0.000013,
0.000707,
-0.000013,
0.012497,
-0.000013,
0.011053,
-0.000013,
-0.003977,
-0.000013,
-0.015710,
-0.000013,
-0.012717,
-0.000013,
0.001382,
-0.000013,
0.011157,
-0.000013,
0.015687,
-0.000013,
0.011807,
-0.000013,
0.004359,
-0.000013,
-0.002960,
-0.000013,
-0.006577,
-0.000013,
-0.002818,
-0.000013,
0.000013,
-0.000013,
-0.000943,
-0.000013,
-0.000509,
-0.000013,
-0.001230,
-0.000013,
0.001727,
-0.000013,
0.005432,
-0.000013,
0.009770,
-0.000013,
0.011298,
-0.000013,
0.000396,
-0.000013,
-0.012388,
-0.000013,
-0.016927,
-0.000013,
-0.011347,
-0.000013,
0.000100,
-0.000013,
0.006788,
-0.000013,
0.008418,
-0.000013,
0.005762,
-0.000013,
0.003311,
-0.000013,
0.000251,
-0.000013,
-0.003433,
-0.000013,
-0.007556,
-0.000013,
-0.010607,
-0.000013,
-0.006179,
-0.000013,
0.002819,
-0.000013,
0.011863,
-0.000013,
0.016304,
-0.000013,
0.008795,
-0.000013,
-0.006723,
-0.000013,
-0.011607,
-0.000013,
-0.008287,
-0.000013,
-0.003662,
-0.000013,
0.005237,
-0.000013,
0.012251,
-0.000013,
0.014095,
-0.000013,
0.008701,
-0.000013,
0.003018,
-0.000013,
0.000490,
-0.000013,
-0.004690,
-0.000013,
-0.005664,
-0.000013,
-0.006300,
-0.000013,
0.002912,
-0.000013,
0.011351,
-0.000013,
0.017679,
-0.000013,
0.017594,
-0.000013,
0.010091,
-0.000013,
-0.000954,
-0.000013,
-0.010585,
-0.000013,
-0.009896,
-0.000013,
-0.001699,
-0.000013,
-0.002930,
-0.000013,
-0.005771,
-0.000013,
-0.005762,
-0.000013,
-0.001487,
-0.000013,
0.001392,
-0.000013,
-0.000150,
-0.000013,
0.000437,
-0.000013,
-0.001278,
-0.000013,
-0.001836,
-0.000013,
-0.000617,
-0.000013,
0.003797,
-0.000013,
0.006750,
-0.000013,
0.004167,
-0.000013,
-0.000738,
-0.000013,
-0.004496,
-0.000013,
-0.006712,
-0.000013,
-0.005627,
-0.000013,
-0.002279,
-0.000013,
-0.006467,
-0.000013,
-0.006790,
-0.000013,
-0.008507,
-0.000013,
-0.001566,
-0.000013,
0.007369,
-0.000013,
0.008670,
-0.000013,
-0.001721,
-0.000013,
-0.007306,
-0.000013,
-0.006878,
-0.000013,
-0.000792,
-0.000013,
0.007167,
-0.000013,
0.004025,
-0.000013,
-0.004101,
-0.000013,
-0.009714,
-0.000013,
-0.013724,
-0.000013,
-0.010005,
-0.000013,
0.001143,
-0.000013,
0.010403,
-0.000013,
0.011921,
-0.000013,
0.007479,
-0.000013,
0.001696,
-0.000013,
-0.001890,
-0.000013,
0.000690,
-0.000013,
0.001311,
-0.000013,
-0.003456,
-0.000013,
-0.005312,
-0.000013,
0.000666,
-0.000013,
0.005832,
-0.000013,
0.005769,
-0.000013,
0.002314,
-0.000013,
0.001674,
-0.000013,
-0.001845,
-0.000013,
-0.005847,
-0.000013,
0.000854,
-0.000013,
0.009565,
-0.000013,
0.008442,
-0.000013,
0.003783,
-0.000013,
-0.000984,
-0.000013,
0.002981,
-0.000013,
0.008992,
-0.000013,
0.010135,
-0.000013,
0.010514,
-0.000013,
0.005519,
-0.000013,
0.004130,
-0.000013,
0.000516,
-0.000013,
-0.004376,
-0.000013,
-0.008359,
-0.000013,
-0.011605,
-0.000013,
-0.008600,
-0.000013,
-0.006796,
-0.000013,
0.000665,
-0.000013,
0.008978,
-0.000013,
0.007634,
-0.000013,
0.006980,
-0.000013,
0.008815,
-0.000013,
0.002963,
-0.000013,
-0.006988,
-0.000013,
-0.015033,
-0.000013,
-0.012921,
-0.000013,
-0.005505,
-0.000013,
-0.002499,
-0.000013,
-0.003261,
-0.000013,
-0.000553,
-0.000013,
0.006662,
-0.000013,
0.009742,
-0.000013,
0.003957,
-0.000013,
0.003038,
-0.000013,
0.001680,
-0.000013,
0.001359,
-0.000013,
-0.000564,
-0.000013,
-0.002912,
-0.000013,
-0.000331,
-0.000013,
0.001086,
-0.000013,
-0.000832,
-0.000013,
-0.005810,
-0.000013,
-0.005751,
-0.000013,
-0.008324,
-0.000013,
-0.006359,
-0.000013,
-0.002213,
-0.000013,
0.001584,
-0.000013,
0.003633,
-0.000013,
0.000694,
-0.000013,
-0.000141,
-0.000013,
-0.003624,
-0.000013,
-0.002084,
-0.000013,
-0.002156,
-0.000013,
-0.003085,
-0.000013,
-0.000927,
-0.000013,
-0.001357,
-0.000013,
-0.000503,
-0.000013,
0.000938,
-0.000013,
0.004543,
-0.000013,
0.005663,
-0.000013,
0.003051,
-0.000013,
-0.001312,
-0.000013,
0.000151,
-0.000013,
0.002623,
-0.000013,
0.004500,
-0.000013,
0.003660,
-0.000013,
0.003949,
-0.000013,
0.003624,
-0.000013,
0.006358,
-0.000013,
0.007020,
-0.000013,
0.006332,
-0.000013,
0.002702,
-0.000013,
-0.005088,
-0.000013,
-0.004027,
-0.000013,
-0.000791,
-0.000013,
0.002045,
-0.000013,
0.005719,
-0.000013,
0.004526,
-0.000013,
0.001171,
-0.000013,
0.001089,
-0.000013,
-0.001231,
-0.000013,
-0.000288,
-0.000013,
0.000358,
-0.000013,
-0.001123,
-0.000013,
0.002006,
-0.000013,
0.001556,
-0.000013,
0.000383,
-0.000013,
0.002813,
-0.000013,
-0.002238,
-0.000013,
-0.000878,
-0.000013,
0.000242,
-0.000013,
0.001341,
-0.000013,
0.002340,
-0.000013,
-0.000497,
-0.000013,
-0.002599,
-0.000013,
-0.006463,
-0.000013,
-0.009782,
-0.000013,
-0.006241,
-0.000013,
-0.000682,
-0.000013,
0.009099,
-0.000013,
0.008992,
-0.000013,
0.004451,
-0.000013,
0.000041,
-0.000013,
-0.005089,
-0.000013,
-0.004422,
-0.000013,
-0.000263,
-0.000013,
0.003708,
-0.000013,
0.003318,
-0.000013,
0.002571,
-0.000013,
0.000890,
-0.000013,
-0.003696,
-0.000013,
-0.000467,
-0.000013,
0.003576,
-0.000013,
0.003674,
-0.000013,
0.003952,
-0.000013,
0.003812,
-0.000013,
0.001779,
-0.000013,
-0.001133,
-0.000013,
-0.002757,
-0.000013,
-0.004703,
-0.000013,
-0.003075,
-0.000013,
0.002314,
-0.000013,
0.002325,
-0.000013,
0.003763,
-0.000013,
0.002114,
-0.000013,
-0.001272,
-0.000013,
-0.001930,
-0.000013,
-0.005360,
-0.000013,
0.000597,
-0.000013,
0.002739,
-0.000013,
0.001409,
-0.000013,
0.006356,
-0.000013,
0.009372,
-0.000013,
0.004341,
-0.000013,
0.003141,
-0.000013,
0.000617,
-0.000013,
-0.006049,
-0.000013,
-0.006673,
-0.000013,
-0.003602,
-0.000013,
-0.001255,
-0.000013,
-0.001722,
-0.000013,
0.000619,
-0.000013,
0.000609,
-0.000013,
-0.000182,
-0.000013,
0.002188,
-0.000013,
0.012941,
-0.000013,
0.012770,
-0.000013,
0.007787,
-0.000013,
-0.001491,
-0.000013,
-0.005179,
-0.000013,
-0.005211,
-0.000013,
-0.001962,
-0.000013,
0.004538,
-0.000013,
0.005060,
-0.000013,
0.004378,
-0.000013,
-0.000522,
-0.000013,
-0.001982,
-0.000013,
-0.003498,
-0.000013,
-0.007242,
-0.000013,
-0.005275,
-0.000013,
-0.005910,
-0.000013,
-0.005535,
-0.000013,
-0.001240,
-0.000013,
0.001589,
-0.000013,
0.001853,
-0.000013,
0.006330,
-0.000013,
0.008309,
-0.000013,
0.006698,
-0.000013,
0.001381,
-0.000013,
-0.002825,
-0.000013,
-0.001356,
-0.000013,
-0.004329,
-0.000013,
-0.004974,
-0.000013,
-0.004389,
-0.000013,
-0.001802,
-0.000013,
0.004552,
-0.000013,
0.005885,
-0.000013,
