0.000024,
0.000002,
0.000019,
0.000002,
0.000102,
0.000002,
0.000023,
0.000002,
0.000009,
0.000002,
0.000025,
0.000002,
0.000033,
0.000002,
0.000022,
0.000002,
0.000028,
0.000002,
0.000047,
0.000002,
0.000049,
0.000002,
0.000052,
0.000002,
0.000059,
0.000002,
0.000053,
0.000002,
0.000065,
0.000002,
0.000051,
0.000002,
0.000043,
0.000002,
0.000017,
0.000002,
-0.000003,
0.000002,
0.000000,
0.000002,
0.000009,
0.000002,
-0.000004,
0.000002,
-0.000006,
0.000002,
-0.000025,
0.000002,
-0.000044,
0.000002,
-0.000039,
0.000002,
-0.000038,
0.000002,
-0.000042,
0.000002,
-0.000043,
0.000002,
-0.000030,
0.000002,
-0.000024,
0.000002,
-0.000026,
0.000002,
-0.000041,
0.000002,
-0.000042,
0.000002,
-0.000035,
0.000002,
0.000114,
0.000002,
0.000493,
0.000002,
0.001118,
0.000002,
0.001836,
0.000002,
0.002431,
0.000002,
0.002672,
0.000002,
0.002508,
0.000002,
0.002106,
0.000002,
0.001674,
0.000002,
0.001353,
0.000002,
0.001155,
0.000002,
0.001102,
0.000002,
0.001170,
0.000002,
0.001273,
0.000002,
0.001353,
0.000002,
0.001388,
0.000002,
0.001420,
0.000002,
0.001509,
0.000002,
0.001701,
0.000002,
0.001971,
0.000002,
0.002242,
0.000002,
0.002343,
0.000002,
0.002206,
0.000002,
0.001824,
0.000002,
0.001329,
0.000002,
0.000862,
0.000002,
0.000278,
0.000002,
-0.002709,
0.000002,
-0.011282,
0.000002,
-0.022045,
0.000002,
-0.026702,
0.000002,
-0.020824,
0.000002,
-0.007773,
0.000002,
0.005272,
0.000002,
0.012713,
0.000002,
0.013126,
0.000002,
0.009302,
0.000002,
0.005340,
0.000002,
0.003466,
0.000002,
0.003519,
0.000002,
0.004139,
0.000002,
0.003965,
0.000002,
0.002204,
0.000002,
-0.000921,
0.000002,
-0.004127,
0.000002,
-0.006677,
0.000002,
-0.008345,
0.000002,
-0.008336,
0.000002,
-0.005997,
0.000002,
-0.002025,
0.000002,
0.002525,
0.000002,
0.006454,
0.000002,
0.008276,
0.000002,
0.007078,
0.000002,
0.003083,
0.000002,
-0.001739,
0.000002,
-0.003444,
0.000002,
0.000500,
0.000002,
0.007989,
0.000002,
0.013749,
0.000002,
0.013464,
0.000002,
0.006864,
0.000002,
-0.002895,
0.000002,
-0.011700,
0.000002,
-0.016863,
0.000002,
-0.018197,
0.000002,
-0.017335,
0.000002,
-0.015835,
0.000002,
-0.014423,
0.000002,
-0.013262,
0.000002,
-0.012064,
0.000002,
-0.010411,
0.000002,
-0.008268,
0.000002,
-0.006220,
0.000002,
-0.004790,
0.000002,
-0.003935,
0.000002,
-0.003204,
0.000002,
-0.002406,
0.000002,
-0.001957,
0.000002,
-0.002339,
0.000002,
-0.003725,
0.000002,
-0.005615,
0.000002,
-0.006285,
0.000002,
-0.004036,
0.000002,
0.000615,
0.000002,
0.005124,
0.000002,
0.006649,
0.000002,
0.004323,
0.000002,
-0.000065,
0.000002,
-0.003667,
0.000002,
-0.004821,
0.000002,
-0.003637,
0.000002,
-0.001343,
0.000002,
0.000621,
0.000002,
0.001323,
0.000002,
0.000563,
0.000002,
-0.001020,
0.000002,
-0.002097,
0.000002,
-0.001328,
0.000002,
0.001546,
0.000002,
0.005191,
0.000002,
0.008076,
0.000002,
0.010309,
0.000002,
0.012721,
0.000002,
0.015366,
0.000002,
0.017382,
0.000002,
0.017890,
0.000002,
0.016811,
0.000002,
0.014965,
0.000002,
0.013516,
0.000002,
0.013108,
0.000002,
0.013255,
0.000002,
0.012623,
0.000002,
0.010557,
0.000002,
0.007804,
0.000002,
0.005745,
0.000002,
0.005527,
0.000002,
0.007316,
0.000002,
0.010015,
0.000002,
0.011124,
0.000002,
0.009602,
0.000002,
0.007516,
0.000002,
0.007009,
0.000002,
0.007822,
0.000002,
0.008563,
0.000002,
0.008338,
0.000002,
0.007129,
0.000002,
0.005633,
0.000002,
0.004900,
0.000002,
0.005062,
0.000002,
0.005272,
0.000002,
0.004572,
0.000002,
0.002303,
0.000002,
-0.001463,
0.000002,
-0.005404,
0.000002,
-0.007089,
0.000002,
-0.005597,
0.000002,
-0.002666,
0.000002,
-0.000606,
0.000002,
-0.000308,
0.000002,
-0.001536,
0.000002,
-0.003092,
0.000002,
-0.003655,
0.000002,
-0.002762,
0.000002,
-0.001371,
0.000002,
-0.000777,
0.000002,
-0.001457,
0.000002,
-0.002227,
0.000002,
-0.001636,
0.000002,
-0.000040,
0.000002,
0.000862,
0.000002,
0.000103,
0.000002,
-0.001643,
0.000002,
-0.002875,
0.000002,
-0.002490,
0.000002,
-0.001257,
0.000002,
-0.001066,
0.000002,
-0.003045,
0.000002,
-0.006673,
0.000002,
-0.010722,
0.000002,
-0.013738,
0.000002,
-0.014105,
0.000002,
-0.011426,
0.000002,
-0.007139,
0.000002,
-0.003426,
0.000002,
-0.001858,
0.000002,
-0.002648,
0.000002,
-0.004677,
0.000002,
-0.006182,
0.000002,
-0.005939,
0.000002,
-0.003956,
0.000002,
-0.001357,
0.000002,
0.000235,
0.000002,
-0.000017,
0.000002,
-0.001549,
0.000002,
-0.003314,
0.000002,
-0.004846,
0.000002,
-0.006252,
0.000002,
-0.007292,
0.000002,
-0.007570,
0.000002,
-0.007320,
0.000002,
-0.007283,
0.000002,
-0.008170,
0.000002,
-0.010050,
0.000002,
-0.012094,
0.000002,
-0.013004,
0.000002,
-0.011901,
0.000002,
-0.008715,
0.000002,
-0.004271,
0.000002,
0.000109,
0.000002,
0.003102,
0.000002,
0.003808,
0.000002,
0.002407,
0.000002,
0.000182,
0.000002,
-0.001617,
0.000002,
-0.002609,
0.000002,
-0.003165,
0.000002,
-0.003661,
0.000002,
-0.004215,
0.000002,
-0.004971,
0.000002,
-0.005742,
0.000002,
-0.005924,
0.000002,
-0.005017,
0.000002,
-0.003322,
0.000002,
-0.001831,
0.000002,
-0.001449,
0.000002,
-0.002011,
0.000002,
-0.002497,
0.000002,
-0.002071,
0.000002,
-0.001191,
0.000002,
-0.000619,
0.000002,
-0.000325,
0.000002,
0.000332,
0.000002,
0.001872,
0.000002,
0.003896,
0.000002,
0.005343,
0.000002,
0.005236,
0.000002,
0.003472,
0.000002,
0.000704,
0.000002,
-0.001884,
0.000002,
-0.003248,
0.000002,
-0.002870,
0.000002,
-0.000871,
0.000002,
0.002374,
0.000002,
0.006267,
0.000002,
0.009951,
0.000002,
0.012334,
0.000002,
0.013037,
0.000002,
0.012617,
0.000002,
0.011746,
0.000002,
0.010665,
0.000002,
0.009318,
0.000002,
0.007629,
0.000002,
0.005961,
0.000002,
0.004741,
0.000002,
0.003870,
0.000002,
0.003044,
0.000002,
0.002435,
0.000002,
0.002781,
0.000002,
0.004490,
0.000002,
0.007023,
0.000002,
0.009464,
0.000002,
0.010849,
0.000002,
0.010570,
0.000002,
0.008805,
0.000002,
0.006593,
0.000002,
0.004913,
0.000002,
0.004241,
0.000002,
0.004471,
0.000002,
0.005254,
0.000002,
0.006164,
0.000002,
0.006691,
0.000002,
0.006477,
0.000002,
0.005562,
0.000002,
0.004412,
0.000002,
0.003429,
0.000002,
0.002817,
0.000002,
0.002747,
0.000002,
0.003483,
0.000002,
0.004939,
0.000002,
0.006634,
0.000002,
0.007905,
0.000002,
0.007949,
0.000002,
0.006567,
0.000002,
0.004570,
0.000002,
0.003168,
0.000002,
0.002812,
0.000002,
0.003098,
0.000002,
0.003292,
0.000002,
0.002760,
0.000002,
0.001227,
0.000002,
-0.000869,
0.000002,
-0.002541,
0.000002,
-0.003101,
0.000002,
-0.002444,
0.000002,
-0.001014,
0.000002,
0.000356,
0.000002,
0.000913,
0.000002,
0.000450,
0.000002,
-0.000646,
0.000002,
-0.001807,
0.000002,
-0.002706,
0.000002,
-0.003264,
0.000002,
-0.003581,
0.000002,
-0.003904,
0.000002,
-0.004372,
0.000002,
-0.004996,
0.000002,
-0.005612,
0.000002,
-0.005976,
0.000002,
-0.005870,
0.000002,
-0.005347,
0.000002,
-0.004526,
0.000002,
-0.003559,
0.000002,
-0.002765,
0.000002,
-0.002813,
0.000002,
-0.003874,
0.000002,
-0.005687,
0.000002,
-0.007998,
0.000002,
-0.010138,
0.000002,
-0.010571,
0.000002,
-0.008842,
0.000002,
-0.006325,
0.000002,
-0.004691,
0.000002,
-0.004655,
0.000002,
-0.006086,
0.000002,
-0.008043,
0.000002,
-0.008993,
0.000002,
-0.008191,
0.000002,
-0.006090,
0.000002,
-0.003736,
0.000002,
-0.002117,
0.000002,
-0.001896,
0.000002,
-0.002922,
0.000002,
-0.004370,
0.000002,
-0.005299,
0.000002,
-0.005384,
0.000002,
-0.004713,
0.000002,
-0.003974,
0.000002,
-0.004174,
0.000002,
-0.005744,
0.000002,
-0.007912,
0.000002,
-0.009685,
0.000002,
-0.010612,
0.000002,
-0.010720,
0.000002,
-0.010218,
0.000002,
-0.008922,
0.000002,
-0.006675,
0.000002,
-0.003974,
0.000002,
-0.001781,
0.000002,
-0.000862,
0.000002,
-0.001227,
0.000002,
-0.002186,
0.000002,
-0.003036,
0.000002,
-0.003489,
0.000002,
-0.003417,
0.000002,
-0.002894,
0.000002,
-0.002368,
0.000002,
-0.002352,
0.000002,
-0.002848,
0.000002,
-0.003460,
0.000002,
-0.003907,
0.000002,
-0.003995,
0.000002,
-0.003564,
0.000002,
-0.002831,
0.000002,
-0.002126,
0.000002,
-0.001553,
0.000002,
-0.001063,
0.000002,
-0.000737,
0.000002,
-0.000710,
0.000002,
-0.000915,
0.000002,
-0.000975,
0.000002,
-0.000450,
0.000002,
0.000783,
0.000002,
0.002482,
0.000002,
0.004080,
0.000002,
0.004864,
0.000002,
0.004474,
0.000002,
0.003232,
0.000002,
0.002061,
0.000002,
0.001638,
0.000002,
0.002154,
0.000002,
0.003289,
0.000002,
0.004437,
0.000002,
0.004989,
0.000002,
0.004719,
0.000002,
0.003758,
0.000002,
0.002359,
0.000002,
0.001095,
0.000002,
0.000452,
0.000002,
0.000483,
0.000002,
0.000710,
0.000002,
0.000957,
0.000002,
0.001217,
0.000002,
0.001569,
0.000002,
0.001911,
0.000002,
0.002250,
0.000002,
0.002554,
0.000002,
0.003017,
0.000002,
0.003803,
0.000002,
0.004873,
0.000002,
0.005949,
0.000002,
0.006575,
0.000002,
0.006454,
0.000002,
0.005738,
0.000002,
0.005149,
0.000002,
0.005255,
0.000002,
0.005841,
0.000002,
0.006120,
0.000002,
0.005716,
0.000002,
0.004762,
0.000002,
0.003813,
0.000002,
0.003365,
0.000002,
0.003756,
0.000002,
0.004899,
0.000002,
0.006111,
0.000002,
0.006724,
0.000002,
0.006544,
0.000002,
0.005882,
0.000002,
0.005312,
0.000002,
0.005372,
0.000002,
0.006147,
0.000002,
0.007216,
0.000002,
0.008162,
0.000002,
0.008774,
0.000002,
0.008954,
0.000002,
0.008680,
0.000002,
0.007979,
0.000002,
0.006950,
0.000002,
0.005706,
0.000002,
0.004540,
0.000002,
0.003716,
0.000002,
0.003281,
0.000002,
0.003188,
0.000002,
0.003136,
0.000002,
0.002787,
0.000002,
0.001988,
0.000002,
0.000822,
0.000002,
-0.000368,
0.000002,
-0.001118,
0.000002,
-0.001273,
0.000002,
-0.001012,
0.000002,
-0.000777,
0.000002,
-0.000923,
0.000002,
-0.001334,
0.000002,
-0.001662,
0.000002,
-0.001482,
0.000002,
-0.000773,
0.000002,
0.000004,
0.000002,
0.000332,
0.000002,
0.000215,
0.000002,
-0.000017,
0.000002,
-0.000044,
0.000002,
-0.000054,
0.000002,
-0.000591,
0.000002,
-0.001807,
0.000002,
-0.003336,
0.000002,
-0.004561,
0.000002,
-0.005095,
0.000002,
-0.004990,
0.000002,
-0.004709,
0.000002,
-0.004804,
0.000002,
-0.005437,
0.000002,
-0.006371,
0.000002,
-0.007069,
0.000002,
-0.007055,
0.000002,
-0.006208,
0.000002,
-0.004985,
0.000002,
-0.004002,
0.000002,
-0.003777,
0.000002,
-0.004355,
0.000002,
-0.005248,
0.000002,
-0.005799,
0.000002,
-0.005759,
0.000002,
-0.005314,
0.000002,
-0.004830,
0.000002,
-0.004607,
0.000002,
-0.004762,
0.000002,
-0.005297,
0.000002,
-0.006171,
0.000002,
-0.007402,
0.000002,
-0.008706,
0.000002,
-0.009589,
0.000002,
-0.009668,
0.000002,
-0.009051,
0.000002,
-0.008118,
0.000002,
-0.007349,
0.000002,
-0.006905,
0.000002,
-0.006718,
0.000002,
-0.006378,
0.000002,
-0.005493,
0.000002,
-0.003962,
0.000002,
-0.002273,
0.000002,
-0.001056,
0.000002,
-0.000861,
0.000002,
-0.001767,
0.000002,
-0.003252,
0.000002,
-0.004193,
0.000002,
-0.003685,
0.000002,
-0.002158,
0.000002,
-0.000685,
0.000002,
0.000183,
0.000002,
0.000532,
0.000002,
0.000795,
0.000002,
0.001350,
0.000002,
0.002066,
0.000002,
0.002543,
0.000002,
0.002668,
0.000002,
0.002749,
0.000002,
0.003016,
0.000002,
0.003483,
0.000002,
0.003958,
0.000002,
0.004262,
0.000002,
0.004312,
0.000002,
0.004321,
0.000002,
0.004631,
0.000002,
0.005237,
0.000002,
0.005917,
0.000002,
0.006392,
0.000002,
0.006502,
0.000002,
0.006223,
0.000002,
0.005734,
0.000002,
0.005241,
0.000002,
0.004998,
0.000002,
0.005214,
0.000002,
0.005740,
0.000002,
0.006117,
0.000002,
0.005910,
0.000002,
0.005100,
0.000002,
0.004093,
0.000002,
0.003372,
0.000002,
0.003144,
0.000002,
0.003275,
0.000002,
0.003595,
0.000002,
0.003898,
0.000002,
0.003937,
0.000002,
0.003532,
0.000002,
0.002927,
0.000002,
0.002469,
0.000002,
0.002301,
0.000002,
0.002344,
0.000002,
0.002567,
0.000002,
0.002848,
0.000002,
0.002852,
0.000002,
0.002476,
0.000002,
0.001879,
0.000002,
0.001316,
0.000002,
0.001020,
0.000002,
0.001193,
0.000002,
0.001726,
0.000002,
0.002397,
0.000002,
0.002957,
0.000002,
0.003251,
0.000002,
0.003162,
0.000002,
0.002703,
0.000002,
0.002057,
0.000002,
0.001446,
0.000002,
0.001009,
0.000002,
0.000682,
0.000002,
0.000386,
0.000002,
0.000149,
0.000002,
0.000095,
0.000002,
0.000272,
0.000002,
0.000668,
0.000002,
0.001143,
0.000002,
0.001722,
0.000002,
0.002402,
0.000002,
0.003059,
0.000002,
0.003505,
0.000002,
0.003637,
0.000002,
0.003252,
0.000002,
0.002403,
0.000002,
0.001484,
0.000002,
0.000930,
0.000002,
0.000817,
0.000002,
0.000926,
0.000002,
0.000998,
0.000002,
0.000862,
0.000002,
0.000419,
0.000002,
-0.000406,
0.000002,
-0.001485,
0.000002,
-0.002527,
0.000002,
-0.003157,
0.000002,
-0.003252,
0.000002,
-0.003071,
0.000002,
-0.003006,
0.000002,
-0.003311,
0.000002,
-0.003678,
0.000002,
-0.003693,
0.000002,
-0.003366,
0.000002,
-0.002994,
0.000002,
-0.002697,
0.000002,
-0.002508,
0.000002,
-0.002490,
0.000002,
-0.002708,
0.000002,
-0.003185,
0.000002,
-0.003935,
0.000002,
-0.005017,
0.000002,
-0.006271,
0.000002,
-0.007225,
0.000002,
-0.007557,
0.000002,
-0.007188,
0.000002,
-0.006295,
0.000002,
-0.005357,
0.000002,
-0.004680,
0.000002,
-0.004278,
0.000002,
-0.003928,
0.000002,
-0.003515,
0.000002,
-0.003121,
0.000002,
-0.002921,
0.000002,
-0.003046,
0.000002,
-0.003469,
0.000002,
-0.004076,
0.000002,
-0.004573,
0.000002,
-0.004722,
0.000002,
-0.004489,
0.000002,
-0.004012,
0.000002,
-0.003339,
0.000002,
-0.002510,
0.000002,
-0.001652,
0.000002,
-0.001001,
0.000002,
-0.000767,
0.000002,
-0.000965,
0.000002,
-0.001405,
0.000002,
-0.001788,
0.000002,
-0.001906,
0.000002,
-0.001815,
0.000002,
-0.001626,
0.000002,
-0.001485,
0.000002,
-0.001543,
0.000002,
-0.001831,
0.000002,
-0.002152,
0.000002,
-0.002179,
0.000002,
-0.001657,
0.000002,
-0.000642,
0.000002,
0.000547,
0.000002,
0.001506,
0.000002,
0.001883,
0.000002,
0.001512,
0.000002,
0.000695,
0.000002,
-0.000073,
0.000002,
-0.000378,
0.000002,
-0.000219,
0.000002,
0.000287,
0.000002,
0.000946,
0.000002,
0.001675,
0.000002,
0.002324,
0.000002,
0.002738,
0.000002,
0.002853,
0.000002,
0.002805,
0.000002,
0.002815,
0.000002,
0.002916,
0.000002,
0.003053,
0.000002,
0.003112,
0.000002,
0.003075,
0.000002,
0.003000,
0.000002,
0.002944,
0.000002,
0.002925,
0.000002,
0.003117,
0.000002,
0.003615,
0.000002,
0.004381,
0.000002,
0.005156,
0.000002,
0.005659,
0.000002,
0.005723,
0.000002,
0.005382,
0.000002,
0.004777,
0.000002,
0.004212,
0.000002,
0.003958,
0.000002,
0.004048,
0.000002,
0.004316,
0.000002,
0.004380,
0.000002,
0.004078,
0.000002,
0.003525,
0.000002,
0.002824,
0.000002,
0.002150,
0.000002,
0.001828,
0.000002,
0.001902,
0.000002,
0.002089,
0.000002,
0.002232,
0.000002,
0.002389,
0.000002,
0.002588,
0.000002,
0.002684,
0.000002,
0.002547,
0.000002,
0.002176,
0.000002,
0.001644,
0.000002,
0.001231,
0.000002,
0.001131,
0.000002,
0.001214,
0.000002,
0.001213,
0.000002,
0.000988,
0.000002,
0.000600,
0.000002,
0.000088,
0.000002,
-0.000461,
0.000002,
-0.000945,
0.000002,
-0.001334,
0.000002,
-0.001622,
0.000002,
-0.001870,
0.000002,
-0.002150,
0.000002,
-0.002568,
0.000002,
-0.003115,
0.000002,
-0.003658,
0.000002,
-0.004062,
0.000002,
-0.004214,
0.000002,
-0.004085,
0.000002,
-0.003626,
0.000002,
-0.002949,
0.000002,
-0.002202,
0.000002,
-0.001611,
0.000002,
-0.001372,
0.000002,
-0.001541,
0.000002,
-0.001885,
0.000002,
-0.002117,
0.000002,
-0.002073,
0.000002,
-0.001817,
0.000002,
-0.001497,
0.000002,
-0.001150,
0.000002,
-0.000840,
0.000002,
-0.000576,
0.000002,
-0.000403,
0.000002,
-0.000334,
0.000002,
-0.000392,
0.000002,
-0.000534,
0.000002,
-0.000696,
0.000002,
-0.000779,
0.000002,
-0.000847,
0.000002,
-0.000994,
0.000002,
-0.001193,
0.000002,
-0.001378,
0.000002,
-0.001380,
0.000002,
-0.001059,
0.000002,
-0.000392,
0.000002,
0.000506,
0.000002,
0.001428,
0.000002,
0.002058,
0.000002,
0.002252,
0.000002,
0.001997,
0.000002,
0.001588,
0.000002,
0.001323,
0.000002,
0.001330,
0.000002,
0.001511,
0.000002,
0.001666,
0.000002,
0.001677,
0.000002,
0.001604,
0.000002,
0.001527,
0.000002,
0.001443,
0.000002,
0.001368,
0.000002,
0.001373,
0.000002,
0.001569,
0.000002,
0.001973,
0.000002,
0.002464,
0.000002,
0.002872,
0.000002,
0.002989,
0.000002,
0.002704,
0.000002,
0.002233,
0.000002,
0.001875,
0.000002,
0.001788,
0.000002,
0.001944,
0.000002,
0.002140,
0.000002,
0.002303,
0.000002,
0.002401,
0.000002,
0.002477,
0.000002,
0.002508,
0.000002,
0.002474,
0.000002,
0.002357,
0.000002,
0.002272,
0.000002,
0.002298,
0.000002,
0.002364,
0.000002,
0.002293,
0.000002,
0.001999,
0.000002,
0.001626,
0.000002,
0.001290,
0.000002,
0.001104,
0.000002,
0.001140,
0.000002,
0.001339,
0.000002,
0.001509,
0.000002,
0.001517,
0.000002,
0.001190,
0.000002,
0.000547,
0.000002,
-0.000238,
0.000002,
-0.000925,
0.000002,
-0.001319,
0.000002,
-0.001439,
0.000002,
-0.001465,
0.000002,
-0.001607,
0.000002,
-0.001921,
0.000002,
-0.002346,
0.000002,
-0.002716,
0.000002,
-0.002886,
0.000002,
-0.002840,
0.000002,
-0.002644,
0.000002,
-0.002335,
0.000002,
-0.001944,
0.000002,
-0.001640,
0.000002,
-0.001639,
0.000002,
-0.002025,
0.000002,
-0.002654,
0.000002,
-0.003267,
0.000002,
-0.003693,
0.000002,
-0.003893,
0.000002,
-0.003897,
0.000002,
-0.003776,
0.000002,
-0.003690,
0.000002,
-0.003718,
0.000002,
-0.003865,
0.000002,
-0.003949,
0.000002,
-0.003828,
0.000002,
-0.003449,
0.000002,
-0.002937,
0.000002,
-0.002457,
0.000002,
-0.002168,
0.000002,
-0.001982,
0.000002,
-0.001787,
0.000002,
-0.001390,
0.000002,
-0.000820,
0.000002,
-0.000273,
0.000002,
0.000066,
0.000002,
0.000193,
0.000002,
0.000224,
0.000002,
0.000329,
0.000002,
0.000545,
0.000002,
0.000736,
0.000002,
0.000766,
0.000002,
0.000513,
0.000002,
0.000115,
0.000002,
-0.000248,
0.000002,
-0.000368,
0.000002,
-0.000130,
0.000002,
0.000450,
0.000002,
0.001123,
0.000002,
0.001709,
0.000002,
0.002033,
0.000002,
0.002126,
0.000002,
0.002105,
0.000002,
0.002075,
0.000002,
0.002025,
0.000002,
0.001961,
0.000002,
0.001864,
0.000002,
0.001727,
0.000002,
0.001571,
0.000002,
0.001401,
0.000002,
0.001236,
0.000002,
0.001020,
0.000002,
0.000769,
0.000002,
0.000583,
0.000002,
0.000514,
0.000002,
0.000569,
0.000002,
0.000643,
0.000002,
0.000589,
0.000002,
0.000343,
0.000002,
0.000001,
0.000002,
-0.000308,
0.000002,
-0.000458,
0.000002,
-0.000411,
0.000002,
-0.000231,
0.000002,
-0.000059,
0.000002,
-0.000091,
0.000002,
-0.000313,
0.000002,
-0.000551,
0.000002,
-0.000669,
0.000002,
-0.000693,
0.000002,
-0.000741,
0.000002,
-0.000898,
0.000002,
-0.001115,
0.000002,
-0.001325,
0.000002,
-0.001423,
0.000002,
-0.001428,
0.000002,
-0.001375,
0.000002,
-0.001338,
0.000002,
-0.001358,
0.000002,
-0.001390,
0.000002,
-0.001306,
0.000002,
-0.000990,
0.000002,
-0.000487,
0.000002,
0.000017,
0.000002,
0.000266,
0.000002,
0.000224,
0.000002,
-0.000047,
0.000002,
-0.000346,
0.000002,
-0.000566,
0.000002,
-0.000747,
0.000002,
-0.001007,
0.000002,
-0.001392,
0.000002,
-0.001763,
0.000002,
-0.001982,
0.000002,
-0.001954,
0.000002,
-0.001738,
0.000002,
-0.001387,
0.000002,
-0.001093,
0.000002,
-0.000840,
0.000002,
-0.000673,
0.000002,
-0.000585,
0.000002,
-0.000579,
0.000002,
-0.000598,
0.000002,
-0.000692,
0.000002,
-0.000866,
0.000002,
-0.001113,
0.000002,
-0.001338,
0.000002,
-0.001436,
0.000002,
-0.001388,
0.000002,
-0.001204,
0.000002,
-0.001034,
0.000002,
-0.001010,
0.000002,
-0.001117,
0.000002,
-0.001198,
0.000002,
-0.001162,
0.000002,
-0.000991,
0.000002,
-0.000877,
0.000002,
-0.000895,
0.000002,
-0.001051,
0.000002,
-0.001302,
0.000002,
-0.001510,
0.000002,
-0.001636,
0.000002,
-0.001685,
0.000002,
-0.001667,
0.000002,
-0.001582,
0.000002,
-0.001483,
0.000002,
-0.001409,
0.000002,
-0.001430,
0.000002,
-0.001578,
0.000002,
-0.001828,
0.000002,
-0.002080,
0.000002,
-0.002232,
0.000002,
-0.002243,
0.000002,
-0.002104,
0.000002,
-0.001807,
0.000002,
-0.001446,
0.000002,
-0.001160,
0.000002,
-0.000977,
0.000002,
-0.000938,
0.000002,
-0.000948,
0.000002,
-0.000944,
0.000002,
-0.000844,
0.000002,
-0.000659,
0.000002,
-0.000505,
0.000002,
-0.000472,
0.000002,
-0.000498,
0.000002,
-0.000500,
0.000002,
-0.000393,
0.000002,
-0.000158,
0.000002,
0.000096,
0.000002,
0.000348,
0.000002,
0.000558,
0.000002,
0.000765,
0.000002,
0.000953,
0.000002,
0.001046,
0.000002,
0.001000,
0.000002,
0.000939,
0.000002,
0.001015,
0.000002,
0.001349,
0.000002,
0.001914,
0.000002,
0.002530,
0.000002,
0.003092,
0.000002,
0.003525,
0.000002,
0.003840,
0.000002,
0.004003,
0.000002,
0.004015,
0.000002,
0.003950,
0.000002,
0.003853,
0.000002,
0.003769,
0.000002,
0.003695,
0.000002,
0.003635,
0.000002,
0.003570,
0.000002,
0.003536,
0.000002,
0.003436,
0.000002,
0.003233,
0.000002,
0.002876,
0.000002,
0.002442,
0.000002,
0.002050,
0.000002,
0.001796,
0.000002,
0.001667,
0.000002,
0.001604,
0.000002,
0.001523,
0.000002,
0.001400,
0.000002,
0.001314,
0.000002,
0.001263,
0.000002,
0.001272,
0.000002,
0.001238,
0.000002,
0.001152,
0.000002,
0.000987,
0.000002,
0.000787,
0.000002,
0.000542,
0.000002,
0.000292,
0.000002,
-0.000033,
0.000002,
-0.000341,
0.000002,
-0.000631,
0.000002,
-0.000869,
0.000002,
-0.001033,
0.000002,
-0.001100,
0.000002,
-0.001104,
0.000002,
-0.001024,
0.000002,
-0.000992,
0.000002,
-0.001088,
0.000002,
-0.001295,
0.000002,
-0.001580,
0.000002,
-0.001816,
0.000002,
-0.001938,
0.000002,
-0.001975,
0.000002,
-0.002004,
0.000002,
-0.002050,
0.000002,
-0.002058,
0.000002,
-0.001867,
0.000002,
-0.001507,
0.000002,
-0.001045,
0.000002,
-0.000596,
0.000002,
-0.000204,
0.000002,
0.000117,
0.000002,
0.000415,
0.000002,
0.000657,
0.000002,
0.000802,
0.000002,
0.000834,
0.000002,
