0.000119,
0.000002,
0.000117,
0.000002,
0.000226,
0.000002,
0.000136,
0.000002,
0.000130,
0.000002,
0.000125,
0.000002,
0.000109,
0.000002,
0.000086,
0.000002,
0.000085,
0.000002,
0.000094,
0.000002,
0.000091,
0.000002,
0.000077,
0.000002,
0.000069,
0.000002,
0.000059,
0.000002,
0.000048,
0.000002,
0.000026,
0.000002,
0.000017,
0.000002,
0.000012,
0.000002,
0.000014,
0.000002,
0.000035,
0.000002,
0.000043,
0.000002,
0.000035,
0.000002,
0.000020,
0.000002,
0.000005,
0.000002,
-0.000011,
0.000002,
-0.000015,
0.000002,
-0.000025,
0.000002,
-0.000028,
0.000002,
-0.000039,
0.000002,
-0.000054,
0.000002,
-0.000103,
0.000002,
-0.000186,
0.000002,
-0.000229,
0.000002,
-0.000086,
0.000002,
0.000067,
0.000002,
-0.001287,
0.000002,
-0.006544,
0.000002,
-0.015768,
0.000002,
-0.025906,
0.000002,
-0.031989,
0.000002,
-0.030028,
0.000002,
-0.020235,
0.000002,
-0.007914,
0.000002,
0.000192,
0.000002,
0.001730,
0.000002,
-0.000954,
0.000002,
-0.005206,
0.000002,
-0.009340,
0.000002,
-0.012189,
0.000002,
-0.013098,
0.000002,
-0.012449,
0.000002,
-0.011061,
0.000002,
-0.010396,
0.000002,
-0.011995,
0.000002,
-0.015911,
0.000002,
-0.019687,
0.000002,
-0.020411,
0.000002,
-0.016715,
0.000002,
-0.008965,
0.000002,
-0.000324,
0.000002,
0.005401,
0.000002,
0.006557,
0.000002,
0.003326,
0.000002,
-0.002293,
0.000002,
-0.006512,
0.000002,
-0.006180,
0.000002,
-0.001380,
0.000002,
0.005607,
0.000002,
0.011871,
0.000002,
0.015614,
0.000002,
0.016356,
0.000002,
0.014785,
0.000002,
0.011681,
0.000002,
0.007393,
0.000002,
0.002947,
0.000002,
0.000010,
0.000002,
-0.000528,
0.000002,
0.001306,
0.000002,
0.005348,
0.000002,
0.010403,
0.000002,
0.014285,
0.000002,
0.015343,
0.000002,
0.013419,
0.000002,
0.010209,
0.000002,
0.008137,
0.000002,
0.008445,
0.000002,
0.011004,
0.000002,
0.014721,
0.000002,
0.017744,
0.000002,
0.018614,
0.000002,
0.017412,
0.000002,
0.015098,
0.000002,
0.012678,
0.000002,
0.011425,
0.000002,
0.012288,
0.000002,
0.014704,
0.000002,
0.017350,
0.000002,
0.019383,
0.000002,
0.020226,
0.000002,
0.019287,
0.000002,
0.016957,
0.000002,
0.014600,
0.000002,
0.013281,
0.000002,
0.013163,
0.000002,
0.013793,
0.000002,
0.014168,
0.000002,
0.013307,
0.000002,
0.011109,
0.000002,
0.008280,
0.000002,
0.005442,
0.000002,
0.003181,
0.000002,
0.002167,
0.000002,
0.002683,
0.000002,
0.004388,
0.000002,
0.006371,
0.000002,
0.007623,
0.000002,
0.007576,
0.000002,
0.006482,
0.000002,
0.005103,
0.000002,
0.003978,
0.000002,
0.003192,
0.000002,
0.002608,
0.000002,
0.002057,
0.000002,
0.001444,
0.000002,
0.000823,
0.000002,
0.000095,
0.000002,
-0.001042,
0.000002,
-0.002520,
0.000002,
-0.003757,
0.000002,
-0.004157,
0.000002,
-0.003783,
0.000002,
-0.003268,
0.000002,
-0.003318,
0.000002,
-0.004142,
0.000002,
-0.005422,
0.000002,
-0.006494,
0.000002,
-0.006881,
0.000002,
-0.006475,
0.000002,
-0.005458,
0.000002,
-0.004159,
0.000002,
-0.002884,
0.000002,
-0.001670,
0.000002,
-0.000428,
0.000002,
0.000833,
0.000002,
0.002018,
0.000002,
0.003028,
0.000002,
0.003747,
0.000002,
0.004099,
0.000002,
0.004124,
0.000002,
0.004041,
0.000002,
0.004061,
0.000002,
0.004375,
0.000002,
0.005046,
0.000002,
0.006007,
0.000002,
0.007080,
0.000002,
0.007991,
0.000002,
0.008493,
0.000002,
0.008504,
0.000002,
0.007979,
0.000002,
0.007057,
0.000002,
0.006093,
0.000002,
0.005356,
0.000002,
0.004812,
0.000002,
0.004380,
0.000002,
0.003995,
0.000002,
0.003505,
0.000002,
0.002632,
0.000002,
0.001314,
0.000002,
-0.000106,
0.000002,
-0.001216,
0.000002,
-0.001778,
0.000002,
-0.001930,
0.000002,
-0.002042,
0.000002,
-0.002466,
0.000002,
-0.003359,
0.000002,
-0.004633,
0.000002,
-0.006076,
0.000002,
-0.007606,
0.000002,
-0.009052,
0.000002,
-0.010244,
0.000002,
-0.011101,
0.000002,
-0.011881,
0.000002,
-0.012939,
0.000002,
-0.014399,
0.000002,
-0.015921,
0.000002,
-0.017064,
0.000002,
-0.017614,
0.000002,
-0.017703,
0.000002,
-0.017790,
0.000002,
-0.018223,
0.000002,
-0.018941,
0.000002,
-0.019586,
0.000002,
-0.019880,
0.000002,
-0.019809,
0.000002,
-0.019568,
0.000002,
-0.019293,
0.000002,
-0.018938,
0.000002,
-0.018410,
0.000002,
-0.017689,
0.000002,
-0.016878,
0.000002,
-0.015961,
0.000002,
-0.014860,
0.000002,
-0.013547,
0.000002,
-0.012054,
0.000002,
-0.010608,
0.000002,
-0.009559,
0.000002,
-0.009006,
0.000002,
-0.008669,
0.000002,
-0.008078,
0.000002,
-0.006997,
0.000002,
-0.005437,
0.000002,
-0.003595,
0.000002,
-0.001780,
0.000002,
-0.000298,
0.000002,
0.000764,
0.000002,
0.001525,
0.000002,
0.002133,
0.000002,
0.002711,
0.000002,
0.003357,
0.000002,
0.004138,
0.000002,
0.004988,
0.000002,
0.005732,
0.000002,
0.006305,
0.000002,
0.006773,
0.000002,
0.007218,
0.000002,
0.007650,
0.000002,
0.008072,
0.000002,
0.008505,
0.000002,
0.008868,
0.000002,
0.009041,
0.000002,
0.009065,
0.000002,
0.009020,
0.000002,
0.008829,
0.000002,
0.008451,
0.000002,
0.007923,
0.000002,
0.007460,
0.000002,
0.007254,
0.000002,
0.007347,
0.000002,
0.007579,
0.000002,
0.007702,
0.000002,
0.007542,
0.000002,
0.007106,
0.000002,
0.006510,
0.000002,
0.005902,
0.000002,
0.005353,
0.000002,
0.004782,
0.000002,
0.004187,
0.000002,
0.003640,
0.000002,
0.003242,
0.000002,
0.002998,
0.000002,
0.002898,
0.000002,
0.002897,
0.000002,
0.002978,
0.000002,
0.003014,
0.000002,
0.002974,
0.000002,
0.002823,
0.000002,
0.002621,
0.000002,
0.002529,
0.000002,
0.002663,
0.000002,
0.002944,
0.000002,
0.003197,
0.000002,
0.003229,
0.000002,
0.002992,
0.000002,
0.002662,
0.000002,
0.002442,
0.000002,
0.002470,
0.000002,
0.002682,
0.000002,
0.002925,
0.000002,
0.003090,
0.000002,
0.003195,
0.000002,
0.003279,
0.000002,
0.003455,
0.000002,
0.003697,
0.000002,
0.003902,
0.000002,
0.003991,
0.000002,
0.003962,
0.000002,
0.003897,
0.000002,
0.003852,
0.000002,
0.003832,
0.000002,
0.003771,
0.000002,
0.003554,
0.000002,
0.003088,
0.000002,
0.002480,
0.000002,
0.001866,
0.000002,
0.001364,
0.000002,
0.001015,
0.000002,
0.000841,
0.000002,
0.000840,
0.000002,
0.000811,
0.000002,
0.000523,
0.000002,
-0.000109,
0.000002,
-0.001008,
0.000002,
-0.001960,
0.000002,
-0.002676,
0.000002,
-0.003050,
0.000002,
-0.003305,
0.000002,
-0.003751,
0.000002,
-0.004478,
0.000002,
-0.005206,
0.000002,
-0.005686,
0.000002,
-0.005818,
0.000002,
-0.005720,
0.000002,
-0.005638,
0.000002,
-0.005792,
0.000002,
-0.006233,
0.000002,
-0.006809,
0.000002,
-0.007384,
0.000002,
-0.007903,
0.000002,
-0.008282,
0.000002,
-0.008457,
0.000002,
-0.008507,
0.000002,
-0.008604,
0.000002,
-0.008823,
0.000002,
-0.009093,
0.000002,
-0.009282,
0.000002,
-0.009312,
0.000002,
-0.009228,
0.000002,
-0.009186,
0.000002,
-0.009309,
0.000002,
-0.009592,
0.000002,
-0.009890,
0.000002,
-0.010146,
0.000002,
-0.010443,
0.000002,
-0.010926,
0.000002,
-0.011547,
0.000002,
-0.012025,
0.000002,
-0.012037,
0.000002,
-0.011576,
0.000002,
-0.010926,
0.000002,
-0.010524,
0.000002,
-0.010537,
0.000002,
-0.010863,
0.000002,
-0.011229,
0.000002,
-0.011417,
0.000002,
-0.011396,
0.000002,
-0.011300,
0.000002,
-0.011229,
0.000002,
-0.011219,
0.000002,
-0.011290,
0.000002,
-0.011492,
0.000002,
-0.011802,
0.000002,
-0.011980,
0.000002,
-0.011803,
0.000002,
-0.011279,
0.000002,
-0.010590,
0.000002,
-0.009989,
0.000002,
-0.009717,
0.000002,
-0.009750,
0.000002,
-0.009900,
0.000002,
-0.009902,
0.000002,
-0.009736,
0.000002,
-0.009504,
0.000002,
-0.009288,
0.000002,
-0.009089,
0.000002,
-0.008867,
0.000002,
-0.008556,
0.000002,
-0.008066,
0.000002,
-0.007337,
0.000002,
-0.006390,
0.000002,
-0.005354,
0.000002,
-0.004381,
0.000002,
-0.003574,
0.000002,
-0.002982,
0.000002,
-0.002532,
0.000002,
-0.002091,
0.000002,
-0.001540,
0.000002,
-0.000852,
0.000002,
-0.000084,
0.000002,
0.000738,
0.000002,
0.001572,
0.000002,
0.002332,
0.000002,
0.002985,
0.000002,
0.003605,
0.000002,
0.004267,
0.000002,
0.005059,
0.000002,
0.005982,
0.000002,
0.006893,
0.000002,
0.007604,
0.000002,
0.007923,
0.000002,
0.007946,
0.000002,
0.007909,
0.000002,
0.008066,
0.000002,
0.008566,
0.000002,
0.009363,
0.000002,
0.010290,
0.000002,
0.011057,
0.000002,
0.011403,
0.000002,
0.011326,
0.000002,
0.011071,
0.000002,
0.010888,
0.000002,
0.010883,
0.000002,
0.011070,
0.000002,
0.011335,
0.000002,
0.011600,
0.000002,
0.011763,
0.000002,
0.011810,
0.000002,
0.011752,
0.000002,
0.011616,
0.000002,
0.011516,
0.000002,
0.011625,
0.000002,
0.012024,
0.000002,
0.012530,
0.000002,
0.012826,
0.000002,
0.012655,
0.000002,
0.012097,
0.000002,
0.011397,
0.000002,
0.010864,
0.000002,
0.010612,
0.000002,
0.010586,
0.000002,
0.010603,
0.000002,
0.010517,
0.000002,
0.010295,
0.000002,
0.010025,
0.000002,
0.009762,
0.000002,
0.009512,
0.000002,
0.009330,
0.000002,
0.009205,
0.000002,
0.009103,
0.000002,
0.008896,
0.000002,
0.008552,
0.000002,
0.008109,
0.000002,
0.007692,
0.000002,
0.007443,
0.000002,
0.007474,
0.000002,
0.007658,
0.000002,
0.007824,
0.000002,
0.007853,
0.000002,
0.007755,
0.000002,
0.007609,
0.000002,
0.007446,
0.000002,
0.007289,
0.000002,
0.007121,
0.000002,
0.006891,
0.000002,
0.006569,
0.000002,
0.006204,
0.000002,
0.005860,
0.000002,
0.005553,
0.000002,
0.005284,
0.000002,
0.005064,
0.000002,
0.004905,
0.000002,
0.004745,
0.000002,
0.004475,
0.000002,
0.004137,
0.000002,
0.003804,
0.000002,
0.003547,
0.000002,
0.003314,
0.000002,
0.002972,
0.000002,
0.002425,
0.000002,
0.001711,
0.000002,
0.001008,
0.000002,
0.000516,
0.000002,
0.000234,
0.000002,
0.000011,
0.000002,
-0.000322,
0.000002,
-0.000788,
0.000002,
-0.001249,
0.000002,
-0.001581,
0.000002,
-0.001810,
0.000002,
-0.002064,
0.000002,
-0.002439,
0.000002,
-0.002927,
0.000002,
-0.003483,
0.000002,
-0.003986,
0.000002,
-0.004391,
0.000002,
-0.004762,
0.000002,
-0.005217,
0.000002,
-0.005733,
0.000002,
-0.006209,
0.000002,
-0.006612,
0.000002,
-0.006911,
0.000002,
-0.007112,
0.000002,
-0.007229,
0.000002,
-0.007355,
0.000002,
-0.007557,
0.000002,
-0.007857,
0.000002,
-0.008279,
0.000002,
-0.008760,
0.000002,
-0.009182,
0.000002,
-0.009444,
0.000002,
-0.009540,
0.000002,
-0.009570,
0.000002,
-0.009654,
0.000002,
-0.009776,
0.000002,
-0.009865,
0.000002,
-0.009827,
0.000002,
-0.009645,
0.000002,
-0.009362,
0.000002,
-0.009067,
0.000002,
-0.008839,
0.000002,
-0.008695,
0.000002,
-0.008581,
0.000002,
-0.008446,
0.000002,
-0.008241,
0.000002,
-0.007947,
0.000002,
-0.007643,
0.000002,
-0.007402,
0.000002,
-0.007275,
0.000002,
-0.007196,
0.000002,
-0.007015,
0.000002,
-0.006567,
0.000002,
-0.005923,
0.000002,
-0.005223,
0.000002,
-0.004700,
0.000002,
-0.004436,
0.000002,
-0.004364,
0.000002,
-0.004273,
0.000002,
-0.004043,
0.000002,
-0.003669,
0.000002,
-0.003251,
0.000002,
-0.002843,
0.000002,
-0.002479,
0.000002,
-0.002185,
0.000002,
-0.001908,
0.000002,
-0.001599,
0.000002,
-0.001220,
0.000002,
-0.000770,
0.000002,
-0.000293,
0.000002,
0.000177,
0.000002,
0.000649,
0.000002,
0.001108,
0.000002,
0.001496,
0.000002,
0.001746,
0.000002,
0.001861,
0.000002,
0.001935,
0.000002,
0.002110,
0.000002,
0.002478,
0.000002,
0.002972,
0.000002,
0.003434,
0.000002,
0.003768,
0.000002,
0.004001,
0.000002,
0.004203,
0.000002,
0.004461,
0.000002,
0.004743,
0.000002,
0.005000,
0.000002,
0.005171,
0.000002,
0.005303,
0.000002,
0.005451,
0.000002,
0.005592,
0.000002,
0.005687,
0.000002,
0.005780,
0.000002,
0.005963,
0.000002,
0.006304,
0.000002,
0.006785,
0.000002,
0.007267,
0.000002,
0.007575,
0.000002,
0.007716,
0.000002,
0.007794,
0.000002,
0.007917,
0.000002,
0.008088,
0.000002,
0.008281,
0.000002,
0.008461,
0.000002,
0.008613,
0.000002,
0.008745,
0.000002,
0.008893,
0.000002,
0.009041,
0.000002,
0.009201,
0.000002,
0.009428,
0.000002,
0.009693,
0.000002,
0.009879,
0.000002,
0.009841,
0.000002,
0.009583,
0.000002,
0.009259,
0.000002,
0.009048,
0.000002,
0.008980,
0.000002,
0.009008,
0.000002,
0.009006,
0.000002,
0.008901,
0.000002,
0.008720,
0.000002,
0.008538,
0.000002,
0.008403,
0.000002,
0.008236,
0.000002,
0.008000,
0.000002,
0.007726,
0.000002,
0.007464,
0.000002,
0.007189,
0.000002,
0.006838,
0.000002,
0.006370,
0.000002,
0.005858,
0.000002,
0.005395,
0.000002,
0.005088,
0.000002,
0.004927,
0.000002,
0.004822,
0.000002,
0.004656,
0.000002,
0.004387,
0.000002,
0.004024,
0.000002,
0.003635,
0.000002,
0.003257,
0.000002,
0.002922,
0.000002,
0.002606,
0.000002,
0.002232,
0.000002,
0.001773,
0.000002,
0.001268,
0.000002,
0.000825,
0.000002,
0.000471,
0.000002,
0.000219,
0.000002,
0.000005,
0.000002,
-0.000199,
0.000002,
-0.000436,
0.000002,
-0.000727,
0.000002,
-0.001033,
0.000002,
-0.001333,
0.000002,
-0.001629,
0.000002,
-0.001938,
0.000002,
-0.002252,
0.000002,
-0.002555,
0.000002,
-0.002830,
0.000002,
-0.003074,
0.000002,
-0.003292,
0.000002,
-0.003479,
0.000002,
-0.003665,
0.000002,
-0.003852,
0.000002,
-0.004036,
0.000002,
-0.004223,
0.000002,
-0.004385,
0.000002,
-0.004542,
0.000002,
-0.004700,
0.000002,
-0.004857,
0.000002,
-0.005048,
0.000002,
-0.005272,
0.000002,
-0.005517,
0.000002,
-0.005760,
0.000002,
-0.005990,
0.000002,
-0.006220,
0.000002,
-0.006418,
0.000002,
-0.006586,
0.000002,
-0.006722,
0.000002,
-0.006849,
0.000002,
-0.006977,
0.000002,
-0.007114,
0.000002,
-0.007276,
0.000002,
-0.007454,
0.000002,
-0.007627,
0.000002,
-0.007796,
0.000002,
-0.007943,
0.000002,
-0.008038,
0.000002,
-0.008058,
0.000002,
-0.008027,
0.000002,
-0.008003,
0.000002,
-0.008036,
0.000002,
-0.008096,
0.000002,
-0.008126,
0.000002,
-0.008049,
0.000002,
-0.007833,
0.000002,
-0.007518,
0.000002,
-0.007201,
0.000002,
-0.006984,
0.000002,
-0.006888,
0.000002,
-0.006821,
0.000002,
-0.006694,
0.000002,
-0.006477,
0.000002,
-0.006168,
0.000002,
-0.005828,
0.000002,
-0.005523,
0.000002,
-0.005258,
0.000002,
-0.005041,
0.000002,
-0.004806,
0.000002,
-0.004513,
0.000002,
-0.004132,
0.000002,
-0.003717,
0.000002,
-0.003298,
0.000002,
-0.002928,
0.000002,
-0.002617,
0.000002,
-0.002343,
0.000002,
-0.002049,
0.000002,
-0.001707,
0.000002,
-0.001351,
0.000002,
-0.001006,
0.000002,
-0.000690,
0.000002,
-0.000407,
0.000002,
-0.000108,
0.000002,
0.000238,
0.000002,
0.000617,
0.000002,
0.001009,
0.000002,
0.001346,
0.000002,
0.001622,
0.000002,
0.001880,
0.000002,
0.002157,
0.000002,
0.002458,
0.000002,
0.002777,
0.000002,
0.003079,
0.000002,
0.003328,
0.000002,
0.003486,
0.000002,
0.003582,
0.000002,
0.003695,
0.000002,
0.003830,
0.000002,
0.003992,
0.000002,
0.004166,
0.000002,
0.004312,
0.000002,
0.004399,
0.000002,
0.004462,
0.000002,
0.004528,
0.000002,
0.004629,
0.000002,
0.004755,
0.000002,
0.004858,
0.000002,
0.004937,
0.000002,
0.004977,
0.000002,
0.004986,
0.000002,
0.005011,
0.000002,
0.005079,
0.000002,
0.005191,
0.000002,
0.005313,
0.000002,
0.005396,
0.000002,
0.005451,
0.000002,
0.005484,
0.000002,
0.005531,
0.000002,
0.005588,
0.000002,
0.005646,
0.000002,
0.005693,
0.000002,
0.005737,
0.000002,
0.005767,
0.000002,
0.005772,
0.000002,
0.005743,
0.000002,
0.005676,
0.000002,
0.005601,
0.000002,
0.005534,
0.000002,
0.005466,
0.000002,
0.005371,
0.000002,
0.005214,
0.000002,
0.005039,
0.000002,
0.004859,
0.000002,
0.004675,
0.000002,
0.004458,
0.000002,
0.004183,
0.000002,
0.003860,
0.000002,
0.003547,
0.000002,
0.003301,
0.000002,
0.003157,
0.000002,
0.003057,
0.000002,
0.002887,
0.000002,
0.002635,
0.000002,
0.002304,
0.000002,
0.001955,
0.000002,
0.001634,
0.000002,
0.001373,
0.000002,
0.001184,
0.000002,
0.001007,
0.000002,
0.000776,
0.000002,
0.000452,
0.000002,
0.000086,
0.000002,
-0.000280,
0.000002,
-0.000554,
0.000002,
-0.000739,
0.000002,
-0.000860,
0.000002,
-0.001020,
0.000002,
-0.001252,
0.000002,
-0.001555,
0.000002,
-0.001905,
0.000002,
-0.002296,
0.000002,
-0.002637,
0.000002,
-0.002927,
0.000002,
-0.003134,
0.000002,
-0.003294,
0.000002,
-0.003436,
0.000002,
-0.003610,
0.000002,
-0.003838,
0.000002,
-0.004091,
0.000002,
-0.004293,
0.000002,
-0.004418,
0.000002,
-0.004486,
0.000002,
-0.004520,
0.000002,
-0.004565,
0.000002,
-0.004662,
0.000002,
-0.004846,
0.000002,
-0.005073,
0.000002,
-0.005259,
0.000002,
-0.005337,
0.000002,
-0.005331,
0.000002,
-0.005267,
0.000002,
-0.005210,
0.000002,
-0.005224,
0.000002,
-0.005302,
0.000002,
-0.005402,
0.000002,
-0.005470,
0.000002,
-0.005505,
0.000002,
-0.005526,
0.000002,
-0.005552,
0.000002,
-0.005575,
0.000002,
-0.005599,
0.000002,
-0.005643,
0.000002,
-0.005724,
0.000002,
-0.005812,
0.000002,
-0.005850,
0.000002,
-0.005817,
0.000002,
-0.005728,
0.000002,
-0.005652,
0.000002,
-0.005649,
0.000002,
-0.005709,
0.000002,
-0.005765,
0.000002,
-0.005752,
0.000002,
-0.005625,
0.000002,
-0.005433,
0.000002,
-0.005237,
0.000002,
-0.005049,
0.000002,
-0.004895,
0.000002,
-0.004780,
0.000002,
-0.004705,
0.000002,
-0.004617,
0.000002,
-0.004496,
0.000002,
-0.004309,
0.000002,
-0.004062,
0.000002,
-0.003804,
0.000002,
-0.003593,
0.000002,
-0.003444,
0.000002,
-0.003312,
0.000002,
-0.003118,
0.000002,
-0.002843,
0.000002,
-0.002530,
0.000002,
-0.002210,
0.000002,
-0.001903,
0.000002,
-0.001655,
0.000002,
-0.001493,
0.000002,
-0.001406,
0.000002,
-0.001328,
0.000002,
-0.001189,
0.000002,
-0.000938,
0.000002,
-0.000601,
0.000002,
-0.000266,
0.000002,
-0.000019,
0.000002,
0.000139,
0.000002,
0.000279,
0.000002,
0.000488,
0.000002,
0.000772,
0.000002,
0.001079,
0.000002,
0.001334,
0.000002,
0.001534,
0.000002,
0.001663,
0.000002,
0.001779,
0.000002,
0.001913,
0.000002,
0.002076,
0.000002,
0.002243,
0.000002,
0.002423,
0.000002,
0.002613,
0.000002,
0.002804,
0.000002,
0.002984,
0.000002,
0.003131,
0.000002,
0.003255,
0.000002,
0.003336,
0.000002,
0.003403,
0.000002,
0.003452,
0.000002,
0.003493,
0.000002,
0.003536,
0.000002,
0.003582,
0.000002,
0.003627,
0.000002,
0.003695,
0.000002,
0.003763,
0.000002,
0.003832,
0.000002,
0.003890,
0.000002,
0.003931,
0.000002,
0.003955,
0.000002,
0.003966,
0.000002,
0.003969,
0.000002,
0.003966,
0.000002,
0.003948,
0.000002,
0.003905,
0.000002,
0.003871,
0.000002,
0.003861,
0.000002,
0.003911,
0.000002,
0.004001,
0.000002,
0.004071,
0.000002,
0.004115,
0.000002,
0.004116,
0.000002,
0.004084,
0.000002,
0.004034,
0.000002,
0.003985,
0.000002,
0.003920,
0.000002,
0.003825,
0.000002,
0.003723,
0.000002,
0.003635,
0.000002,
0.003581,
0.000002,
0.003549,
0.000002,
0.003528,
0.000002,
0.003492,
0.000002,
0.003417,
0.000002,
0.003301,
0.000002,
0.003147,
0.000002,
0.003000,
0.000002,
0.002883,
0.000002,
0.002780,
0.000002,
0.002669,
0.000002,
0.002492,
0.000002,
0.002251,
0.000002,
0.002007,
0.000002,
0.001824,
0.000002,
0.001738,
0.000002,
0.001703,
0.000002,
0.001643,
0.000002,
0.001504,
0.000002,
0.001303,
0.000002,
0.001061,
0.000002,
0.000863,
0.000002,
0.000698,
0.000002,
0.000560,
0.000002,
0.000440,
0.000002,
0.000306,
0.000002,
0.000156,
0.000002,
-0.000032,
0.000002,
-0.000226,
0.000002,
-0.000413,
0.000002,
-0.000567,
0.000002,
-0.000698,
0.000002,
-0.000776,
0.000002,
-0.000868,
0.000002,
-0.000983,
0.000002,
-0.001165,
0.000002,
-0.001390,
0.000002,
-0.001601,
0.000002,
-0.001744,
0.000002,
-0.001838,
0.000002,
-0.001920,
0.000002,
-0.002027,
0.000002,
-0.002164,
0.000002,
-0.002285,
0.000002,
-0.002384,
0.000002,
-0.002437,
0.000002,
-0.002481,
0.000002,
-0.002522,
0.000002,
-0.002556,
0.000002,
-0.002561,
0.000002,
-0.002581,
0.000002,
-0.002600,
0.000002,
-0.002663,
0.000002,
-0.002721,
0.000002,
-0.002740,
0.000002,
-0.002734,
0.000002,
-0.002702,
0.000002,
-0.002684,
0.000002,
-0.002697,
0.000002,
-0.002730,
0.000002,
-0.002765,
0.000002,
-0.002804,
0.000002,
-0.002830,
0.000002,
-0.002831,
0.000002,
-0.002789,
0.000002,
-0.002713,
0.000002,
-0.002662,
0.000002,
-0.002680,
0.000002,
-0.002770,
0.000002,
-0.002891,
0.000002,
-0.002948,
0.000002,
-0.002920,
0.000002,
-0.002838,
0.000002,
-0.002768,
0.000002,
-0.002769,
0.000002,
-0.002808,
0.000002,
-0.002852,
0.000002,
-0.002873,
0.000002,
-0.002850,
0.000002,
-0.002794,
0.000002,
-0.002715,
0.000002,
-0.002609,
0.000002,
-0.002501,
0.000002,
-0.002418,
0.000002,
-0.002371,
0.000002,
-0.002379,
0.000002,
-0.002372,
0.000002,
-0.002313,
0.000002,
-0.002196,
0.000002,
-0.002045,
0.000002,
-0.001904,
0.000002,
-0.001821,
0.000002,
-0.001771,
0.000002,
-0.001730,
0.000002,
-0.001644,
0.000002,
-0.001496,
0.000002,
-0.001329,
0.000002,
-0.001153,
0.000002,
-0.001012,
0.000002,
-0.000907,
0.000002,
-0.000840,
0.000002,
-0.000780,
0.000002,
-0.000685,
0.000002,
-0.000554,
0.000002,
-0.000384,
0.000002,
-0.000193,
0.000002,
-0.000011,
0.000002,
0.000141,
0.000002,
0.000310,
0.000002,
0.000476,
0.000002,
0.000648,
0.000002,
0.000823,
0.000002,
0.000993,
0.000002,
0.001153,
0.000002,
0.001292,
0.000002,
0.001409,
0.000002,
0.001505,
0.000002,
0.001598,
0.000002,
0.001708,
0.000002,
0.001843,
0.000002,
0.001970,
0.000002,
0.002101,
0.000002,
0.002199,
0.000002,
0.002270,
0.000002,
0.002299,
0.000002,
0.002303,
0.000002,
0.002282,
0.000002,
0.002270,
0.000002,
0.002233,
0.000002,
0.002211,
0.000002,
0.002184,
0.000002,
0.002150,
0.000002,
0.002097,
0.000002,
0.002050,
0.000002,
0.002005,
0.000002,
0.001990,
0.000002,
0.001969,
0.000002,
0.001937,
0.000002,
0.001891,
0.000002,
0.001821,
0.000002,
0.001746,
0.000002,
0.001648,
0.000002,
0.001516,
0.000002,
0.001403,
0.000002,
0.001341,
0.000002,
0.001328,
0.000002,
0.001349,
0.000002,
0.001323,
0.000002,
0.001243,
0.000002,
0.001124,
0.000002,
0.001007,
0.000002,
0.000922,
0.000002,
0.000863,
0.000002,
0.000794,
0.000002,
0.000682,
0.000002,
0.000527,
0.000002,
