0.001077,
0.003983,
0.003902,
0.001909,
0.000488,
-0.001051,
-0.001304,
-0.000229,
0.001224,
0.001626,
-0.000453,
-0.002044,
-0.001133,
0.000695,
0.001552,
0.001417,
0.001842,
0.002139,
0.001483,
-0.000154,
-0.001991,
-0.002625,
-0.000801,
0.001398,
0.002536,
0.003404,
0.002523,
-0.000892,
-0.005110,
-0.005146,
0.007685,
0.035170,
0.051717,
0.019278,
-0.041113,
-0.055258,
-0.012368,
0.016215,
0.004040,
-0.007915,
-0.010048,
-0.021779,
-0.028510,
-0.010581,
0.017573,
0.031298,
0.022488,
0.002008,
-0.006025,
0.002172,
0.005046,
-0.004128,
-0.009859,
-0.004953,
0.010301,
0.034038,
0.044515,
0.017103,
-0.033616,
-0.066054,
-0.054361,
-0.008173,
0.032499,
0.023159,
-0.022879,
-0.035533,
0.010851,
0.055980,
0.045950,
0.003241,
-0.028111,
-0.041490,
-0.038574,
-0.016684,
0.004287,
0.005658,
0.006907,
0.023824,
0.029342,
0.004459,
-0.018832,
-0.010339,
0.018433,
0.048140,
0.064599,
0.044279,
-0.007338,
-0.040261,
-0.032178,
-0.020253,
-0.020475,
-0.008104,
0.007569,
-0.005332,
-0.027805,
-0.022829,
-0.001646,
0.008677,
0.007570,
0.008639,
0.018757,
0.025895,
0.021098,
0.016651,
0.000956,
-0.044202,
-0.071325,
-0.027621,
0.037720,
0.052212,
0.025434,
-0.002999,
-0.020949,
-0.022677,
-0.011245,
-0.003616,
-0.004000,
-0.003962,
-0.002456,
-0.002071,
0.001159,
0.011569,
0.026565,
0.028206,
-0.004133,
-0.054752,
-0.067181,
-0.015293,
