Process identification data:
2162
2163
2166
2161
2105
1943
1683
1387
1110
888
729
657
767
1179
1885
2710
3389
3698
3603
3255
2841
2510
2319
2233
2208
2263
2484
2903
3478
4095
4095
4095
4095
4095
4095
3931
3586
3377
3279
3209
3052
2748
2326
1817
1215
562
42
36
35
35
34
34
78
338
778
1344
1988
2593
3037
3266
3263
3089
2896
2832
2984
3321
3681
3832
3625
3072
2319
1570
1013
807
1004
1541
2246
2872
3205
3146
2720
2112
1598
1398
1597
2083
2614
2953
2941
2556
1931
1313
957
979
1336
1848
2257
2376
2200
1878
1624
1606
1835
2216
2605
2864
2979
3031
3086
3164
3225
3219
3172
3182
3302
3539
3846
4095
4095
4095
4095
4095
4095
4095
4095
4095
3610
2469
1435
698
326
280
465
732
959
1076
1022
800
515
354
460
824
1303
1746
2086
2328
2545
2777
2974
3052
2995
2855
2724
2699
2765
2837
2873
2931
3084
3377
3800
4095
4095
4095
3628
2613
1491
656
412
803
1577
2370
2864
2880
2449
1775
1143
804
885
1387
2185
3042
3710
4015
3908
3547
3156
2887
2778
2786
2787
2623
2188
1456
528
38
37
34
33
304
944
1609
2190
2629
2954
3210
3409
3589
3770
3967
4095
4095
4095
4095
4095
4095
4095
3288
2584
2217
2293
2737
3280
3616
3580
3200
2632
2078
1681
1446
1252
998
691
439
318
297
261
162
104
242
661
1294
2006
2611
2996
3180
3260
3338
3432
3482
3408
3173
2806
2352
1849
1367
1032
943
1139
1538
1938
2131
2008
1652
1291
1129
1225
1513
1905
2367
2859
3333
3762
4095
4095
4095
4095
4095
4095
4095
4095
3310
2309
1388
700
300
146
152
301
666
1314
2251
3382
4095
4095
4095
4095
4095
3126
2099
1456
1280
1526
2003
2448
2631
2446
1962
1381
961
880
1187
1748
2258
2434
2138
1467
703
116
35
34
124
354
608
846
1093
1403
1819
2371
3026
3664
4095
4095
4095
4095
4095
4095
4095
4095
4095
3904
3591
3510
3726
4095
4095
4095
3565
2464
1220
245
35
258
1115
2173
3033
3461
3394
2936
2318
1728
1254
930
757
680
625
579
619
849
1296
1854
2369
2736
2941
2974
2803
2439
2009
1682
1560
1648
1859
2088
2302
2454
2455
2234
1824
1348
924
640
568
760
1218
1862
2559
3217
3782
4095
4095
4095
4083
3610
3062
2526
2098
1842
1779
1863
1996
2105
2120
1999
1784
1597
1586
1859
2361
2902
3242
3169
2629
1770
905
359
323
796
1647
2671
3662
4095
4095
4095
4095
3606
2590
1562
686
99
35
36
207
635
1194
1761
2188
2396
2436
2476
2652
3001
3452
3851
4094
4095
3907
3484
3028
2747
2791
3132
3580
3894
3897
3590
3094
2586
2236
2074
1979
1836
1622
1412
1300
1283
1284
1216
1014
731
516
481
646
979
1370
1675
1812
1774
1603
1435
1451
1732
2257
2952
3682
4095
4095
4095
4095
3850
3308
2772
2346
2144
2212
2464
2711
2756
2455
1853
1172
679
521
661
928
1141
1186
1032
724
371
160
305
923
1930
3083
4095
4095
4095
4095
4095
4037
3178
2315
1627
1296
1408
1928
2703
3483
3994
3996
3446
2527
1524
722
284
213
443
818
1128
1212
1059
834
736
886
1289
1830
2388
2831
3047
3037
2894
2754
2745
2915
3232
3646
4075
4095
4095
3856
2902
1635
318
39
37
36
34
32
349
1072
1996
2957
3805
4095
4095
4095
4095
4095
4095
4095
4095
4095
4095
4085
3216
2421
1808
1374
1046
746
438
174
39
35
36
37
37
37
36
33
119
1185
2695
4095
4095
4095
4095
4095
4095
3869
2865
1934
1264
955
1026
1391
1882
2311
2490
2311
1789
1108
567
407
700
1326
2018
2571
2933
3121
3139
2971
2635
2214
1824
1557
1422
1376
1392
1513
1828
2407
3244
4095
4095
4095
4095
4095
3162
1767
645
97
245
977
2001
2947
3492
3470
2963
2255
1698
1556
1906
2620
3432
4045
4095
4005
3381
2487
1489
611
54
34
84
386
743
1064
1352
1638
1889
1990
1825
1394
862
416
160
130
339
803
1448
2091
2510
2561
2295
1955
1785
1911
2312
2838
3311
3602
3659
3467
3107
2692
2293
1956
1745
1717
1855
2072
2321
2634
3079
3690
4095
4095
4095
4095
4095
3831
2535
1270
344
36
49
392
974
1578
1990
2103
1982
1806
1719
1720
1733
1735
1722
1679
1559
1332
1088
1029
1280
1783
2333
2696
2781
2644
2394
2137
1925
1768
1655
1571
1521
1523
1589
1730
1945
2263
2700
3204
3693
4080
4095
4095
4095
4095
4095
4095
4095
3927
3473
2830
2111
1491
1114
1030
1250
1674
2159
2582
2830
2787
2395
1679
762
40
36
33
203
1203
2514
3637
4095
3958
3165
2170
1364
1047
1330
2118
3146
4049
4095
4095
3821
2964
2130
1559
1371
1526
1815
1953
1737
1140
315
38
36
34
33
367
838
1097
1059
834
685
845
1413
2312
3345
4095
4095
4095
4095
3566
2609
1738
1107
776
720
834
1021
1238
1446
1639
1847
2056
2244
2389
2431
2320
2090
1842
1678
1702
1955
2386
2920
3472
3923
4095
4095
3920
3521
3059
2638
2287
2007
1817
1749
1849
2182
2747
3427
3999
4095
4004
3335
2442
1611
1084
960
1134
1378
1462
1269
850
435
320
673
1468
2510
3503
4095
4095
4095
4095
4095
3514
2803
2134
1547
1032
589
293
235
470
981
1656
2374
3034
3582
3991
4095
4095
3850
3430
3034
2792
2746
2837
2946
2898
2501
1650
403
41
40
39
37
35
32
303
1019
1581
1832
1897
2025
2378
2947
3616
4095
4095
4095
4095
4095
4071
3688
3341
3077
2926
2880
2904
2947
2908
2646
2065
1148
65
39
38
36
34
32
546
1420
2284
2921
3275
3437
3521
3589
3661
3705
3652
3510
3341
3220
3199
3247
3332
3463
3623
3734
3677
3351
2748
1972
1255
810
777
1201
1979
2868
3603
3977
3871
3334
2517
1615
827
335
229
510
1119
1917
2730
3434
3945
4095
4095
3775
3238
2622
2098
1794
1757
1904
2059
2079
1891
1525
1082
676
417
359
458
589
651
624
544
523
688
1053
1527
2015
2458
2874
3294
3699
4012
4095
4095
3815
3206
2373
1524
889
631
800
1306
1927
2360
2417
2078
1505
986
715
687
808
945
977
853
626
476
633
1199
2060
2968
3688
4037
3947
3464
2791
2261
2172
2651
3586
4095
4095
4095
4095
3461
2134
1172
893
1346
2317
3412
4095
4095
4095
3333
2369
1479
837
485
373
428
577
765
955
1139
1302
1419
1517
1624
1749
1883
1955
1941
1871
1797
1761
1748
1767
1857
2056
2358
2707
3047
3300
3371
3234
2914
2455
1935
1475
1194
1190
1522
2121
2789
3298
3446
3218
2797
2429
2291
2435
2796
3231
3534
3481
2933
1918
695
39
36
35
34
33
183
590
1207
2028
2953
3775
4095
4095
4095
3922
3793
3853
4007
4095
4094
3859
3463
2967
2468
2075
1793
1517
1177
821
575
513
586
695
735
643
462
341
444
832
1427
2056
2546
2859
3025
3095
3082
2968
2787
2570
2305
1998
1664
1327
1071
974
1088
1454
2060
2779
3403
3726
3611
3116
2430
1788
1424
1412
1682
2114
2556
2909
3153
3316
3437
3499
3459
3314
3082
2757
2286
1602
717
40
38
36
35
32
647
1659
2626
3274
3493
3357
3067
2836
2774
2873
3090
3393
3761
4095
4095
4095
4095
3998
3367
2637
1982
1539
1299
1143
989
861
810
860
995
1172
1400
1657
1899
2067
2126
2072
1882
1545
1149
906
1021
1533
2233
2865
3234
3298
3134
2859
2592
2369
2162
1910
1625
1440
1481
1787
2267
2721
3024
3186
3280
3335
3290
3111
2862
2675
2659
2785
2922
2920
2672
2216
1702
1313
1154
1206
1397
1593
1669
1595
1373
1004
535
94
35
35
170
475
779
1048
1324
1687
2235
2991
3839
4095
4095
4095
4063
3382
2897
2759
2950
3377
3898
4095
4095
4095
4095
3676
2577
1203
42
38
35
32
277
987
1551
1688
1334
617
38
36
33
136
917
2002
3111
4058
4095
4095
4095
4095
3415
2481
1740
1400
1498
1930
2553
3191
3720
4095
4095
4095
4095
3932
3733
3493
3198
2813
2341
1827
1287
742
224
37
37
37
36
34
33
342
1057
1830
2517
3103
3614
4031
4095
4095
4095
4083
3768
3490
3330
3285
3235
3051
2704
2223
1633
954
244
36
34
33
238
733
1239
1645
1891
1979
1946
1826
1671
1564
1605
1832
2225
2730
3242
3643
3848
3828
3600
3194
2623
1921
1192
576
152
36
48
192
507
964
1478
1994
2485
2889
3132
3192
3112
3004
3026
3225
3490
3676
3713
3591
3349
3086
2936
3012
3337
3767
4024
3911
3401
2642
1897
1407
1267
1388
1610
1808
1935
2012
2045
2027
1982
1944
1950
1978
1940
1758
1405
935
469
123
36
36
146
508
1030
1664
2350
2990
3462
3654
3488
2981
2245
1484
903
662
798
1181
1601
1865
1887
1759
1648
1656
1787
1962
2091
2143
2192
2347
2694
3273
4001
4095
4095
4095
4095
4095
4095
4095
3450
2709
2124
1788
1701
1747
1745
1521
1069
552
166
69
261
720
1334
1952
2381
2470
2160
1498
646
39
36
33
206
1020
1970
2713
3094
3217
3247
3320
3480
3689
3914
4078
4068
3798
3286
2639
1976
1428
1120
1109
1361
1751
2058
2101
1808
1237
580
101
51
408
1133
1956
2639
3053
3157
2969
2567
2119
1865
1962
2415
3071
3717
4095
4095
4095
4095
3725
3222
2878
2776
2866
2996
2959
2589
1880
964
58
37
36
34
32
429
1166
1822
2243
2422
2421
2341
2272
2238
2242
2258
2210
2038
1791
1627
1727
2205
3006
3921
4095
4095
4095
3445
2176
888
39
36
34
81
524
1040
1482
1855
2228
2624
2943
3060
2936
2634
2297
2057
1923
1834
1712
1564
1472
1542
1889
2540
3403
4095
4095
4095
4095
4095
3723
2733
1903
1363
1109
1002
926
871
909
1133
1567
2088
2521
2755
2754
2514
2091
1614
1242
1105
1249
1607
1987
2147
1910
1282
440
37
34
33
564
1462
2307
2833
2964
2847
2729
2828
3244
3889
4095
4095
4095
3744
2627
1462
524
38
34
35
55
237
609
1144
1752
2299
2702
2981
3165
3240
3208
3078
2846
2530
2156
1802
1575
1531
1668
1953
2328
2697
2996
3211
3336
3406
3477
3535
3495
3282
2925
2594
2489
2720
3215
3758
4095
4086
3662
2963
2177
1438
839
401
85
36
36
36
35
34
52
527
1344
2271
3086
3645
3944
4021
3929
3716
3385
2985
2581
2253
2116
2184
2340
2396
2201
1731
1136
677
573
923
1628
2438
3066
3269
3011
2430
1750
1188
878
835
957
1110
1239
1398
1628
1900
2166
2411
2613
2713
2635
2353
1927
1523
1350
1531
2035
2707
3389
3970
4095
4095
4095
4095
4019
3181
2088
890
41
37
34
32
426
1278
2178
2879
3220
3169
2808
2299
1823
1471
1222
1013
810
624
504
530
754
1146
1602
1994
2223
2269
2177
2045
2026
2299
2972
3997
4095
4095
4095
4095
4095
4095
4095
3711
3021
2421
1943
1638
1533
1569
1546
1252
594
40
39
37
34
32
384
1409
2530
3475
4095
4095
4095
4095
3657
3096
2489
1901
1445
1229
1261
1411
1531
1575
1576
1567
1553
1497
1337
1095
850
706
805
1225
1893
2569
3005
3055
2712
2107
1469
1078
1154
1746
2664
3542
4084
4095
3911
3395
2785
2156
1602
1200
946
814
774
842
1097
1552
2142
2728
3129
3255
3162
2957
2778
2743
2856
3006
3069
2995
2802
2551
2301
2064
1844
1683
1669
1870
2273
2741
3108
3273
3180
2815
2260
1641
1101
768
688
819
1068
1325
1465
1465
1434
1505
1774
2257
2874
3499
3983
4095
4095
3737
3083
2221
1276
445
37
34
34
191
522
933
1437
2037
2679
3268
3693
3842
3644
3136
2478
1935
1728
1944
2485
3072
3368
3134
2355
1309
430
94
414
1224
2120
2696
2683
2110
1254
498
186
478
1300
2360
3266
3751
3782
3499
3087
2698
2409
2228
2135
2103
2148
2307
2604
3002
3357
3454
3144
2458
1572
732
148
35
35
64
190
463
941
1583
2215
2605
2614
2327
1995
1835
1912
2205
2676
3286
3950
4095
4095
4095
4095
4095
4000
3461
2843
2112
1308
553
40
35
34
136
530
1059
1669
2273
2750
2985
2957
2784
2614
2509
2442
2339
2129
1794
1373
929
553
388
585
1149
1908
2598
3037
3221
3246
3232
3237
3215
3131
3035
3032
3216
3597
4022
4095
4020
3440
2633
1757
911
132
37
35
33
190
716
1145
1263
1058
647
208
35
82
493
1193
1971
2647
3128
3362
3354
3165
2940
2858
2993
3295
3675
4071
4095
4095
4095
4025
3426
2914
2696
2820
3133
3410
3509
3390
3096
2665
2136
1578
1027
447
38
37
37
35
34
105
623
1113
1300
1093
637
238
191
675
1657
2944
4095
4095
4095
4095
4095
4095
3641
3296
3112
2983
2755
2351
1759
1014
223
38
36
35
34
33
169
485
959
1682
2686
3870
4095
4095
4095
4095
3591
2202
1001
306
243
708
1490
2329
2976
3310
3344
3200
3058
3018
3085
3241
3440
3608
3613
3341
2759
2004
1308
837
679
843
1235
1722
2195
2541
2642
2430
1913
1184
413
37
35
32
305
1098
2128
3121
3828
4095
4095
4095
4095
4095
4095
4095
4095
3697
3101
2641
2377
2282
2317
2439
2616
2795
2846
2649
2205
1579
903
304
37
36
35
35
34
36
203
484
673
717
652
528
428
429
567
895
1457
2197
2981
3661
4095
4095
4095
4095
4095
4085
3732
3332
2984
2734
2596
2585
2689
2825
2839
2610
2119
1461
823
374
206
318
636
1054
1512
1947
2302
2586
2840
3099
3330
3406
3243
2859
2389
2019
1852
1872
2016
2174
2270
2307
2294
2254
2240
2249
2228
2131
1920
1615
1295
1063
988
1057
1235
1519
1922
2455
3028
3462
3580
3339
2819
2150
1476
935
669
750
1113
1628
2201
2782
3330
3784
4045
3993
3565
2811
1919
1197
889
1045
1548
2178
2725
3070
3197
3187
3160
3234
3453
3722
3861
3717
3249
2598
1981
1531
1225
930
513
40
36
35
33
108
809
1713
2529
3024
3092
2751
2120
1411
898
833
1332
2287
3417
4095
4095
4095
4095
4095
3866
3249
2665
2182
1827
1614
1499
1432
1375
1308
1275
1345
1514
1693
1799
1813
1748
1636
1502
1361
1289
1390
1713
2219
2748
3077
3061
2683
2044
1326
733
389
297
371
488
595
714
907
1228
1658
2116
2528
2852
3041
3066
2963
2810
2678
2662
2786
2959
3061
3039
2972
3001
3193
3466
3662
3648
3395
3039
2776
2754
2964
3277
3538
3589
3333
2779
1985
1068
181
37
37
36
34
33
407
1048
1624
1962
2063
2059
2126
2414
2954
3622
4095
4095
4095
4095
4095
4095
4095
4095
4095
3930
2869
1675
638
38
36
36
34
34
234
614
962
1232
1487
1778
2113
2481
2869
3262
3572
3644
3390
2848
2169
1613
1392
1588
2076
2557
2757
2536
1908
1024
89
38
36
35
32
460
1582
2873
3987
4095
4095
4095
4095
3738
2989
2419
2182
2304
2673
3101
3443
3593
3505
3206
2759
2248
1698
1114
561
182
86
269
693
1250
1878
2526
3121
3545
3649
3356
2741
2025
1432
1074
958
1053
1346
1849
2532
3286
3906
4095
4063
3571
2954
2469
2276
2394
2722
3073
3269
3211
2864
2271
1541
798
159
36
34
40
406
1066
1784
2318
2509
2373
2037
1681
1455
1372
1321
1170
887
600
475
605
969
1457
1946
2346
2621
2781
2904
3030
3132
3134
3011
2803
2609
2509
2472
2416
2318
2261
2325
2551
2934
3377
3742
3958
4013
3929
3709
3341
2825
2208
1577
994
496
140
40
72
327
817
1498
2287
3096
3773
4095
4095
3850
3225
2555
2039
1745
1610
1538
1458
1338
1214
1131
1139
1259
1442
1650
1899
2208
2539
2778
2797
2566
2174
1749
1462
1484
1903
2693
3638
4095
4095
4095
4095
3949
3171
2317
1479
754
180
36
35
34
34
67
288
684
1204
1741
2195
2540
2791
3000
3244
3559
3935
4095
4095
4095
4095
3975
2919
1667
521
37
34
34
265
825
1455
2031
2482
2781
2951
3047
3130
3201
3162
2893
2329
1492
522
38
36
34
33
637
1722
2929
4008
4095
4095
4095
4022
3087
2212
1608
1302
1180
1104
1032
1076
1394
2058
2952
3829
4095
4095
4095
4004
3030
1812
576
39
37
36
35
33
633
1662
2774
3661
4085
3962
3368
2562
1906
1711
2110
3016
4095
4095
4095
4095
4095
4095
4027
3031
2088
1254
532
38
36
36
35
34
45
191
509
1011
1672
2384
2986
3315
3278
2892
2242
1458
653
39
36
35
32
481
1560
2814
3831
4095
4095
4011
3438
2786
2174
1716
1452
1420
1655
2107
2687
3288
3795
4095
4095
3865
3286
2484
1655
1058
845
1035
1554
2241
2872
3205
3069
2503
1789
1288
1193
1410
1685
1820
1800
1701
1598
1573
1694
1952
2258
2495
2587
2541
2471
2459
2532
2711
2967
3247
3496
3638
3586
3276
2731
2031
1320
799
581
654
914
1163
1222
1053
748
449
281
332
654
1177
1716
2052
2038
1685
1137
604
288
346
831
1682
2760
3850
4095
4095
4095
4095
4095
4095
4095
3841
3601
3387
3088
2702
2328
2089
1996
1919
1733
1378
859
268
37
36
35
33
89
522
1064
1501
1689
1598
1363
1212
1343
1824
2582
3439
4095
4095
4095
4095
3930
3387
3087
3158
3544
4038
4095
4095
3719
2741
1528
325
39
37
36
34
71
951
2238
3553
4095
4095
4095
3421
1928
400
37
34
32
925
2466
3994
4095
4095
4095
4095
4095
2811
1441
297
38
36
35
34
42
412
962
1556
2165
2783
3368
3801
3910
3587
2890
2032
1294
901
883
1130
1515
1953
2380
2754
3067
3276
3298
3061
2544
1864
1291
1081
1366
2096
3014
3744
4033
3847
3300
2569
1851
1286
922
732
614
460
240
64
62
330
929
1674
2321
2672
2714
2635
2668
2926
3377
3877
4095
4095
4095
4095
4095
3762
3435
3173
2924
2631
2268
1833
1379
1006
777
717
853
1163
1530
1777
1777
1500
979
337
38
36
35
33
260
1029
1994
2913
3547
3745
3484
2895
2249
1815
1707
1897
2300
2800
3250
3530
3595
3475
3232
2943
2706
2664
2921
3438
3973
4095
3957
3258
2395
1696
1412
1568
1972
2376
2595
2572
2388
2178
2076
2100
2181
2214
2128
1951
1732
1507
1304
1139
1075
1138
1279
1417
1467
1328
955
391
37
34
77
750
1709
2542
3000
3098
3039
3067
3291
3647
3942
3937
3530
2804
1987
1378
1129
1181
1406
1711
2031
2287
2345
2094
1531
792
133
34
75
617
1429
2236
2848
3209
3376
3449
3523
3658
3839
4004
4095
4031
3723
3141
2328
1404
577
84
73
508
1301
2169
2800
3036
2940
2692
2470
2349
2275
2199
2085
1888
1584
1181
777
521
479
635
970
1508
2270
3162
3954
4095
4095
3540
2493
1391
543
144
245
739
1418
2080
2628
3039
3301
3434
3532
3719
4095
4095
4095
4095
4095
4095
3348
2060
978
390
365
735
1249
1709
1989
2060
1939
1653
1301
990
743
513
234
36
36
35
34
34
241
922
1924
3004
3871
4095
4095
4095
3961
3915
4095
4095
4095
4095
4095
4095
4095
4095
2854
1427
64
40
38
36
35
34
43
274
487
652
909
1369
1968
2487
2754
2764
2656
2612
2710
2917
3156
3305
3245
2944
2458
1914
1501
1319
1359
1532
1663
1598
1320
983
780
848
1195
1704
2267
2822
3311
3674
3896
3988
3951
3786
3472
2966
2282
1546
976
744
897
1326
1794
2107
2238
2274
2309
2386
2484
2561
2610
2657
2729
2795
2800
2700
2431
1977
1379
755
246
37
47
307
817
1451
2114
2736
3245
3615
3842
3940
3981
4018
4075
4095
4095
4095
4055
3616
2960
2221
1613
1332
1467
1923
2466
2889
3087
3062
2835
2378
1688
867
125
35
33
326
1040
1783
2252
2284
1896
1230
532
73
55
480
1372
2510
3575
4095
4095
3577
2435
1158
131
34
79
889
2157
3482
4095
4095
4095
4095
3696
2896
2036
1208
540
162
186
603
1267
1979
2602
3084
3434
3614
3508
3020
2164
1154
341
38
132
600
1165
1579
1748
1763
1771
1840
1939
1964
1843
1606
1376
1327
1619
2272
3151
4061
4095
4095
4095
4095
3848
2681
1565
865
760
1177
1815
2324
2468
2244
1835
1485
1426
1757
2385
3070
3543
3588
3165
2424
1631
1060
890
1175
1784
2485
3016
3143
2766
1950
923
45
36
34
111
840
1781
2562
2916
2775
2272
1658
1234
1258
1792
2668
3602
4095
4095
4095
3843
3335
3075
3168
3503
3779
3687
3104
2144
1096
314
60
275
772
1254
1530
1531
1334
1127
1078
1230
1467
1594
1473
1099
591
192
151
591
1427
2356
3057
3332
3171
2778
2367
2042
1813
1668
1602
1586
1622
1716
1843
2005
2207
2420
2605
2681
2588
2363
2107
1924
1927
2198
2685
3209
3541
3555
3275
2856
2482
2237
2113
2089
2184
2425
2766
3075
3185
2981
2496
1890
1374
1152
1304
1753
2333
2894
3303
3493
3470
3273
2968
2614
2204
1757
1350
1050
916
978
1166
1395
1642
1917
2185
2381
2486
2533
2578
2612
2512
2135
1440
547
38
36
34
37
513
1154
1615
1772
1683
1482
1328
1371
1691
2287
3107
4021
4095
4095
4095
4095
4003
3239
2723
2485
2398
2316
2209
2157
2271
2548
2825
2867
2499
1708
707
39
36
34
33
234
878
1798
2877
3923
4095
4095
4095
4095
4095
3903
3525
3292
3164
3045
2815
2355
1683
937
336
84
208
628
1189
1699
2023
2149
2112
1980
1798
1559
1271
960
632
287
37
36
34
50
444
1132
1942
2726
3391
3910
4095
4095
4095
4095
4095
4095
4095
3050
1942
1138
831
1026
1596
2340
3054
3588
3807
3630
3077
2272
1403
640
139
42
165
449
726
939
1094
1235
1389
1544
1718
1912
2099
2231
2223
2045
1733
1355
1057
1020
1379
2132
3080
3898
4095
4095
3984
3511
3088
2778
2595
2566
2705
3005
3367
3633
3669
3406
2898
2268
1650
1151
814
687
800
1100
1429
1592
1478
1141
769
574
711
1194
1857
2422
2638
2443
2024
1671
1566
1704
1971
2231
2384
2444
2454
2424
2387
2365
2326
2234
2058
1824
1599
1439
1430
1656
2156
2918
3835
4095
4095
4095
4095
4095
3715
3017
2496
2209
2119
2126
2082
1828
1335
667
40
37
35
33
233
819
1361
1621
1578
1374
1158
1024
997
1085
1335
1783
2421
3152
3786
4095
4095
3973
3826
3901
4095
4095
4095
4095
3757
2862
1917
1075
442
103
130
530
1233
2054
2722
3019
2906
2521
2112
1888
1937
2211
2571
2875
2969
2768
2309
1710
1133
690
390
181
40
34
34
83
438
903
1237
1333
1272
1230
1374
1796
2441
3170
3849
4095
4095
4095
3676
2911
2111
1432
953
661
536
565
752
1110
1606
2172
2718
3157
3405
3467
3453
3514
3763
4095
4095
4095
4061
3217
2228
1463
1179
1381
1837
2235
2389
2341
2266
2338
2628
3055
3438
3583
3331
2699
1893
1169
742
735
1134
1825
2620
3317
3757
3862
3656
3221
2630
1941
1258
656
178
36
34
43
168
384
636
935
1313
1784
2299
2774
3093
3184
3046
2705
2193
1602
1079
724
535
489
588
803
1042
1173
1079
740
284
37
109
773
2002
3543
4095
4095
4095
4095
4095
3836
3343
3306
3688
4095
4095
4095
4095
3362
2419
1456
674
260
307
710
1180
1439
1346
918
317
36
35
33
46
313
770
1328
1885
2324
2539
2500
2283
2062
2014
2255
2792
3535
4095
4095
4095
4095
4095
3768
3270
3009
3000
3165
3381
3519
3439
3062
2449
1763
1161
713
414
209
64
36
34
37
274
913
1887
3070
4095
4095
4095
4095
4095
4095
3597
2402
1389
707
390
380
563
851
1215
1662
2180
2644
2860
2696
2199
1527
823
174
36
35
35
33
214
830
1554
2151
2453
2434
2236
2064
2082
2326
2717
3134
3471
3657
3639
3444
3203
3021
2909
2841
2818
2867
2981
3088
3070
2793
2202
1345
372
37
36
32
256
1143
2208
3109
3585
3570
3179
2629
2166
1945
1989
2179
2387
2518
2504
2338
2095
1896
1859
2033
2316
2535
2533
2256
1842
1560
1623
2074
2789
3575
4095
4095
4095
4095
3713
2739
1680
838
463
616
1160
1859
2432
2649
2438
1875
1108
379
36
60
523
1352
2261
2973
3296
3133
2538
1729
1040
785
1111
1891
2774
3412
3652
3538
3213
2789
2312
1777
1208
661
250
73
109
362
856
1525
2232
2804
3135
3214
3102
2916
2795
2786
2839
2874
2816
2608
2288
1946
1651
1436
1287
1224
1333
1687
2244
2806
3136
3122
2852
2517
2308
2293
2377
2400
2233
1848
1333
823
456
367
682
1444
2574
3869
4095
4095
4095
4095
4095
3852
2558
1349
484
86
66
216
479
827
1288
1860
2410
2712
2577
2021
1289
705
468
541
733
829
727
476
260
272
603
1259
2122
2983
3610
3858
3735
3386
2974
2621
2431
2486
2790
3273
3848
4095
4095
4095
4095
3756
2819
1939
1354
1177
1354
1707
2010
2032
1642
867
42
38
37
35
33
116
731
1610
2660
3795
4095
4095
4095
4095
4095
4095
3547
2613
1907
1501
1385
1456
1521
1402
1046
540
57
35
34
290
985
1789
2386
2555
2296
1801
1292
951
873
1041
1428
2021
2793
3688
4095
4095
4095
4095
4095
4095
3236
2136
1142
461
219
365
750
1193
1551
1796
1932
1944
1827
1629
1472
1425
1458
1520
1572
1609
1670
1784
1995
2294
2584
2775
2811
2709
2540
2336
2132
1975
1911
2013
2254
2488
2547
2378
2058
1748
1638
1815
2210
2615
2796
2606
2100
1537
1242
1437
2109
3024
3828
4095
4095
3845
3398
3078
2914
2755
2452
1970
1362
704
87
36
34
33
267
793
1324
1716
1934
2002
1972
1862
1680
1491
1372
1349
1406
1506
1664
1953
2408
3014
3671
4095
4095
4095
3892
3367
2964
2812
2946
3255
3524
3545
3244
2728
2205
1883
1885
2202
2708
3186
3413
3282
2789
2045
1227
514
88
59
364
988
1749
2476
3029
3324
3306
2967
2401
1722
1062
573
344
344
483
637
728
794
939
1246
1663
1997
2039
1690
1032
336
37
187
945
2078
3223
4005
4095
3975
3409
2812
2391
2228
2260
2403
2618
2860
3084
3238
3247
3110
2876
2624
2423
2304
2245
2187
2123
2118
2208
2391
2626
2798
2826
2719
2525
2309
2120
1980
1891
1801
1689
1607
1599
1641
1665
1626
1543
1480
1506
1607
1755
1934
2155
2482
2962
3581
4095
4095
4095
4095
3777
2672
1482
490
38
110
781
1788
2692
3162
3113
2658
2026
1421
919
541
269
79
35
36
102
490
1229
2261
3386
4095
4095
4095
4095
3601
2432
1305
498
144
260
791
1594
2475
3211
3641
3726
3501
3073
2557
2066
1681
1471
1489
1721
2093
2539
2993
3373
3565
3451
3009
2339
1648
1171
1043
1259
1651
1999
2180
2200
2169
2190
2291
2406
2450
2397
2250
1986
1536
854
46
38
37
36
34
36
761
1831
2810
3408
3496
3112
2442
1774
1407
1539
2173
3131
4095
4095
4095
4095
4095
4095
4095
4095
3787
2608
1651
1135
1093
1370
1723
1948
1909
1585
1067
498
54
35
34
35
34
49
397
996
1685
2307
2760
3050
3218
3284
3275
3203
3045
2780
2421
2078
1929
2125
2697
3527
4095
4095
4095
4095
4095
4089
3455
2801
2203
1752
1504
1402
1326
1188
936
565
110
37
36
35
35
34
34
160
401
668
970
1347
1820
2350
2892
3392
3800
4081
4095
4083
3876
3703
3697
3870
4095
4095
4095
3753
3107
2297
1529
1039
970
1326
1961
2635
3105
3216
2968
2452
1829
1312
1036
989
1026
1010
925
866
947
1170
1401
1490
1368
1060
659
325
202
322
630
1064
1612
2253
2925
3543
4024
4095
4095
4095
4006
3744
3464
3127
2701
2251
1885
1674
1649
1816
2113
2451
2736
2877
2872
2773
2613
2426
2240
2096
2073
2240
2590
2992
3233
3153
2716
2006
1244
690
482
585
826
996
997
863
660
484
439
640
1175
2028
3068
4095
4095
4095
4095
4095
4095
4095
3993
3229
2547
1993
1521
1031
429
38
37
36
34
34
111
573
1137
1662
2019
2161
2149
2119
2231
2573
3050
3418
3431
2978
2186
1394
958
1048
1602
2420
3194
3622
3571
3089
2375
1699
1265
1152
1297
1550
1744
1810
1776
1717
1705
1756
1890
2171
2657
3345
4095
4095
4095
4095
4095
3503
2592
1825
1299
1067
1112
1317
1508
1545
1415
1240
1150
1156
1184
1171
1126
1130
1321
1781
2488
3261
3833
4025
3843
3444
3020
2661
2373
2129
1921
1767
1673
1636
1653
1718
1823
1965
2101
2199
2297
2446
2675
2913
2983
2732
2137
1368
672
220
105
283
674
1168
1664
2085
2378
2533
2571
2532
2441
2346
2272
2203
2099
1928
1737
1607
1583
1713
2048
2564
3140
3587
3765
3644
3303
2876
2504
2317
2372
2577
2729
2609
2117
1399
780
526
692
1171
1778
2332
2710
2863
2866
2863
2981
3201
3338
3171
2592
1734
926
481
530
974
1580
2105
2400
2448
2317
2156
2113
2226
2394
2511
2543
2536
2521
2464
2349
2223
2128
2037
1868
1556
1123
685
382
263
312
536
968
1575
2272
2952
3495
3812
3826
3563
3137
2668
2295
2146
2286
2673
3176
3635
3871
3779
3391
2819
2209
1688
1371
1317
1508
1809
1980
1869
1492
1003
590
334
265
405
725
1127
1453
1621
1694
1780
1970
2300
2699
3062
3280
3224
2831
2149
1381
817
662
1025
1787
2652
3298
3528
3344
2885
2384
2020
1842
1841
2007
2295
2633
2972
3249
3416
3457
3367
3169
2904
2632
2372
2145
1979
1858
1725
1557
1352
1135
951
807
728
744
832
961
1136
1364
1621
1875
2091
2230
2343
2553
2920
3419
3936
4095
4095
4009
3541
3088
2781
2646
2581
2487
2326
2130
1995
1970
2007
2056
2091
2122
2157
2200
2246
2241
2103
1822
1504
1310
1356
1652
2069
2419
2555
2430
2136
1780
1420
1102
898
836
894
1012
1114
1150
1088
936
786
811
1168
1898
2838
3705
4095
4095
3656
2764
1831
1206
1082
1434
2045
2604
2897
2883
2640
2311
2087
2112
2436
2977
3512
3804
3757
3415
2869
2184
1453
828
416
283
405
716
1087
1345
1341
1062
650
322
252
427
714
966
1138
1286
1483
1821
2400
3246
4095
4095
4095
4095
4095
3911
2948
2241
1967
2129
2562
2981
3129
2927
2521
2123
1910
1930
2084
2218
2178
1942
1629
1416
1417
1636
1981
2328
2573
2613
2378
1869
1235
716
533
823
1552
2503
3349
3834
3881
3609
3258
3042
3006
3007
2851
2443
1839
1159
568
242
296
702
1314
1911
2315
2467
2386
2107
1665
1122
626
361
415
729
1144
1471
1598
1560
1497
1547
1780
2137
2522
2894
3230
3535
3839
4095
4095
4095
4095
4095
3890
3317
2630
1910
1217
615
169
36
64
340
808
1345
1870
2336
2652
2701
2451
2015
1601
1384
1434
1681
1943
2035
1844
1427
973
690
713
1049
1642
2419
3286
4089
4095
4095
4095
4095
3538
2801
2222
1922
1936
2138
2323
2319
2054
1568
940
286
37
35
34
179
938
1946
2841
3353
3382
3004
2443
1933
1640
1640
1956
2546
3296
3989
4095
4095
3470
2567
1811
1462
1543
1869
2187
2315
2201
1917
1597
1372
1354
1573
1937
2286
2488
2480
2304
2030
1694
1319
916
478
51
36
35
33
351
1266
2361
3318
3962
4095
4095
3897
3500
3119
2871
2834
2983
3218
3410
3444
3273
2915
2445
1944
1477
1093
869
851
1016
1280
1485
1504
1308
960
573
276
224
577
1415
2625
3899
4095
4095
4095
4095
3817
3224
2840
2646
2573
2527
2392
2099
1635
1064
558
315
472
1066
1958
2900
3640
4014
4046
3872
3608
3293
2935
2548
2136
1739
1397
1142
996
942
957
1031
1129
1229
1352
1545
1842
2217
2572
2780
2752
2518
2196
1919
1783
1821
2016
2290
2528
2583
2309
1661
758
40
36
35
34
35
35
34
34
71
493
1281
2321
3461
4095
4095
4095
4095
4095
4095
3641
3049
2738
2634
2596
2518
2355
2101
1837
1719
1874
2351
3060
3759
4095
4095
3830
3187
2376
1492
607
39
37
34
33
331
1103
1893
2446
2602
2346
1771
1072
512
321
619
1392
2453
3506
4095
4095
4095
4095
4095
4095
4095
4095
4095
3917
3466
2705
1725
697
39
36
35
33
98
443
892
1339
1693
1891
1927
1854
1715
1588
1556
1665
1945
2382
2906
3397
3679
3683
3477
3209
2990
2839
2702
2520
2287
2040
1821
1607
1358
1054
717
407
232
302
684
1333
2088
2733
3069
3003
2576
1954
1368
1077
1282
2028
3173
4095
4095
4095
4095
4095
4050
3174
2295
1435
609
39
36
35
32
394
1471
2870
4095
4095
4095
4095
4095
3095
1817
631
38
36
34
33
395
1045
1716
2337
2902
3427
3835
3974
3755
3216
2524
1943
1691
1807
2171
2575
2830
2888
2774
2551
2280
2003
1781
1628
1513
1389
1178
871
532
246
112
136
301
579
924
1331
1778
2224
2617
2904
3058
3102
3047
2901
2677
2426
2261
2252
2402
2673
2957
3129
3121
2914
2514
2001
1491
1061
797
739
821
943
1066
1237
1511
1934
2526
3254
4035
4095
4095
4095
4095
4095
3919
3177
2599
2149
1731
1262
731
215
36
35
34
99
522
1060
1477
1629
1497
1163
834
771
1114
1839
2809
3813
4095
4095
4095
4095
4095
4095
3995
3760
3623
3538
3461
3344
3156
2880
2505
2006
1355
546
39
40
39
38
36
34
34
119
471
763
896
883
841
915
1189
1709
2453
3309
4093
4095
4095
4095
4095
4095
4095
4095
4095
4095
4095
4095
3820
3524
3256
3034
2835
2571
2206
1804
1479
1305
1277
1364
1509
1612
1544
1228
698
69
36
35
33
172
812
1642
2440
3049
3439
3607
3522
3205
2737
2275
1972
1896
2052
2358
2706
2986
3065
2915
2643
2380
2213
2166
2176
2152
2062
1917
1766
1717
1853
2145
2415
2459
2188
1672
1070
602
465
702
1181
1692
2082
2328
2489
2641
2856
3166
3562
3948
4095
4095
3687
2967
2213
1704
1616
1950
2511
3017
3258
3163
2753
2085
1282
492
38
35
35
34
33
37
163
578
1234
1985
2624
3020
3204
3332
3569
3962
4095
4095
4095
3929
3216
2498
1917
1536
1366
1393
1625
2036
2514
2912
3081
2927
2485
1906
1416
1144
1061
1057
1022
893
678
485
482
767
1283
1900
2459
2829
2966
2922
2812
2747
2777
2865
2912
2813
2534
2165
1863
1727
1809
2134
2690
3391
4047
4095
4095
3642
2743
1953
1606
1849
2589
3532
4095
4095
3965
2986
1846
877
303
134
190
235
100
36
36
34
33
212
880
1821
2806
3557
3857
3671
3166
2605
2156
1870
1763
1876
2216
2694
3185
3593
3833
3835
3549
3003
2311
1600
965
492
262
357
816
1520
2201
2590
2538
2069
1364
678
283
383
1021
2024
3034
3677
3742
3288
2578
1902
1514
1519
1812
2182
2470
2680
2912
3228
3553
3759
3740
3459
3001
2536
2194
2054
2111
2277
2421
2403
2189
1877
1583
1334
1087
784
465
232
141
192
390
742
1243
1855
2505
3153
3719
4080
4095
3906
3400
2747
2098
1586
1292
1244
1427
1752
2065
2244
2291
2313
2405
2603
2859
3097
3294
3460
3614
3714
3655
3358
2804
2089
1416
993
960
1328
1968
2668
3153
3233
2892
2278
1632
1169
939
813
602
156
38
39
39
37
34
32
474
1629
2845
3738
4095
3948
3546
3182
3067
3295
3768
4095
4095
4095
4095
4031
3409
2813
2353
2069
1932
1868
1786
1594
1258
849
497
293
306
532
865
1170
1342
1413
1557
1970
2728
3699
4095
4095
4095
4095
4095
3649
2892
2145
1433
784
236
36
35
35
34
50
335
883
1582
2337
3054
3667
4095
4095
4095
4095
4095
4095
4095
4095
4031
3704
3345
3021
2793
2633
2430
2074
1519
850
295
79
260
745
1240
1452
1248
694
73
35
46
607
1542
2487
3130
3349
3175
2709
2137
1624
1253
1092
1186
1478
1829
2105
2202
2073
1762
1418
1207
1246
1569
2101
2700
3229
3578
3706
3627
3401
3118
2816
2545
2364
2294
2301
2313
2231
1971
1517
990
597
507
746
1236
1867
2540
3200
3799
4095
4095
4095
4095
4082
3544
2802
1923
974
84
37
36
34
34
137
546
984
1371
1745
2174
2665
3152
3564
3862
4015
3955
3631
3040
2333
1776
1569
1764
2240
2736
3043
3103
2955
2716
2525
2427
2368
2310
2266
2237
2214
2165
2057
1880
1621
1261
789
248
36
34
133
673
1337
1921
2360
2655
2821
2901
2935
2978
3059
3118
3067
2898
2685
2541
2591
2884
3341
3748
3869
3600
3040
2393
1845
1484
1316
1305
1370
1466
1612
1853
2181
2475
2576
2417
2112
1868
1879
2212
2722
3122
3135
2617
1627
425
38
36
32
373
1527
2897
4014
4095
4095
4051
3297
2469
1674
996
554
424
576
917
1389
1970
2621
3244
3703
3905
3893
3790
3716
3673
3539
3170
2501
1591
608
38
34
46
684
1657
2551
3016
2881
2204
1240
316
36
34
229
864
1704
2635
3567
4095
4095
4095
4095
4095
3901
3130
2283
1493
902
617
709
1123
1716
2347
2875
3209
3289
3051
2525
1847
1224
869
845
1016
1198
1255
1120
816
449
163
97
305
732
1242
1699
1990
2101
2130
2204
2432
2896
3582
4095
4095
4095
4095
4095
4095
3997
3688
3264
2710
2122
1603
1176
836
564
358
247
242
323
400
386
292
246
382
727
1232
1827
2414
2877
3167
3309
3365
3409
3483
3557
3622
3700
3826
4020
4095
4095
4095
3869
3142
2205
1298
672
446
579
887
1118
1091
741
194
36
35
33
176
672
1353
2139
2898
3469
3754
3706
3327
2669
1826
958
312
92
357
1043
1943
2848
3602
4071
4095
3933
3481
2995
2630
2444
2437
2544
2631
2576
2376
2159
2076
2132
2212
2165
1956
1690
1521
1600
1934
2375
2711
2747
2413
1843
1291
1010
1168
1778
2713
3743
4095
4095
4095
4050
3189
2364
1714
1287
1139
1286
1647
2077
2440
2624
2558
2283
1939
1684
1623
1750
1949
2077
2085
1976
1791
1566
1314
1049
738
345
37
37
36
34
32
456
1411
2530
3543
4095
4095
4095
3958
3535
3230
3057
2928
2713
2347
1914
1578
1498
1755
2247
2701
2849
2600
2121
1711
1617
1877
2346
2851
3251
3472
3461
3170
2610
1869
1094
391
37
36
35
34
38
367
1022
1818
2592
3219
3599
3684
3481
3069
2641
2457
2715
3427
4095
4095
4095
4095
4095
3360
2782
2563
2616
2777
2822
2549
1934
1152
479
165
286
702
1107
1214
931
432
62
58
409
1048
1718
2205
2357
2129
1586
951
531
535
957
1600
2185
2559
2774
2935
3082
3184
3164
2969
2637
2305
2151
2286
2699
3293
3881
4095
4095
4095
4087
3473
2649
1722
871
279
77
286
879
1644
2286
2570
2470
2171
1901
1810
1911
2115
2291
2298
2044
1546
973
611
697
1249
2056
2840
3356
3458
3204
2820
2567
2593
2859
3181
3366
3362
3248
3127
3010
2804
2437
1914
1312
728
202
36
36
34
34
65
346
704
1037
1336
1689
2148
2720
3371
4011
4095
4095
4095
3860
2866
1703
680
96
60
381
884
1375
1817
2235
2622
2934
3121
3163
3041
2789
2475
2158
1947
1974
2315
2937
3699
4095
4095
4095
4089
3363
2652
2097
1719
1459
1223
949
633
318
51
36
35
34
33
223
885
1867
3000
4031
4095
4095
4095
3470
2380
1440
956
1082
1719
2553
3175
3311
2949
2362
1915
1862
2242
2875
3525
3988
4095
3978
3487
2815
2090
1423
883
438
83
34
35
35
35
35
36
36
36
36
33
176
860
1813
2831
3707
4095
4095
4095
4071
3908
3959
4095
4095
4095
4095
4095
4095
4095
4095
4095
4095
4095
4095
3527
2538
1175
44
41
42
41
35
33
32
570
1312
1945
2448
2860
3201
3429
3530
3561
3572
3613
3724
3901
4087
4095
4095
4095
3914
3648
3393
3198
3076
2945
2690
2219
1527
710
40
38
37
36
35
34
33
360
1101
2039
2973
3640
3860
3643
3141
2532
1948
1460
1127
999
1053
1220
1467
1825
2316
2865
3352
3661
3708
3485
3090
2720
2576
2776
3288
3893
4095
4095
4095
3801
3121
2297
1432
648
93
34
91
405
792
1081
1144
965
667
431
399
673
1251
2052
2962
3800
4095
4095
4095
3777
3092
2410
1894
1619
1574
1665
1781
1893
2048
2257
2458
2560
2548
2536
2631
2874
3253
3663
3995
4095
4095
4036
3646
3046
2302
1555
984
699
656
712
746
705
584
466
497
788
1334
2009
2612
2926
2898
2625
2297
2087
2078
2271
2554
2820
3029
3190
3307
3314
3098
2615
1929
1216
693
497
634
1021
1485
1810
1883
1716
1386
1044
817
730
795
1043
1513
2186
2965
3657
4072
4095
3746
3136
2397
1641
953
426
198
386
966
1728
2381
2714
2741
2648
2602
2634
2662
2630
2592
2673
2920
3256
3511
3513
3229
2803
2407
2177
2184
2432
2855
3294
3559
3505
3101
2491
1852
1286
804
416
210
306
781
1576
2504
3340
3912
4095
4003
3546
2903
2226
1596
1007
411
37
35
35
33
192
656
1195
1633
1824
1709
1410
1184
1275
1801
2661
3588
4095
4095
4095
4095
3638
3076
2675
2469
2427
2491
2555
2498
2277
1929
1525
1181
983
977
1207
1641
2176
2718
3203
3605
3890
4012
3945
3651
3099
2359
1561
858
374
134
138
384
800
1227
1486
1519
1448
1498
1830
2404
2976
3268
3172
2819
2468
2310
2353
2511
2686
2799
2833
2805
2720
2553
2254
1784
1156
464
37
34
210
1010
2078
3072
3743
4006
3933
3706
3445
3169
2836
2444
2075
1804
1631
1543
1567
1753
2125
2596
2956
3036
2787
2313
1841
1596
1692
2044
2401
2484
2185
1605
988
561
398
494
831
1324
1833
2246
2544
2778
2974
3053
2927
2614
2261
2011
1883
1829
1829
1921
2121
2385
2613
2651
2394
1832
1113
502
266
572
1328
2206
2836
2992
2710
2204
1737
1491
1560
1976
2688
3559
4095
4095
4095
4035
3062
2094
1349
887
684
660
730
882
1161
1563
2038
2507
2873
3069
3021
2708
2225
1733
1362
1177
1212
1508
2086
2885
3694
4095
4095
3634
2586
1423
554
238
516
1213
2051
2814
3408
3819
4037
4037
3809
3337
2611
1664
626
39
37
36
36
34
36
336
872
1470
1989
2398
2702
2890
2985
3034
3103
3235
3394
3551
3724
3930
4095
4095
4095
4095
3963
3355
2664
2034
1523
1100
715
378
150
116
307
706
1275
1955
2634
3184
3516
3565
3274
2651
1778
852
118
36
34
40
212
534
973
1592
2433
3464
4095
4095
4095
4095
3721
2656
1927
1787
2248
3047
3755
3971
3487
2375
991
40
36
33
61
579
1194
1716
2078
2264
2290
2188
2032
1964
2060
2269
2506
2737
2951
3185
3469
3743
3897
3828
3435
2701
1765
913
446
539
1109
1857
2458
2726
2683
2510
2410
2486
2659
2718
2493
1943
1139
286
37
35
34
120
476
936
1467
2035
2522
2830
2945
2955
2979
3096
3316
3558
3699
3677
3482
3171
2862
2611
2368
2076
1740
1417
1165
1010
907
797
641
495
500
737
1169
1703
2238
2720
3120
3384
3428
3191
2739
2290
2100
2290
2798
3430
3917
4051
3721
2956
1958
1017
420
316
683
1344
2024
2526
2825
3021
3255
3547
3764
3763
3510
3059
2482
1900
1472
1320
1479
1847
2182
2301
2151
1752
1189
564
53
35
34
116
579
1271
2001
2620
3003
3095
2970
2787
2655
2621
2665
2751
2844
2876
2797
2635
2464
2342
2274
2186
2006
1769
1576
1510
1594
1757
1937
2093
2186
2250
2385
2688
3155
3665
4029
4095
3921
3522
2949
2236
1475
801
308
58
50
211
590
1100
1575
1879
1990
2038
2147
2375
2690
2980
3159
3179
3041
2802
2561
2459
2585
2913
3290
3496
3356
2862
2124
1301
603
236
317
840
1668
2532
3118
3219
2794
1958
980
153
36
34
92
646
1483
2345
2933
3100
2920
2588
2308
2246
2460
2917
3501
4005
4095
4028
3517
2811
2064
1348
737
298
65
57
259
690
1198
1586
1738
1695
1637
1775
2214
2911
3707
4095
4095
4095
3963
3204
2521
2069
1808
1623
1409
1134
881
710
626
640
742
836
844
733
541
355
325
617
1330
2406
3645
4095
4095
4095
4095
4095
4095
3551
2776
2311
2260
2546
2931
3136
2985
2486
1819
1205
788
626
722
1024
1414
1732
1833
1646
1262
916
793
916
1179
1452
1697
1927
2122
2265
2349
2364
2316
2262
2255
2309
2402
2471
2507
2586
2765
3012
3232
3336
3323
3223
3083
2911
2645
2232
1661
985
340
36
39
354
954
1547
1903
1932
1680
1287
918
735
888
1476
2476
3731
4095
4095
4095
4095
4095
4095
4095
3448
3025
2828
2684
2436
2051
1584
1153
874
753
675
514
230
37
36
34
43
310
727
1130
1429
1598
1630
1561
1498
1589
1884
2276
2574
2601
2292
1746
1205
988
1312
2205
3479
4095
4095
4095
4095
4095
4095
3399
2238
1098
132
36
34
32
310
823
1244
1433
1397
1253
1145
1138
1196
1251
1290
1413
1742
2290
2921
3422
3623
3451
3009
2498
2132
2043
2244
2665
3206
3769
4095
4095
4095
3853
3014
2003
1016
229
36
33
230
764
1334
1764
1987
2050
2087
2177
2278
2292
2107
1697
1147
609
236
139
402
1090
2168
3448
4095
4095
4095
4095
4095
4095
4095
4044
3432
2810
2271
1823
1449
1145
916
801
832
968
1140
1286
1324
1185
835
315
37
36
35
34
70
713
1742
2869
3804
4095
4095
4095
3764
3565
3555
3631
3665
3574
3316
2903
2380
1880
1613
1764
2385
3345
4095
4095
4095
4095
4043
2785
1455
272
38
37
36
36
36
34
34
35
233
691
1375
2222
3051
3652
3907
3826
3576
3372
3383
3677
4095
4095
4095
4095
3687
2466
1107
42
37
36
34
32
388
978
1420
1629
1722
1853
2081
2363
2624
2810
2901
2960
3103
3380
3771
4095
4095
4095
4095
4095
4020
3065
1983
996
262
36
34
108
558
1249
2051
2783
3306
3590
3672
3644
3618
3650
3731
3745
3550
3044
2190
1063
42
37
36
33
124
904
1742
2283
2403
2162
1754
1444
1439
1837
2572
3400
4034
4095
4095
3874
3387
2898
2521
2320
2236
2131
1875
1439
935
515
283
248
286
229
40
36
36
34
33
304
956
1672
2299
2770
3060
3224
3354
3538
3866
4095
4095
4095
4095
4095
4095
3663
2989
2412
2012
1817
1769
1786
1826
1888
1954
1984
1994
2078
2343
2842
3523
4095
4095
4095
4095
4095
3475
2508
1701
1162
904
826
756
566
256
37
34
35
148
399
642
817
936
1044
1219
1506
1888
2268
2577
2803
2939
2938
2732
2281
1698
1244
1181
1619
2426
3274
3799
3768
3157
2216
1351
889
924
1342
1884
2280
2372
2185
1918
1779
1852
2068
2249
2239
2028
1743
1556
1591
1869
2356
2936
3425
3704
3785
3775
3778
3816
3814
3641
3261
2763
2270
1853
1512
1178
789
332
37
36
35
33
93
622
1442
2441
3496
4095
4095
4095
4095
4095
3833
3279
2855
2649
2715
3035
3455
3749
3707
3194
2225
964
40
37
36
33
229
900
1594
2187
2672
3041
3232
3173
2858
2366
1796
1244
787
504
502
849
1494
2265
2955
3448
3730
3875
3979
4074
4095
3950
3635
3234
2881
2659
2522
2356
2054
1537
857
148
37
36
36
34
34
56
358
836
1401
1964
2438
2805
3040
3094
2932
2605
2278
2132
2226
2467
2706
2838
2835
2736
2579
2421
2305
2218
2169
2201
2327
2541
2846
3230
3665
4095
4095
4095
4095
3640
2898
2066
1209
432
37
34
82
650
1545
2541
3415
4001
4095
4087
3621
2840
1872
950
339
177
413
843
1183
1229
987
658
476
598
1017
1544
1927
1993
1778
1517
1464
1765
2371
3043
3499
3540
3141
2485
1845
1443
1386
1698
2346
3236
4095
4095
4095
4095
4095
4007
3061
2256
1714
1395
1220
1107
966
759
537
391
386
535
774
1028
1296
1647
2095
2566
2978
3303
3531
3645
3620
3460
3259
3106
3049
3116
3282
3451
3505
3318
2796
1959
1002
231
35
148
707
1471
2221
2798
3123
3212
3080
2757
2326
1846
1377
956
553
169
36
34
36
211
600
983
1200
1230
1146
1093
1240
1645
2264
3002
3675
4065
4031
3607
2986
2386
1942
1739
1832
2221
2800
3391
3824
3955
3711
3170
2521
1972
1709
1802
2129
2430
2523
2382
2071
1657
1201
753
421
337
541
973
1513
1997
2327
2487
2515
2464
2375
2285
2249
2311
2502
2855
3331
3790
4018
3842
3221
2318
1420
744
386
310
407
609
881
1181
1476
1774
2105
2499
2981
3498
3967
4095
4095
4095
4095
3529
2727
1975
1438
1186
1202
1422
1808
2282
2704
2896
2726
2170
1360
586
163
247
770
1547
2341
2994
3431
3612
3576
3400
3144
2843
2483
2098
1821
1785
2020
2434
2898
3313
3611
3717
3493
2839
1780
539
39
35
32
441
1405
2370
2990
3052
2525
1537
372
38
35
32
594
1716
2809
3467
3500
2996
2234
1556
1265
1479
2082
2773
3215
3253
2989
2674
2504
2492
2547
2604
2663
2764
2909
3017
2952
2621
2069
1485
1073
942
1054
1261
1455
1630
1791
1950
2109
2269
2444
2602
2683
2612
2307
1760
1093
477
68
37
241
790
1505
2239
2866
3336
3698
4015
4095
4095
4095
3665
2859
1949
1197
858
1028
1621
2448
3246
3750
3783
3344
2582
1722
1026
715
889
1466
2237
2977
3475
3566
3196
2433
1457
487
38
36
33
222
962
1903
2788
3408
3695
3703
3583
3443
3283
3037
2639
2127
1689
1547
1791
2342
2981
3463
3617
3361
2779
2045
1366
904
684
645
713
865
1111
1488
1984
2529
3002
3275
3250
2877
2208
1419
748
398
492
1003
1752
2465
2865
2818
2366
1684
1047
690
740
1216
1974
2732
3210
3269
3005
2686
2565
2710
2990
3180
3096
2705
2166
1741
1619
1801
2144
2459
2605
2561
2371
2095
1757
1428
1232
1246
1463
1804
2139
2370
2462
2488
2552
2685
2848
2950
2914
2776
2642
2625
2768
3008
3165
3021
2493
1704
921
445
424
769
1192
1425
1323
862
171
37
36
34
66
720
1665
2595
3301
3656
3666
3438
3125
2858
2700
2644
2658
2754
2946
3190
3356
3353
3213
3044
2915
2764
2454
1872
1045
181
37
35
33
442
1271
2216
3070
3682
3987
3996
3786
3493
3286
3298
3555
3970
4095
4095
4095
4095
3561
3015
2624
2438
2388
2323
2091
1635
976
167
38
37
37
35
34
39
328
712
1036
1202
1164
944
647
435
479
919
1743
2768
3761
4095
4095
4095
4095
3762
3226
2813
2591
2592
2771
3044
3345
3617
3843
4055
4095
4095
4095
3941
3247
2339
1426
770
551
770
1270
1777
2012
1813
1202
397
37
34
44
539
1257
1921
2426
2752
2932
3002
2933
2694
2282
1750
1254
974
1045
1495
2243
3157
4048
4095
4095
4095
4095
3433
2596
1939
1592
1544
1634
1686
1588
1342
1050
836
826
1091
1606
2241
2771
2945
2658
1982
1071
131
37
36
35
33
286
1283
2576
3814
4095
4095
4095
3699
2713
2011
1808
2089
2657
3237
3601
3583
3151
2395
1548
870
509
517
851
1366
1923
2446
2916
3310
3594
3711
3615
3314
2876
2401
1973
1686
1585
1676
1945
2292
2536
2487
2042
1228
216
38
36
33
44
855
2021
3162
4029
4095
4095
4095
4095
3970
3709
3427
3075
2659
2293
2122
2244
2655
3236
3790
4061
3808
2933
1537
48
41
39
37
34
33
196
894
1594
2093
2362
2486
2603
2853
3296
3868
4095
4095
4095
4095
4095
3704
3009
2409
1992
1736
1568
1462
1487
1747
2274
2942
3528
3846
3782
3293
2445
1436
571
105
103
468
1068
1690
2138
2279
2115
1788
1458
1212
1071
1016
993
975
1000
1155
1553
2263
3228
4095
4095
4095
4095
3614
2380
1404
1011
1251
1894
2613
3146
3378
3293
2902
2296
1637
1075
723
649
850
1271
1749
2057
2042
1742
1347
1055
967
1062
1239
1392
1416
1297
1111
980
1026
1264
1599
1899
2060
2041
1904
1756
1670
1674
1750
1894
2121
2402
2681
2947
3249
3661
4095
4095
4095
4095
4095
4095
4095
3671
3102
2428
1703
1106
824
967
1509
2294
3080
3617
3708
3312
2506
1437
298
38
37
35
34
40
323
752
1233
1742
2221
2555
2637
2433
1997
1477
1106
1138
1701
2704
3870
4095
4095
4095
4095
4051
3055
2069
1280
864
863
1162
1572
1891
1965
1813
1568
1336
1173
1076
1055
1192
1584
2227
2993
3698
4095
4095
4095
4095
4095
4095
3925
3579
3177
2797
2510
2267
1923
1325
411
40
40
39
37
35
32
369
1496
2832
4005
4095
4095
4095
4095
3931
3381
2762
2108
1514
1153
1154
1540
2149
2658
2747
2259
1324
336
36
33
308
959
1584
1920
1865
1475
930
503
435
842
1727
2951
4095
4095
4095
4095
4095
4095
4095
3949
3153
2265
1369
593
54
34
34
172
676
1377
2110
2688
2946
2846
2534
2229
2083
2083
2094
1955
1612
1131
666
405
480
880
1492
2166
2791
3312
3783
4095
4095
4095
4095
4095
4095
4095
4095
3629
2575
1547
586
38
38
36
36
35
34
37
236
627
1149
1746
2281
2587
2617
2506
2487
2733
3277
4010
4095
4095
4095
4095
3593
2522
1686
1255
1215
1444
1781
2086
2228
2124
1829
1474
1161
926
731
487
178
36
36
36
36
36
35
32
398
1288
2397
3446
4095
4095
4095
4095
4095
4000
3606
3184
2794
2518
2439
2608
3018
3565
4053
4095
4011
3397
2532
1596
812
409
530
1112
1880
2534
2923
3082
3159
3274
3407
3405
3147
2600
1851
1078
418
37
34
41
403
1090
1834
2406
2726
2862
2914
2896
2783
2599
2405
2290
2305
2430
2591
2667
2601
2405
2152
1935
1818
1811
1873
1955
2002
1961
1777
1481
1215
1139
1346
1819
2403
2860
3012
2827
2383
1889
1603
1672
2057
2553
2957
3167
3154
2918
2511
2064
1733
1643
1805
2117
2477
2767
2910
2897
2733
2420
1955
1337
613
39
35
33
490
1348
2224
2885
3268
3452
3526
3530
3460
3256
2912
2499
2145
2011
2153
2461
2756
2886
2796
2574
2344
2165
2045
2010
2080
2198
2231
2066
1717
1294
948
773
726
707
625
505
498
766
1391
2314
3355
4095
4095
4095
4095
4095
3508
2331
1196
263
37
36
33
52
455
1101
1812
2430
2827
2958
2911
2811
2755
2801
2976
3218
3393
3398
3189
2820
2413
2044
1779
1710
1898
2366
3019
3640
3980
3864
3226
2162
933
40
37
35
33
130
875
1986
3250
4095
4095
4095
4095
4095
3125
2039
1121
496
256
406
868
1526
2193
2659
2819
2668
2299
1863
1443
1058
691
336
62
36
225
901
1931
3036
3932
4095
4095
4095
4095
3885
3582
3262
2910
2563
2330
2316
2550
2972
3447
3818
3899
3527
2688
1537
324
38
36
34
34
250
569
739
705
567
466
494
704
1126
1762
2568
3420
4095
4095
4095
4095
3441
2599
1814
1296
1171
1420
1915
2500
2999
3254
3194
2848
2317
1793
1465
1454
1802
2403
3046
3556
3846
3898
3748
3444
3042
2654
2397
2293
2271
2206
2004
1713
1459
1332
1349
1482
1634
1704
1625
1341
844
203
37
36
36
34
35
505
1312
2158
2897
3510
4047
4095
4095
4095
4095
3709
2991
2568
2630
3124
3790
4095
4095
4095
3577
2841
2187
1765
1580
1486
1263
756
58
37
35
33
427
1158
1767
2044
1966
1680
1435
1416
1693
2255
2996
3777
4095
4095
4095
4095
3418
2631
2139
2068
2371
2845
3188
3106
2455
1355
188
37
34
55
535
991
1100
820
349
40
70
585
1493
2458
3175
3519
3531
3365
3174
3020
2914
2814
2619
2275
1818
1355
1015
933
1155
1632
2249
2848
3288
3504
3557
3534
3499
3509
3559
3631
3673
3626
3421
3035
2570
2180
1960
1870
1796
1613
1226
621
40
38
37
36
33
210
1259
2581
3751
4095
4095
4095
4095
4095
4095
3531
2869
2343
2026
1889
1786
1589
1297
1024
919
1045
1353
1768
2158
2397
2400
2168
1823
1552
1518
1728
2014
2185
2116
1780
1321
922
740
830
1101
1377
1506
1439
1274
1168
1202
1380
1685
2092
2577
3105
3574
3930
4095
4095
4095
4095
4053
3751
3480
3335
3303
3299
3206
2899
2377
1790
1367
1226
1321
1531
1750
1904
1924
1726
1271
672
194
76
349
951
1690
2417
2988
3296
3314
3090
2731
2407
2205
2096
2042
2028
2024
1970
1865
1797
1876
2127
2454
2703
2763
2656
2452
2227
2039
1886
1762
1683
1630
1598
1642
1798
2008
2123
2001
1648
1167
669
237
38
59
431
1204
2219
3228
3992
4095
4095
4095
4000
3661
3352
3067
2781
2518
2307
2156
2064
2022
1966
1782
1378
738
45
37
35
33
194
901
1766
2568
3193
3577
3725
3725
3697
3731
3817
3861
3741
3337
2625
1755
1008
666
830
1346
1899
2227
2256
2074
1852
1790
2000
2439
2906
3200
3249
3130
3014
3039
3231
3473
3600
3460
2949
2124
1197
383
37
35
34
60
463
1163
2026
2859
3463
3713
3583
3152
2518
1864
1423
1376
1767
2484
3259
3759
3793
3389
2707
1927
1233
735
494
565
906
1406
1953
2447
2835
3118
3272
3243
2985
2523
1958
1429
1060
909
1011
1333
1753
2134
2355
2360
2214
1990
1729
1483
1351
1381
1539
1779
2081
2390
2609
2628
2417
2051
1698
1525
1610
1931
2412
2971
3487
3825
3908
3724
3333
2847
2413
2122
2013
2090
2250
2321
2208
1948
1648
1378
1162
980
789
624
589
782
1215
1773
2299
2651
2725
2533
2161
1726
1396
1322
1595
2221
3062
3851
4095
4095
3801
3125
2519
2220
2272
2537
2780
2792
2484
1912
1275
803
595
616
755
897
986
1021
1099
1383
2002
2967
4075
4095
4095
4095
4095
3811
3138
2603
2250
2095
2084
2135
2150
2068
1941
1864
1908
2030
2070
1847
1296
554
38
36
36
34
34
302
893
1583
2221
2743
3108
3248
3163
2957
2789
2804
2985
3142
3057
2648
2046
1466
1085
965
1014
1076
1018
813
588
579
960
1707
2626
3490
4095
4095
4095
3791
2978
2196
1736
1751
2220
2942
3654
4095
4095
3760
2879
1784
811
257
263
730
1348
1801
1911
1697
1388
1184
1153
1283
1545
1900
2274
2572
2688
2535
2124
1601
1191
1083
1327
1791
2287
2638
2717
2550
2297
2160
2240
2488
2779
3018
3202
3381
3543
3632
3604
3429
3128
2762
2391
2044
1693
1336
1042
922
1080
1527
2117
2606
2768
2502
1910
1239
764
625
809
1230
1772
2294
2647
2736
2587
2274
1877
1455
1037
676
473
552
948
1573
2244
2712
2826
2632
2337
2128
2050
2027
1993
2002
2171
2540
2984
3310
3393
3229
2927
2647
2464
2343
2233
2093
1932
1839
1859
1929
1922
1719
1307
775
269
36
34
117
685
1672
2899
4093
4095
4095
4095
4095
4095
4095
4095
3714
3313
2916
2480
1973
1391
809
326
41
35
34
176
628
1285
2003
2611
2969
2971
2618
2011
1338
825
623
724
1016
1349
1645
1897
2114
2340
2616
2951
3358
3792
4095
4095
4095
4095
4095
3937
3527
3147
2883
2778
2764
2669
2358
1767
913
42
39
39
37
35
33
92
811
1720
2542
3100
3280
3085
2607
2032
1580
1423
1620
2069
2598
3067
3381
3521
3469
3206
2749
2178
1679
1469
1639
2122
2778
3480
4095
4095
4095
4095
4095
4095
4089
3572
2994
2300
1453
476
40
37
36
35
34
98
388
662
870
1022
1113
1154
1201
1372
1792
2511
3426
4095
4095
4095
4095
4095
4095
4066
3713
3340
2958
2557
2094
1559
984
461
139
94
281
657
1086
1414
1564
1575
1510
1405
1314
1318
1493
1829
2184
2409
2420
2244
1990
1742
1588
1642
1986
2625
3384
3960
4095
3717
2975
2186
1625
1439
1651
2136
2654
3004
3119
3050
2872
2645
2426
2221
1964
1575
1019
362
36
35
33
295
1062
2079
3148
4030
4095
4095
3641
2722
1833
1216
992
1158
1652
2351
3048
3509
3611
3371
2928
2505
2238
2109
2008
1841
1576
1239
902
672
626
763
1040
1413
1826
2184
2409
2504
2535
2608
2827
3182
3581
3907
4055
3984
3721
3361
3032
2868
2942
3227
3599
3902
4002
3776
3190
2306
1277
303
37
36
34
33
250
664
1053
1332
1530
1725
1993
2346
2723
3041
3187
3083
2704
2059
1277
604
289
459
1069
1881
2598
3023
3115
2900
2431
1765
1025
432
224
530
1311
2371
3440
4095
4095
4095
3842
2865
1757
681
39
37
35
33
200
742
1265
1618
1803
1922
2095
2343
2593
2761
2846
2958
3213
3629
4093
4095
4095
4001
3535
3196
3141
3399
3821
4095
4095
3903
3374
2755
2211
1776
1399
1063
828
736
757
801
764
651
548
516
566
658
743
833
980
1264
1789
2589
3556
4095
4095
4095
4095
4095
3397
2505
1851
1570
1710
2209
2897
3579
4063
4095
3881
3217
2331
1351
379
39
38
37
35
33
216
1232
2440
3416
3889
3766
3115
2168
1224
547
272
353
620
930
1193
1362
1437
1485
1630
1943
2371
2817
3162
3293
3173
2893
2648
2594
2752
3010
3222
3283
3138
2808
2415
2142
2116
2374
2871
3472
3981
4095
3941
3299
2417
1527
831
449
384
589
1007
1580
2232
2822
3163
3155
2854
2424
2013
1652
1303
917
498
164
95
358
901
1556
2122
2422
2440
2299
2118
1957
1826
1744
1733
1776
1846
1936
2052
2231
2532
2975
3489
3943
4095
4095
4095
4095
4095
4095
4095
3882
3353
2599
1729
827
45
37
37
36
35
34
37
478
1254
2156
2987
3583
3821
3620
2988
2100
1266
782
844
1466
2481
3614
4095
4095
4095
4012
2849
1549
387
36
34
49
571
1319
2068
2691
3129
3332
3246
2905
2421
1958
1710
1800
2198
2747
3218
3383
3137
2566
1924
1437
1191
1172
1283
1390
1457
1559
1805
2278
2932
3605
4095
4095
4095
3765
3188
2532
1899
1344
877
520
300
240
354
614
963
1348
1785
2297
2824
3205
3261
2901
2214
1429
765
364
276
520
1109
1969
2903
3653
4058
4095
4093
4089
4095
4095
4095
4095
3933
3379
2732
2050
1409
914
622
503
506
600
732
830
810
664
520
558
897
1513
2237
2854
3255
3428
3384
3127
2702
2226
1821
1536
1382
1335
1364
1500
1783
2196
2626
2927
2968
2662
2036
1282
694
528
852
1489
2173
2660
2776
2484
1887
1233
842
954
1595
2596
3700
4095
4095
4095
4095
4095
4095
3002
1682
473
37
34
34
256
540
614
400
40
36
35
32
502
1527
2826
4095
4095
4095
4095
4095
4095
4095
4095
4095
3950
3299
2330
1102
42
38
36
34
40
542
1164
1654
1907
1933
1812
1651
1544
1491
1449
1428
1527
1866
2501
3367
4095
4095
4095
4095
3249
2223
1489
1200
1257
1461
1620
1646
1609
1592
1650
1798
2015
2292
2574
2783
2861
2757
2465
2046
1616
1309
1251
1451
1803
2150
2320
2266
2106
2019
2137
2473
2904
3240
3333
3150
2806
2487
2289
2150
1925
1503
940
444
211
319
743
1402
2195
3015
3735
4095
4095
3687
2854
2006
1467
1427
1832
2417
2879
3051
2888
2424
1766
1053
426
64
46
261
760
1429
2109
2579
2678
2409
1983
1695
1705
1970
2347
2671
2810
2731
2480
2113
1738
1455
1259
1105
950
810
783
965
1384
2024
2822
3617
4095
4095
3906
3095
2099
1250
812
918
1529
2442
3380
4095
4095
4095
3945
3320
2667
2170
1915
1853
1883
1902
1899
1959
2133
2360
2547
2624
2579
2436
2182
1791
1268
679
180
36
62
335
813
1446
2212
3031
3770
4095
4095
3921
3104
2140
1402
1140
1394
2007
2713
3245
3451
3308
2917
2496
2261
2280
2462
2618
2553
2189
1591
906
262
37
36
36
35
34
34
135
725
1517
2322
3039
3622
4066
4095
4095
4095
4095
4095
4095
4015
3473
2753
1939
1219
800
776
1087
1578
2049
2332
2376
2247
2069
1926
1838
1764
1645
1458
1197
887
617
534
744
1207
1729
2057
2003
1548
841
173
34
150
928
2186
3601
4095
4095
4095
4095
4095
3345
2123
1051
379
296
837
1808
2841
3578
3812
3508
2785
1843
906
182
34
81
545
1267
2107
2982
3862
4095
4095
4095
4095
4095
4095
3138
1973
1001
346
50
36
37
42
69
154
355
726
1242
1833
2386
2757
2888
2814
2634
2470
2420
2560
2912
3387
3841
4095
4095
4095
3667
2970
2163
1396
744
206
36
35
33
262
849
1502
1968
2141
2080
1902
1699
1559
1570
1745
2053
2453
2863
3205
3458
3622
3661
3489
3025
2299
1526
991
911
1282
1885
2436
2726
2739
2586
2374
2149
1896
1543
1036
379
38
37
34
32
307
1338
2627
3807
4095
4095
4095
4095
3862
3483
3228
3005
2710
2308
1824
1376
1089
1005
1124
1382
1656
1876
2020
2078
2109
2233
2545
3026
3513
3775
3690
3311
2829
2507
2524
2866
3311
3550
3352
2711
1880
1172
797
835
1237
1832
2389
2713
2690
2306
1720
1216
1044
1310
1931
2654
3198
3413
3269
2865
2391
1982
1639
1333
1050
784
581
482
491
630
876
1140
1373
1596
1830
2102
2439
2778
3007
3066
2934
2603
2107
1533
1042
792
875
1265
1816
2345
2716
2876
2849
2729
2626
2656
2829
3058
3257
3407
3519
3567
3432
2999
2250
1351
598
209
259
711
1437
2213
2759
2856
2443
1700
992
617
670
1105
1744
2395
2943
3357
3679
3911
3985
3835
3445
2836
2094
1366
801
483
468
737
1200
1783
2427
3025
3424
3523
3292
2774
2127
1587
1351
1521
2085
2910
3786
4095
4095
4061
2946
1550
300
37
35
33
179
577
1032
1429
1723
1958
2229
2641
3220
3895
4095
4095
4095
4095
3603
2661
1858
1318
1022
875
776
614
365
128
51
156
537
1068
1533
1783
1801
1639
1418
1248
1165
1149
1155
1159
1236
1545
2193
3108
4029
4095
4095
4095
4095
3774
3335
3021
2811
2637
2451
2258
2100
2010
1989
1998
1943
1744
1411
1032
677
401
211
99
76
212
664
1468
2524
3660
4095
4095
4095
4095
4095
4095
4095
3588
2632
1587
533
39
37
36
34
32
168
640
1193
1712
2166
2557
2911
3244
3533
3718
3724
3526
3163
2726
2369
2233
2387
2845
3544
4095
4095
4095
4095
4095
3310
1846
474
39
36
35
34
49
392
869
1359
1777
2055
2154
2096
1969
1917
2007
2186
2352
2440
2442
2405
2401
2494
2740
3146
3620
4022
4095
4095
3690
2841
1757
705
42
34
188
719
1313
1762
1918
1715
1181
439
37
36
35
33
56
478
1042
1553
1950
2331
2871
3696
4095
4095
4095
4095
4095
4095
4095
4095
4095
3433
2789
2318
2097
2105
2189
2150
1849
1264
489
39
37
36
35
33
165
829
1561
2081
2210
1973
1572
1218
1025
1037
1273
1706
2258
2805
3215
3444
3500
3432
3325
3201
3031
2820
2549
2186
1724
1251
943
931
1243
1831
2571
3313
3870
4074
3836
3170
2233
1248
390
37
35
34
162
592
1014
1270
1354
1425
1693
2301
3244
4095
4095
4095
4095
4095
4095
3737
2700
1828
1318
1252
1600
2160
2606
2654
2192
1344
421
37
34
167
813
1587
2212
2504
2453
2194
1920
1857
2125
2692
3374
3869
3907
3376
2395
1311
551
416
913
1751
2518
2911
2844
2491
2095
1847
1827
1974
2180
2348
2419
2367
2164
1868
1603
1465
1508
1738
2089
2461
2729
2773
2539
2078
1511
961
509
215
160
412
931
1557
2106
2432
2439
2131
1612
1094
779
749
942
1215
1441
1567
1594
1568
1546
1606
1842
2308
2933
3604
4095
4095
4095
4095
4095
4095
4095
3771
3264
2743
2321
2093
2127
2356
2594
2647
2413
1964
1496
1191
1146
1320
1545
1638
1542
1331
1169
1241
1605
2191
2882
3514
3895
3870
3382
2500
1432
493
37
36
425
1270
2297
3232
3803
3839
3329
2417
1309
287
36
35
34
64
385
854
1376
1857
2180
2321
2381
2510
2785
3125
3342
3294
2956
2437
1924
1587
1546
1791
2174
2493
2615
2522
2304
2078
1905
1786
1689
1620
1617
1705
1916
2287
2805
3409
3970
4095
4095
4095
3555
2786
1918
1105
485
148
98
198
319
344
240
128
195
569
1254
2172
3159
4057
4095
4095
4095
3784
2859
2041
1562
1556
2017
2817
3684
4095
4095
3544
2439
1193
105
37
34
33
125
646
1317
1933
2347
2512
2493
2413
2390
2470
2626
2807
2989
3175
3391
3618
3793
3831
3617
3097
2304
1367
524
45
40
400
1121
1940
2610
2915
2771
2279
1674
1227
1158
1539
2239
3003
3562
3750
3581
3213
2859
2617
2422
2128
1676
1168
757
521
487
668
1012
1421
1808
2134
2381
2575
2754
2921
3022
2975
2757
2426
2052
1694
1383
1088
764
402
87
38
234
810
1537
2206
2706
3008
3141
3144
3059
2980
3000
3140
3330
3449
3414
3254
3060
2877
2697
2490
2239
1996
1849
1865
2033
2266
2435
2432
2195
1691
941
70
38
37
36
33
57
794
1915
3142
4095
4095
4095
4095
4095
4095
4095
3752
3069
2275
1523
1000
841
1002
1268
1430
1411
1228
967
726
575
606
875
1319
1736
1914
1771
1404
1033
862
954
1235
1570
1886
2224
2630
3124
3687
4095
4095
4095
4095
4095
4095
4039
3742
3548
3501
3554
3616
3574
3350
2892
2209
1420
671
65
37
37
36
35
34
34
247
912
1775
2603
3158
3329
3182
2916
2750
2814
3095
3421
3543
3294
2647
1686
593
39
38
37
34
32
580
1831
3319
4095
4095
4095
4095
4095
3649
3008
2529
2135
1716
1220
695
304
262
706
1608
2736
3763
4095
4095
4095
3977
3382
2831
2416
2110
1866
1693
1615
1618
1677
1785
1924
2062
2139
2047
1766
1425
1220
1301
1635
2004
2143
1891
1276
561
111
191
849
1885
2875
3450
3464
3010
2348
1755
1384
1256
1315
1478
1645
1785
1933
2149
2503
2975
3437
3732
3700
3255
2442
1496
791
650
1202
2304
3559
4095
4095
4095
3697
2694
1852
1274
932
718
510
284
91
42
146
532
1146
1870
2495
2858
2948
2872
2792
2767
2702
2443
1879
1046
155
37
35
34
192
830
1563
2148
2492
2676
2811
2940
3035
3079
3091
3136
3312
3652
4095
4095
4095
4095
4095
4095
3652
2696
1547
310
40
38
36
33
84
1005
2227
3285
3885
3965
3626
3017
2287
1557
990
713
758
1081
1594
2225
2877
3446
3870
4089
4091
3947
3745
3508
3193
2760
2224
1661
1218
981
952
1058
1128
1009
653
171
36
34
186
928
2022
3192
4079
4095
4095
3544
2752
2174
2019
2310
2896
3543
3962
3897
3245
2134
917
46
34
70
628
1393
2035
2318
2212
1864
1517
1369
1443
1635
1822
1873
1722
1383
958
573
290
109
52
81
238
529
861
1194
1594
2146
2862
3668
4095
4095
4095
4095
4095
3695
2888
2180
1677
1424
1448
1770
2360
3063
3675
4053
4095
3965
3494
2795
1977
1200
636
342
268
364
629
1038
1540
2071
2548
2904
3082
3067
2934
2760
2607
2527
2524
2541
2470
2208
1690
959
218
36
34
116
732
1688
2745
3618
4079
4047
3579
2903
2330
2103
2282
2721
3181
3479
3540
3383
3046
2580
2061
1569
1193
1022
1038
1108
1063
782
285
37
35
33
340
1197
2270
3331
4095
4095
4095
4095
3933
3014
2118
1479
1191
1203
1414
1745
2141
2521
2730
2616
2112
1298
439
36
50
630
1595
2518
3105
3302
3229
3074
3010
3089
3272
3486
3650
3722
3706
3625
3471
3168
2650
1941
1129
355
37
36
36
35
34
33
269
885
1614
2288
2813
3134
3249
3200
3045
2890
2792
2725
2652
2518
2262
1862
1381
971
824
1066
1704
2610
3535
4095
4095
4095
3878
3101
2311
1690
1287
1040
895
892
1106
1522
1999
2367
2499
2333
1951
1563
1386
1507
1811
2064
2106
1933
1685
1521
1497
1635
1949
2434
3030
3612
4020
4095
3891
3446
2947
2598
2535
2739
3012
3124
2927
2422
1729
988
318
36
35
35
34
68
363
822
1329
1813
2231
2572
2839
3050
3248
3485
3800
4095
4095
4095
4095
4095
3571
2750
1864
1082
614
585
951
1497
1942
2101
1991
1753
1569
1590
1869
2345
2829
3063
2896
2378
1716
1178
979
1198
1766
2501
3165
3512
3372
2719
1648
347
40
38
36
32
141
1150
2353
3335
3878
3983
3759
3316
2733
2069
1435
995
890
1217
1890
2684
3313
3550
3311
2699
1920
1202
710
540
729
1267
2055
2919
3689
4095
4095
4095
3977
3413
2775
2210
1829
1644
1608
1681
1845
2102
2477
2924
3316
3521
3433
3024
2408
1756
1259
1050
1155
1502
1929
2297
2575
2819
3104
3423
3695
3841
3817
3602
3217
2752
2314
1945
1600
1191
691
210
36
34
45
232
522
730
708
388
37
36
35
33
55
558
1381
2392
3428
4095
4095
4095
4095
4095
4095
3993
3651
3164
2586
2100
1859
1920
2191
2435
2434
2109
1533
860
304
68
216
762
1514
2200
2612
2681
2472
2125
1755
1439
1226
1139
1177
1312
1561
1946
2432
2940
3404
3827
4095
4095
4095
4095
4095
4095
4095
4095
4095
4095
3233
2202
1131
114
38
37
36
35
33
99
694
1450
2095
2427
2327
1802
971
117
35
32
466
1556
2886
4095
4095
4095
4095
3822
2670
1678
1145
1195
1744
2504
3072
3109
2485
1349
118
37
33
216
1154
2142
2696
2579
1857
837
40
34
58
843
2023
3131
3801
3927
3709
3481
3536
3924
4095
4095
4095
4095
4081
3458
2700
1833
1006
450
347
677
1212
1631
1692
1390
958
656
617
809
1070
1226
1210
1102
1065
1241
1717
2450
3295
4061
4095
4095
4095
4095
4095
4018
3367
2656
1955
1285
649
128
34
136
713
1541
2335
2873
3066
2972
2748
2551
2485
2565
2725
2823
2731
2405
1896
1351
894
549
301
118
40
46
204
585
1031
1330
1310
936
322
37
36
34
228
1010
2020
3059
4006
4095
4095
4095
4095
4095
4095
4095
4095
3671
2962
2235
1518
860
343
65
51
220
569
972
1302
1514
1688
1945
2380
3000
3693
4095
4095
4086
3325
2292
1276
597
464
858
1533
2183
2616
2795
2749
2504
2116
1706
1389
1253
1293
1394
1482
1574
1711
1932
2283
2774
3366
3967
4095
4095
4095
3599
2574
1439
503
58
170
777
1575
2219
2491
2314
1756
1016
373
49
46
238
650
1219
1912
2621
3139
3318
3182
2894
2644
2505
2405
2258
2014
1649
1228
849
581
472
573
902
1403
1998
2601
3080
3305
3236
2961
2634
2421
2431
2684
3142
3689
4095
4095
4095
3677
2862
2011
1356
988
856
853
857
796
713
724
926
1341
1913
2579
3265
3877
4095
4095
4095
3686
3116
2539
2094
1884
1896
1974
1905
1543
959
417
168
300
762
1428
2106
2578
2678
2355
1715
996
419
139
256
779
1614
2614
3618
4095
4095
4095
4095
4095
3274
2326
1625
1369
1588
2133
2734
3092
2981
2363
1441
554
46
55
491
1231
2024
2696
3182
3502
3668
3648
3400
2902
2251
1633
1203
1031
1120
1374
1681
1963
2125
2034
1605
844
41
38
36
35
33
138
581
1019
1398
1831
2464
3323
4095
4095
4095
4095
4095
4095
4095
4095
3757
2929
2173
1644
1422
1503
1759
2015
2132
2035
1757
1410
1135
1024
1059
1142
1214
1280
1373
1519
1740
2047
2420
2753
2870
2679
2257
1807
1494
1326
1182
931
533
103
35
34
188
728
1461
2235
2926
3504
3974
4095
4095
4095
3756
3345
2935
2497
1988
1493
1209
1312
1852
2726
3662
4095
4095
4065
3055
1720
431
37
34
233
1118
2186
3063
3516
3498
3077
2432
1758
1172
728
435
321
418
696
1118
1632
2178
2698
3125
3396
3473
3369
3115
2733
2257
1759
1372
1217
1310
1636
2183
2921
3787
4095
4095
4095
4095
4095
4095
3619
2817
2258
1985
1924
1922
1780
1311
437
41
40
39
37
36
35
32
296
934
1566
2089
2491
2813
3088
3362
3678
4081
4095
4095
4095
4095
4095
4095
3725
2331
926
40
36
34
33
406
1192
2121
2949
3416
3358
2776
1879
1035
557
563
1008
1766
2680
3604
4095
4095
4095
4095
4086
3401
2878
2632
2574
2499
2251
1774
1106
387
37
36
34
36
220
512
788
1038
1279
1502
1718
1990
2384
2932
3600
4095
4095
4095
4095
3328
2312
1516
1233
1563
2386
3416
4095
4095
4095
3219
1929
794
183
243
865
1715
2374
2566
2270
1638
894
241
36
34
115
597
1181
1634
1846
1871
1889
2073
2430
2790
2922
2658
2021
1218
575
388
755
1545
2458
3231
3736
3956
3961
3877
3775
3674
3569
3399
3118
2715
2184
1568
942
393
75
115
583
1432
2427
3228
3599
3524
3124
2616
2221
2066
2124
2244
2250
2065
1733
1335
998
832
899
1185
1545
1789
1837
1759
1732
1929
2355
2836
3152
3167
2878
2424
1990
1763
1872
2287
2854
3348
3586
3496
3142
2695
2318
2098
2030
2025
1962
1736
1355
905
460
97
35
36
170
495
842
1123
1336
1559
1878
2337
2939
3616
4095
4095
4095
4095
4095
4095
3509
2640
1825
1198
822
668
693
853
1104
1429
1767
2020
2122
2055
1834
1560
1389
1415
1653
2024
2348
2507
2474
2258
1919
1582
1369
1385
1711
2341
3164
3947
4095
4095
3786
2943
2051
1361
1043
1146
1584
2168
2705
3026
3051
2792
2320
1737
1114
540
115
35
41
165
368
569
773
1028
1341
1646
1841
1854
1712
1556
1546
1741
2097
2509
2905
3275
3633
4022
4095
4095
4095
4095
4095
3538
2359
1207
318
36
74
581
1381
2200
2807
3113
3178
3098
2921
2664
2362
2075
1844
1731
1809
2076
2438
2799
3112
3363
3528
3571
3485
3251
2847
2303
1670
1031
488
112
36
131
578
1346
2322
3300
4007
4095
3747
2845
1753
765
92
34
65
482
1085
1657
2083
2313
2355
2240
2029
1853
1846
2048
2334
2473
2278
1763
1160
782
847
1377
2168
2862
3170
2983
2390
1660
1091
863
1030
1474
2014
2519
2933
3261
3478
3486
3229
2717
2025
1337
883
797
1079
1630
2276
2800
3066
3068
2845
2436
1876
1201
494
38
33
232
898
1737
2500
3063
3447
3699
3804
3736
3468
3011
2493
2132
2085
2406
3039
3834
4095
4095
4095
4095
3951
2886
1854
1064
652
596
767
1003
1123
987
600
86
37
35
33
163
926
1956
2928
3627
3975
4021
3850
3513
3103
2742
2526
2426
2308
2058
1714
1443
1410
1634
1986
2314
2506
2481
2173
1583
851
246
44
187
613
1121
1586
1942
2139
2210
2261
2423
2769
3230
3653
3865
3715
3147
2253
1289
561
244
359
769
1242
1595
1764
1791
1784
1861
2046
2335
2706
3096
3440
3734
3987
4095
4095
3981
3612
3163
2710
2257
1837
1561
1549
1836
2277
2593
2528
1976
1032
52
36
34
118
865
1801
2626
3234
3615
3765
3700
3454
3044
2500
1914
1397
1024
840
843
1002
1303
1779
2450
3270
4095
4095
4095
4095
4095
3984
3040
1996
913
41
37
34
32
365
1395
2587
3542
3933
3654
2877
1954
1267
1046
1269
1703
2019
1954
1409
550
38
35
33
404
1183
1990
2628
2976
2964
2594
1983
1333
834
579
621
999
1699
2589
3445
4035
4095
4081
3724
3326
3070
3073
3350
3798
4095
4095
3856
3121
2272
1573
1170
1050
1123
1234
1208
938
449
38
35
33
137
681
1384
2015
2435
2673
2868
3161
3540
3841
3927
3814
3617
3455
3364
3304
3270
3278
3328
3340
3220
2954
2597
2238
1905
1577
1260
967
712
490
273
72
35
35
129
478
964
1479
1885
2106
2178
2154
2032
1777
1360
828
310
37
37
276
870
1647
2456
3169
3716
4095
4095
4095
4095
4095
4095
4095
4095
4056
3322
2645
2092
1644
1297
1115
1168
1426
1719
1822
1568
971
256
36
34
347
1243
2322
3255
3764
3733
3266
2647
2157
1935
1999
2286
2700
3164
3613
3981
4095
3964
3332
2282
1018
42
37
35
33
103
766
1598
2344
2876
3165
3234
3105
2863
2644
2544
2598
2801
3053
3208
3180
2941
2488
1889
1254
703
372
339
611
1159
1850
2464
2772
2652
2194
1659
1330
1356
1718
2296
2897
3335
3500
3378
3047
2645
2297
2080
2013
2070
2172
2189
2044
1748
1420
1250
1339
1652
2057
2390
2538
2432
2141
1862
1800
2035
2493
3034
3518
3852
3989
3873
3451
2772
1996
1333
895
660
549
481
432
463
597
809
1072
1323
1518
1681
1831
1966
2066
2093
2045
1967
1918
1939
2069
2312
2648
3049
3410
3606
3551
3226
2688
2002
1272
610
88
35
34
45
395
1104
2062
3073
3875
4095
4047
3353
2404
1526
953
831
1209
1966
2900
3793
4095
4095
4095
4095
4095
3448
2609
1770
1146
936
1227
1944
2848
3599
3958
3863
3414
2763
2046
1390
868
461
100
36
37
37
36
33
41
569
1315
1998
2445
2654
2775
2992
3437
4095
4095
4095
4095
4095
4095
3202
2113
1247
750
652
909
1377
1826
2041
1926
1545
1069
721
683
1026
1679
2465
3155
3543
3559
3263
2850
2540
2435
2493
2575
2498
2193
1733
1246
820
538
483
655
972
1338
1632
1751
1705
1591
1500
1469
1465
1421
1289
1083
882
838
1129
1799
2686
3527
4095
4095
4095
4051
3995
4095
4095
4095
4095
4095
3879
3223
2464
1756
1250
1024
1101
1420
1869
2331
2685
2790
2499
1763
718
40
37
34
33
179
659
1013
1056
849
659
763
1265
2009
2693
3029
2925
2492
1940
1530
1453
1764
2372
3055
3625
4011
4095
4095
3859
3394
2932
2652
2631
2800
2959
2970
2833
2584
2261
1919
1634
1419
1229
989
652
301
96
135
493
1174
2085
3037
3780
4095
3941
3392
2757
2332
2303
2634
3083
3382
3402
3180
2821
2383
1856
1227
542
39
35
34
117
642
1365
2069
2543
2626
2291
1700
1169
1013
1389
2197
3159
3969
4095
4095
3750
3137
2689
2580
2764
3043
3222
3146
2776
2180
1481
844
394
161
145
323
632
931
1056
942
653
318
130
252
726
1456
2248
2848
3129
3149
3039
2884
2709
2548
2488
2582
2772
2953
3067
3139
3234
3363
3427
3344
3132
2833
2470
2031
1516
979
538
352
517
1018
1738
2480
3037
3295
3301
3177
3025
2884
2738
2584
2398
2182
1973
1798
1683
1628
1553
1420
1309
1356
1667
2209
2816
3296
3470
3289
2857
2377
2066
2062
2360
2819
3237
3396
3158
2511
1588
660
49
34
70
404
803
1074
1130
945
583
212
66
218
694
1399
2195
2902
3330
3357
3006
2432
1817
1304
1007
996
1274
1814
2539
3298
3918
4095
4095
4095
3886
3688
3564
3442
3192
2768
2216
1613
1109
868
1014
1550
2336
3105
3575
3583
3137
2428
1742
1337
1345
1684
2074
2205
1891
1166
252
37
35
33
350
1242
2320
3313
4019
4095
4095
4095
4079
3666
3132
2547
2005
1547
1165
883
785
947
1349
1855
2291
2548
2594
2464
2181
1772
1313
926
765
971
1578
2456
3324
3862
3867
3369
2593
1784
1165
861
854
1060
1337
1529
1568
1529
1594
1875
2377
2974
3442
3593
3339
2722
1907
1117
536
263
309
675
1361
2281
3285
4095
4095
4095
4095
4095
4095
4095
3912
3205
2300
1299
334
38
36
36
34
32
470
1476
2581
3387
3655
3428
2918
2400
2064
1947
2026
2203
2317
2235
1951
1636
1525
1781
2387
3113
3660
3844
3585
2898
1890
777
39
36
34
33
193
533
847
1150
1473
1806
2113
2340
2459
2551
2732
3047
3415
3707
3861
3889
3815
3649
3409
3134
2851
2570
2319
2064
1728
1251
648
56
37
36
36
35
34
34
256
858
1640
2449
3141
3664
4018
4095
4095
3863
3486
3174
3057
3146
3320
3421
3381
3237
3076
2982
2998
3164
3484
3878
4095
4095
4095
3868
3243
2440
1544
705
118
34
114
585
1264
1939
2434
2671
2675
2515
2244
1937
1673
1492
1414
1443
1521
1586
1636
1670
1661
1605
1522
1415
1302
1258
1339
1590
2013
2531
2983
3204
3094
2608
1797
838
47
35
32
330
1120
1997
2664
2983
3003
2832
2576
2349
2232
2232
2250
2155
1911
1648
1566
1767
2214
2785
3294
3590
3581
3223
2618
2006
1642
1643
1960
2454
2920
3155
2998
2402
1507
626
121
160
687
1504
2335
2946
3172
3024
2693
2382
2184
2041
1834
1504
1104
802
795
1219
2084
3198
4095
4095
4095
4095
3944
3335
2761
2277
1975
1889
1970
2100
2122
1973
1742
1568
1521
1544
1521
1349
1026
693
565
756
1251
1951
2704
3318
3604
3482
3033
2433
1887
1519
1374
1462
1715
2002
2168
2072
1655
986
231
37
34
33
421
1376
2459
3348
3877
4051
4004
3925
3908
3899
3805
3545
3083
2492
1961
1700
1829
2273
2764
2995
2813
2304
1668
1085
705
600
737
1049
1478
1934
2287
2391
2157
1653
1082
649
467
513
738
1104
1586
2183
2858
3501
3946
4054
3779
3209
2535
1970
1625
1530
1654
1925
2273
2643
2953
3133
3155
3036
2875
2775
2759
2761
2640
2262
1631
887
247
35
36
114
327
580
845
1137
1459
1731
1868
1813
1570
1221
888
696
779
1258
2166
3366
4095
4095
4095
4095
4095
4095
3910
3175
2585
2226
2152
2359
2777
3234
3493
3398
2923
2154
1261
382
38
36
34
41
366
768
1065
1268
1475
1745
2085
2489
2932
3391
3820
4091
4033
3551
2726
1778
931
325
42
36
66
189
347
490
601
739
989
1414
2003
2629
3152
3474
3549
3395
3071
2652
2228
1884
1677
1617
1704
1963
2388
2891
3370
3714
3829
3684
3360
3006
2729
2556
2448
2392
2467
2745
3188
3627
3880
3833
3455
2850
2190
1610
1182
947
890
962
1157
1493
1969
2555
3122
3521
3665
3491
2969
2146
1183
309
37
34
33
240
789
1515
2313
3045
3561
3763
3567
2964
2088
1183
535
361
681
1342
2086
2670
2993
3070
2946
2633
2175
1630
1070
580
236
121
257
612
1095
1553
1872
2013
2002
1924
1813
1687
1597
1596
1701
1901
2201
2625
3164
3751
4095
4095
4095
3849
3149
2357
1668
1286
1298
1645
2183
2734
3130
3223
2939
2353
1659
1043
615
375
277
321
529
873
1314
1809
2287
2688
2991
3202
3364
3565
3855
4095
4095
4095
4095
4095
4095
4095
4095
4005
2973
1667
296
39
36
33
164
942
1677
1956
1652
911
68
36
35
33
140
615
1160
1676
2182
2733
3321
3813
4033
3871
3396
2837
2457
2441
2803
3402
4042
4095
4095
4095
4093
3259
2256
1269
506
97
48
122
216
212
84
35
36
35
34
75
442
966
1518
2017
2423
2741
3028
3349
3719
4083
4095
4095
3748
2917
1958
1153
665
529
690
1044
1497
2002
2499
2896
3115
3141
3073
3061
3189
3385
3484
3376
3051
2618
2220
1964
1930
2132
2505
2911
3178
3183
2910
2466
1972
1540
1234
1073
1043
1082
1147
1219
1268
1302
1345
1421
1562
1787
2137
2633
3248
3839
4095
3996
3249
2038
677
39
36
33
230
909
1614
2224
2746
3260
3822
4095
4095
4095
3997
3229
2562
2261
2357
2638
2843
2781
2359
1623
783
135
34
104
446
815
1058
1105
985
832
844
1154
1761
2525
3238
3769
4073
4095
3961
3518
2920
2331
1879
1658
1658
1823
2106
2460
2830
3113
3159
2859
2229
1413
589
40
34
123
719
1523
2252
2683
2699
2379
1959
1654
1542
1571
1667
1829
2112
2504
2863
3001
2853
2531
2259
2240
2543
3079
3623
3887
3692
3069
2265
1544
1037
767
712
809
942
972
805
488
186
60
113
388
901
1646
2571
3517
4095
4095
4095
4029
3333
2581
1994
1744
1892
2396
3068
3628
3812
3509
2792
1855
969
390
237
501
1118
1963
2833
3499
3778
3571
2952
2133
1370
851
616
587
646
730
899
1255
1825
2520
3151
3483
3367
2835
2111
1485
1184
1311
1839
2648
3545
4095
4095
4095
4095
3867
3442
3018
2546
2034
1561
1231
1111
1141
1191
1124
855
428
39
37
36
36
36
34
34
335
768
1082
1261
1454
1797
2336
3035
3760
4095
4095
4095
3597
2881
2361
2187
2377
2854
3492
4095
4095
4095
4095
3718
2849
1887
1037
525
471
846
1518
2253
2791
2983
2808
2394
1995
1859
2059
2445
2742
2760
2511
2138
1779
1527
1447
1533
1731
1935
2032
1966
1791
1661
1697
1903
2207
2533
2830
3065
3211
3209
2967
2463
1753
984
334
36
34
37
201
517
816
977
949
779
646
732
1102
1739
2585
3548
4095
4095
4095
4095
4095
3186
2351
1785
1556
1642
1978
2498
3077
3566
3842
3836
3612
3314
3098
3048
3131
3214
3142
2844
2379
1824
1219
623
142
36
36
35
34
34
49
442
1172
2011
2692
3039
3023
2765
2478
2293
2200
2132
2022
1826
1594
1402
1287
1264
1356
1541
1744
1905
1990
1973
1902
1895
2020
2302
2694
3100
3459
3740
3947
4048
3959
3657
3237
2857
2615
2478
2313
1973
1426
804
294
46
51
242
621
1125
1705
2279
2754
3061
3178
3097
2816
2352
1767
1219
897
906
1238
1754
2281
2680
2920
3048
3134
3215
3258
3244
3198
3161
3128
3046
2852
2508
2045
1548
1148
978
1063
1386
1909
2518
3042
3362
3469
3453
3443
3474
3427
3141
2569
1850
1197
761
592
632
760
915
1131
1479
2006
2694
3439
4084
4095
4095
3566
2388
1116
208
36
374
1140
1962
2532
2682
2423
1900
1363
1056
1093
1383
1701
1860
1815
1651
1458
1247
1026
848
748
753
871
1081
1321
1512
1574
1431
1093
701
485
603
1070
1788
2580
3271
3748
3981
4021
3963
3889
3845
3852
3908
3960
3925
3758
3434
2978
2500
2122
1933
1963
2145
2301
2217
1755
891
41
39
37
34
32
368
1218
2163
3057
3821
4095
4095
4095
4095
4081
3825
3513
3024
2278
1308
271
38
36
34
114
846
1716
2374
2679
2735
2769
3002
3488
4095
4095
4095
4095
4095
4095
4095
4095
3934
3240
2407
1483
581
38
35
34
184
611
877
757
291
37
35
33
228
982
2005
3093
4033
4095
4095
4095
3926
3218
2626
2280
2228
2391
2634
2866
3048
3184
3287
3344
3260
2900
2225
1354
465
38
37
37
37
36
36
35
33
336
1024
1815
2603
3303
3867
4095
4095
4095
4095
4095
4095
3959
3721
3592
3493
3327
3049
2682
2339
2118
2013
1900
1664
1260
707
146
35
34
361
1111
1962
2639
2948
2846
2437
1905
1462
1296
1497
1977
2498
2822
2812
2472
1918
1299
800
615
829
1403
2146
2777
3109
3100
2846
2516
2213
1987
1883
1898
1979
2094
2209
2254
2178
2023
1935
2053
2441
3054
3698
4095
4095
4095
3683
2835
1764
659
39
35
33
289
1056
1936
2635
3003
3085
3011
2921
2889
2913
2954
2928
2757
2416
1963
1509
1178
1085
1286
1705
2158
2428
2369
2039
1677
1512
1600
1840
2041
2052
1837
1526
1315
1374
1820
2635
3620
4095
4095
4095
4095
3208
2342
1760
1594
1846
2386
2960
3298
3220
2698
1871
953
178
35
33
240
832
1521
2053
2196
1838
1036
88
36
33
266
1344
2735
3980
4095
4095
3777
2632
1555
795
383
210
153
181
321
547
792
1006
1212
1462
1767
2138
2609
3131
3593
3888
4008
4053
4095
4095
4095
4095
4095
4095
3485
2639
1865
1414
1406
1740
2168
2428
2322
1842
1191
640
388
438
664
919
1163
1425
1752
2152
2528
2700
2544
2080
1503
1043
858
999
1364
1737
1927
1888
1755
1708
1870
2269
2784
3182
3261
2918
2255
1526
1011
889
1182
1790
2509
3085
3316
3154
2703
2147
1704
1520
1563
1707
1802
1800
1752
1737
1840
2096
2479
2985
3588
4095
4095
4095
4095
4095
3669
3042
2504
2099
1776
1478
1184
903
666
479
378
444
739
1259
1855
2272
2357
2125
1718
1338
1167
1288
1640
2080
2467
2667
2606
2323
1909
1495
1236
1194
1313
1510
1742
2011
2340
2711
3022
3153
3045
2728
2282
1786
1356
1123
1187
1547
2064
2537
2830
2886
2690
2237
1593
925
410
176
268
649
1240
1899
2466
2839
3017
3063
3048
3035
3053
3060
2935
2565
1958
1305
881
889
1344
2099
2939
3655
4095
4095
4095
3924
3478
2914
2312
1773
1349
1045
805
530
199
36
34
37
247
634
1017
1315
1530
1755
2085
2568
3129
3587
3805
3773
3600
3453
3408
3441
3466
3397
3238
3039
2861
2720
2594
2450
2238
1943
1585
1155
655
143
35
34
106
672
1526
2481
3342
3955
4095
4095
4095
4095
4095
3929
3473
2918
2378
1933
1548
1138
634
64
37
35
33
467
1497
2731
3805
4095
4095
3764
2727
1548
495
37
33
152
872
1918
3008
3828
4095
4053
3620
3076
2564
2161
1886
1727
1659
1651
1721
1863
2056
2240
2318
2264
2152
2059
2020
2042
2065
1996
1818
1606
1439
1388
1519
1845
2314
2779
EOF