Process identification data:
2153
2155
2158
2154
2098
1936
1678
1385
1110
895
742
672
785
1201
1912
2735
3402
3697
3593
3247
2841
2515
2320
2230
2206
2268
2496
2916
3480
4095
4095
4095
4095
4095
4095
3874
3519
3307
3213
3152
3000
2696
2272
1760
1156
501
38
36
35
35
35
34
86
361
809
1378
2025
2628
3073
3298
3288
3108
2911
2843
2992
3328
3685
3830
3616
3057
2306
1569
1025
822
1018
1550
2250
2864
3180
3101
2664
2062
1562
1384
1608
2112
2646
2982
2962
2570
1938
1315
952
973
1338
1862
2277
2397
2220
1899
1647
1632
1862
2244
2635
2894
3004
3045
3091
3160
3216
3207
3163
3180
3303
3534
3818
4073
4095
4095
4095
4095
4095
4095
4095
4095
3496
2358
1334
603
232
190
392
685
938
1068
1013
785
497
341
455
832
1324
1778
2128
2380
2603
2829
3003
3055
2976
2826
2702
2686
2755
2820
2851
2909
3070
3373
3801
4095
4095
4095
3583
2571
1451
609
355
740
1517
2323
2833
2860
2432
1748
1102
755
843
1364
2185
3061
3740
4037
3908
3518
3107
2831
2729
2753
2771
2622
2190
1446
491
39
36
35
33
325
979
1650
2230
2660
2968
3210
3405
3591
3786
4000
4095
4095
4095
4095
4095
4095
4037
3213
2516
2157
2236
2677
3211
3530
3477
3093
2543
2019
1654
1443
1259
1003
687
417
277
241
200
109
78
249
703
1352
2051
2626
2987
3169
3264
3360
3465
3514
3431
3180
2802
2338
1823
1326
980
901
1127
1563
1983
2165
2014
1633
1262
1106
1218
1528
1944
2423
2921
3379
3777
4095
4095
4095
4095
4095
4095
4095
4095
3263
2231
1295
615
240
117
143
297
657
1296
2218
3329
4095
4095
4095
4095
4095
3091
2058
1401
1212
1456
1952
2424
2619
2425
1917
1314
879
796
1111
1689
2220
2420
2145
1493
745
164
36
35
111
330
583
824
1079
1401
1836
2414
3087
3728
4095
4095
4095
4095
4095
4095
4095
4095
4095
3823
3499
3410
3617
3992
4095
4095
3524
2446
1206
219
34
224
1071
2131
2988
3403
3308
2821
2183
1593
1140
857
736
707
682
637
648
838
1253
1797
2314
2694
2908
2944
2768
2393
1957
1638
1541
1665
1906
2150
2365
2510
2497
2248
1805
1300
863
589
539
756
1238
1897
2594
3241
3798
4095
4095
4095
4095
3637
3077
2523
2069
1786
1703
1782
1928
2054
2084
1975
1765
1579
1572
1852
2367
2911
3237
3137
2574
1710
858
336
325
812
1661
2665
3630
4095
4095
4095
4095
3516
2524
1526
670
87
35
34
211
658
1228
1790
2200
2379
2397
2435
2633
3012
3484
3891
4095
4095
3911
3471
2999
2715
2769
3123
3571
3865
3836
3502
2993
2492
2165
2031
1967
1842
1626
1395
1260
1222
1210
1139
944
676
477
446
597
904
1280
1597
1783
1809
1689
1547
1556
1799
2266
2903
3588
4095
4095
4095
4095
3819
3302
2778
2359
2156
2223
2470
2706
2735
2420
1810
1129
640
485
623
886
1100
1164
1045
779
455
252
391
999
1998
3141
4095
4095
4095
4095
4095
3963
3100
2251
1585
1273
1401
1929
2705
3478
3970
3949
3378
2443
1432
624
184
122
361
757
1093
1198
1057
836
732
879
1285
1839
2405
2848
3053
3023
2865
2718
2716
2895
3223
3645
4079
4095
4095
3812
2830
1558
269
39
37
36
34
33
368
1088
2011
2976
3828
4095
4095
4095
4095
4095
4095
4095
4095
4095
4095
4012
3153
2365
1745
1293
936
613
295
58
35
35
36
37
37
38
36
34
132
1207
2715
4095
4095
4095
4095
4095
4095
3814
2807
1892
1254
981
1076
1450
1932
2339
2490
2283
1736
1040
501
362
684
1335
2044
2604
2971
3163
3180
3004
2656
2228
1836
1566
1413
1339
1333
1451
1780
2384
3241
4095
4095
4095
4095
4095
3088
1701
591
64
207
928
1935
2856
3378
3348
2854
2180
1664
1561
1936
2647
3431
4001
4095
3888
3252
2369
1403
567
51
34
96
396
734
1037
1316
1610
1887
2018
1876
1457
928
482
221
179
376
829
1474
2126
2548
2589
2307
1957
1789
1934
2359
2903
3386
3676
3716
3493
3092
2639
2218
1878
1683
1679
1839
2073
2322
2620
3048
3647
4095
4095
4095
4095
4095
3746
2450
1190
282
35
44
377
952
1558
1972
2080
1946
1767
1693
1719
1751
1753
1732
1681
1555
1323
1074
1022
1290
1809
2370
2740
2832
2701
2447
2174
1937
1762
1644
1567
1530
1546
1626
1775
1984
2281
2688
3155
3610
3970
4095
4095
4095
4095
4095
4095
4095
3920
3444
2780
2044
1408
1017
921
1132
1552
2033
2460
2721
2709
2364
1692
799
40
36
33
190
1166
2458
3579
4095
3943
3168
2176
1359
1032
1313
2108
3153
4071
4095
4095
3808
2927
2076
1496
1307
1470
1769
1913
1702
1112
301
38
36
34
35
418
891
1136
1075
833
676
841
1418
2326
3369
4095
4095
4095
4095
3556
2592
1728
1117
801
751
851
1015
1206
1393
1578
1789
2018
2235
2410
2469
2350
2100
1829
1653
1677
1934
2373
2916
3477
3934
4095
4095
3881
3461
2993
2576
2235
1972
1801
1751
1864
2202
2762
3423
3967
4095
3902
3217
2327
1521
1030
940
1142
1403
1494
1301
880
465
351
704
1490
2512
3470
4095
4095
4095
4095
4084
3472
2798
2157
1577
1046
575
256
189
435
964
1645
2352
2986
3502
3887
4087
4051
3803
3438
3092
2874
2812
2854
2899
2799
2378
1538
321
41
41
39
37
34
32
353
1120
1722
1993
2055
2159
2469
2988
3609
4095
4095
4095
4095
4095
4086
3703
3350
3079
2917
2860
2874
2910
2866
2597
2007
1082
48
39
38
36
34
32
605
1501
2365
2982
3305
3431
3486
3538
3610
3663
3630
3509
3357
3245
3228
3275
3348
3458
3594
3679
3599
3254
2647
1888
1203
790
777
1206
1974
2849
3574
3942
3831
3287
2458
1545
757
277
197
508
1145
1957
2773
3467
3955
4095
4074
3722
3187
2578
2059
1752
1705
1840
1985
2004
1829
1492
1084
710
465
402
485
594
638
598
512
490
664
1048
1544
2054
2510
2931
3353
3748
4042
4095
4095
3798
3193
2364
1511
868
601
764
1269
1892
2331
2393
2054
1479
955
680
655
784
938
993
895
689
549
706
1270
2122
3007
3694
4018
3917
3435
2768
2247
2175
2673
3617
4095
4095
4095
4095
3382
2055
1106
844
1307
2280
3369
4095
4095
4039
3218
2247
1379
780
474
395
461
603
768
926
1084
1233
1359
1477
1606
1755
1903
1977
1955
1877
1803
1777
1779
1803
1889
2082
2375
2711
3036
3282
3354
3221
2903
2442
1918
1459
1179
1171
1498
2092
2751
3255
3403
3183
2776
2428
2305
2448
2791
3202
3490
3432
2887
1885
681
39
36
35
34
34
150
536
1154
1991
2943
3797
4095
4095
4095
3962
3811
3853
3991
4095
4089
3866
3462
2929
2379
1943
1646
1388
1093
791
591
554
620
697
707
609
454
375
512
908
1486
2082
2537
2830
3001
3095
3107
3011
2838
2618
2341
2011
1654
1305
1056
979
1104
1468
2058
2756
3361
3666
3546
3066
2416
1817
1487
1494
1761
2165
2560
2858
3063
3212
3338
3418
3405
3291
3082
2768
2292
1592
697
40
37
36
34
34
667
1674
2632
3268
3471
3315
3012
2782
2741
2878
3137
3473
3851
4095
4095
4095
4095
3911
3269
2543
1903
1471
1230
1058
889
768
754
860
1047
1252
1476
1707
1906
2030
2051
1980
1797
1487
1129
919
1058
1576
2268
2876
3227
3288
3136
2873
2604
2368
2148
1882
1588
1401
1451
1775
2269
2737
3046
3210
3297
3334
3258
3047
2785
2607
2612
2753
2891
2884
2635
2187
1687
1317
1168
1218
1397
1585
1663
1591
1365
985
512
83
35
38
211
528
828
1086
1358
1719
2262
3009
3849
4095
4095
4095
4095
3416
2917
2754
2921
3334
3854
4095
4095
4095
4095
3579
2467
1098
41
38
35
33
303
1012
1569
1699
1335
607
38
36
33
148
953
2061
3183
4095
4095
4095
4095
4095
3420
2486
1747
1403
1487
1897
2490
3120
3660
4057
4095
4095
4091
3901
3695
3446
3141
2750
2282
1775
1242
701
181
37
37
37
36
34
32
366
1092
1871
2560
3145
3643
4034
4095
4095
4095
4089
3800
3529
3352
3272
3182
2965
2605
2135
1575
926
238
37
35
33
250
739
1236
1642
1896
1983
1939
1805
1644
1548
1618
1885
2308
2820
3309
3671
3838
3794
3557
3152
2585
1885
1165
563
158
38
55
205
525
987
1512
2041
2537
2933
3160
3201
3105
2986
3001
3190
3444
3623
3662
3556
3338
3093
2946
3012
3326
3741
3974
3823
3276
2491
1745
1279
1174
1334
1587
1804
1942
2021
2044
2008
1941
1893
1903
1942
1911
1727
1373
920
486
170
40
41
173
521
1019
1633
2313
2957
3439
3642
3489
3004
2294
1550
973
724
848
1214
1612
1851
1857
1721
1608
1616
1749
1933
2076
2145
2206
2369
2717
3295
4026
4095
4095
4095
4095
4095
4095
4092
3305
2562
1995
1695
1648
1725
1734
1506
1040
507
114
42
203
644
1253
1884
2337
2444
2145
1493
658
38
36
34
252
1075
2002
2704
3047
3148
3175
3256
3428
3656
3905
4095
4095
3822
3287
2618
1951
1413
1116
1109
1359
1734
2021
2048
1752
1192
551
94
58
437
1173
1989
2651
3044
3137
2949
2550
2101
1846
1948
2401
3048
3672
4095
4095
4095
4095
3698
3211
2878
2772
2834
2919
2833
2428
1708
809
41
37
36
34
32
452
1187
1831
2238
2415
2430
2375
2321
2280
2264
2261
2197
2022
1784
1638
1763
2258
3055
3945
4095
4095
4095
3372
2114
860
40
35
34
91
538
1051
1491
1862
2240
2642
2970
3088
2949
2632
2282
2028
1881
1779
1661
1541
1485
1582
1929
2554
3380
4095
4095
4095
4095
4095
3652
2669
1850
1324
1083
987
917
865
902
1115
1524
2013
2415
2638
2644
2431
2045
1610
1278
1176
1348
1714
2082
2209
1930
1253
376
38
34
33
577
1487
2338
2868
3005
2897
2783
2882
3294
3938
4095
4095
4095
3688
2532
1345
407
36
34
35
80
303
685
1207
1784
2298
2680
2952
3143
3227
3190
3040
2783
2450
2075
1736
1545
1547
1723
2022
2383
2717
2972
3140
3231
3289
3373
3460
3453
3265
2918
2583
2465
2681
3163
3698
4049
4033
3616
2916
2123
1375
765
319
44
35
35
35
35
34
59
538
1351
2272
3075
3623
3917
4000
3919
3719
3396
2995
2581
2237
2082
2142
2295
2353
2164
1703
1120
665
553
879
1559
2360
3005
3245
3025
2466
1785
1204
867
802
922
1090
1237
1401
1626
1885
2139
2374
2580
2698
2652
2397
1985
1579
1389
1543
2014
2659
3326
3909
4095
4095
4095
4095
3953
3122
2041
859
40
37
34
32
462
1311
2181
2839
3137
3059
2696
2208
1770
1462
1247
1058
859
673
549
571
791
1180
1629
2004
2206
2224
2115
1981
1977
2274
2974
4025
4095
4095
4095
4095
4095
4095
4095
3590
2882
2282
1816
1529
1450
1507
1499
1214
563
40
39
37
35
32
369
1381
2492
3431
4084
4095
4095
4095
3640
3098
2514
1942
1484
1253
1263
1387
1479
1498
1490
1487
1490
1451
1311
1096
885
772
886
1309
1963
2614
3019
3040
2689
2092
1467
1079
1144
1721
2636
3512
4051
4095
3880
3380
2787
2171
1623
1224
968
827
768
814
1049
1491
2076
2663
3072
3211
3133
2945
2774
2744
2856
3002
3061
2989
2792
2531
2255
1989
1753
1598
1607
1833
2246
2708
3059
3213
3120
2766
2227
1622
1101
788
726
857
1091
1319
1429
1410
1376
1463
1756
2266
2903
3542
4037
4095
4095
3754
3067
2174
1207
372
36
35
34
193
534
966
1493
2112
2753
3314
3700
3815
3595
3073
2410
1877
1691
1926
2474
3057
3348
3104
2317
1260
374
56
372
1194
2110
2709
2725
2169
1311
530
184
449
1260
2322
3237
3732
3772
3485
3055
2654
2367
2204
2141
2138
2199
2357
2638
3010
3334
3401
3073
2385
1510
687
122
35
35
64
196
484
976
1631
2267
2651
2648
2341
1986
1795
1838
2109
2587
3241
3969
4095
4095
4095
4095
4095
3938
3377
2749
2015
1213
461
37
35
34
92
472
1024
1673
2312
2804
3027
2971
2769
2582
2471
2401
2293
2082
1757
1356
936
576
414
598
1143
1885
2566
3003
3194
3237
3239
3247
3214
3120
3023
3025
3220
3608
4024
4095
3956
3341
2510
1627
790
61
36
35
33
212
727
1125
1220
1018
638
240
47
116
533
1221
1983
2646
3118
3354
3354
3179
2966
2886
3014
3298
3654
4026
4095
4095
4095
3960
3368
2871
2666
2786
3077
3330
3422
3318
3047
2631
2096
1517
943
352
38
38
36
35
33
137
689
1194
1377
1152
674
256
196
677
1665
2968
4095
4095
4095
4095
4095
4095
3594
3246
3071
2955
2739
2338
1742
989
193
37
37
35
34
34
173
477
943
1672
2697
3898
4095
4095
4095
4095
3604
2211
999
291
225
700
1497
2347
2990
3303
3299
3119
2960
2923
3009
3188
3410
3600
3624
3352
2750
1965
1247
772
625
806
1212
1708
2186
2525
2612
2385
1861
1135
379
37
35
33
334
1133
2156
3130
3816
4095
4095
4095
4095
4095
4095
4095
4095
3682
3076
2600
2321
2214
2243
2366
2548
2725
2761
2536
2073
1453
818
282
36
36
36
35
34
36
197
472
667
724
672
551
439
421
552
894
1493
2281
3107
3804
4095
4095
4095
4095
4095
3982
3609
3218
2901
2692
2586
2589
2696
2833
2852
2635
2149
1490
841
365
161
236
534
956
1437
1904
2287
2593
2856
3119
3353
3436
3280
2898
2424
2046
1862
1860
1981
2120
2207
2248
2245
2211
2197
2204
2188
2105
1914
1627
1318
1082
993
1048
1223
1514
1929
2469
3048
3477
3581
3317
2774
2097
1428
906
669
781
1161
1675
2225
2772
3295
3738
3997
3947
3528
2785
1907
1195
886
1041
1546
2185
2746
3107
3240
3210
3141
3162
3343
3596
3744
3623
3178
2552
1959
1525
1217
911
481
39
36
36
33
111
794
1677
2478
2973
3048
2716
2097
1410
928
895
1413
2363
3467
4095
4095
4095
4095
4095
3772
3166
2603
2150
1828
1641
1542
1478
1415
1330
1275
1321
1468
1626
1713
1718
1665
1589
1498
1391
1336
1436
1752
2244
2755
3062
3028
2643
2010
1309
733
395
297
359
463
565
691
900
1242
1695
2172
2592
2905
3067
3059
2922
2744
2607
2615
2779
2991
3115
3096
3017
3031
3210
3461
3626
3574
3292
2931
2678
2672
2896
3217
3485
3543
3300
2753
1956
1027
133
37
37
36
34
33
410
1054
1641
1989
2094
2080
2131
2401
2924
3585
4095
4095
4095
4095
4095
4095
4095
4095
4095
3829
2777
1602
586
38
36
35
34
34
241
635
977
1226
1462
1753
2101
2485
2882
3282
3599
3676
3423
2880
2201
1636
1397
1576
2057
2538
2738
2510
1877
992
73
38
37
35
32
506
1654
2949
4045
4095
4095
4095
4095
3670
2926
2371
2151
2287
2660
3083
3420
3572
3493
3197
2739
2207
1634
1028
456
82
42
226
680
1260
1897
2540
3127
3541
3639
3340
2726
2015
1425
1063
933
1011
1298
1804
2500
3269
3899
4095
4057
3565
2943
2444
2225
2309
2611
2957
3168
3144
2834
2270
1552
809
163
36
34
38
380
1017
1712
2228
2416
2299
2002
1693
1502
1435
1383
1226
938
645
504
615
961
1439
1928
2338
2625
2795
2919
3039
3128
3116
2979
2770
2591
2509
2486
2422
2302
2220
2269
2492
2879
3325
3697
3918
3981
3900
3677
3298
2768
2138
1507
937
453
103
36
59
300
794
1478
2265
3068
3740
4095
4095
3839
3224
2558
2036
1728
1578
1495
1415
1304
1189
1115
1119
1236
1411
1610
1847
2143
2469
2716
2753
2543
2171
1763
1487
1504
1903
2664
3580
4095
4095
4095
4095
3900
3136
2284
1450
736
184
36
36
35
34
48
224
595
1120
1683
2176
2557
2840
3075
3334
3643
3996
4095
4095
4095
4095
3870
2779
1517
389
37
35
33
261
824
1454
2026
2473
2767
2930
3024
3116
3201
3170
2892
2304
1446
471
38
37
34
33
663
1756
2967
4043
4095
4095
4095
3962
3018
2155
1570
1281
1172
1106
1049
1108
1432
2083
2950
3791
4095
4095
4095
3907
2939
1732
517
39
37
36
34
34
618
1629
2728
3609
4034
3923
3349
2570
1934
1747
2141
3029
4095
4095
4095
4095
4095
4095
3920
2895
1935
1099
386
37
36
35
34
34
69
252
575
1057
1681
2351
2920
3234
3201
2833
2203
1443
663
42
36
35
33
570
1656
2879
3839
4095
4095
3889
3321
2690
2108
1689
1477
1501
1772
2236
2798
3359
3813
4076
4072
3758
3152
2333
1505
925
749
990
1556
2279
2928
3263
3109
2509
1758
1233
1121
1330
1601
1745
1750
1682
1600
1576
1683
1936
2252
2514
2624
2579
2492
2454
2494
2641
2872
3145
3405
3572
3551
3272
2754
2069
1360
832
599
647
882
1105
1145
972
678
401
257
330
674
1212
1760
2101
2093
1743
1198
664
342
387
859
1700
2769
3850
4095
4095
4095
4095
4095
4095
4095
3812
3577
3364
3060
2667
2284
2032
1919
1815
1608
1242
733
170
36
36
35
33
110
570
1130
1574
1755
1646
1385
1209
1321
1787
2533
3390
4095
4095
4095
4095
3943
3382
3064
3130
3522
4022
4095
4095
3691
2698
1463
241
39
38
36
34
93
986
2261
3552
4095
4095
4095
3362
1879
369
38
33
32
947
2503
4024
4095
4095
4095
4095
4063
2699
1309
170
37
36
35
33
60
469
1012
1576
2150
2743
3313
3739
3848
3537
2866
2035
1320
938
919
1158
1537
1977
2411
2786
3084
3262
3247
2980
2448
1767
1205
1016
1333
2102
3057
3815
4095
3916
3339
2563
1793
1181
784
584
484
367
194
65
88
399
1029
1788
2428
2749
2740
2604
2583
2797
3227
3730
4095
4095
4095
4095
4095
3774
3423
3144
2885
2580
2202
1749
1277
888
646
584
734
1069
1468
1750
1789
1541
1042
406
37
36
34
33
242
1002
1972
2901
3550
3762
3513
2932
2291
1852
1735
1919
2318
2813
3258
3526
3575
3431
3172
2877
2645
2613
2889
3423
3965
4095
3923
3211
2340
1635
1339
1482
1881
2295
2538
2539
2360
2138
2011
2015
2088
2132
2072
1921
1716
1490
1276
1107
1047
1129
1288
1435
1475
1307
899
315
37
34
89
805
1801
2651
3104
3177
3086
3076
3262
3594
3885
3896
3515
2805
1992
1377
1121
1172
1402
1718
2057
2325
2380
2105
1503
733
75
35
64
608
1430
2248
2871
3241
3416
3485
3546
3669
3841
3995
4071
3982
3651
3053
2240
1328
523
64
69
506
1292
2144
2758
2981
2879
2628
2407
2290
2226
2158
2060
1886
1603
1212
806
542
490
637
962
1493
2253
3152
3941
4095
4095
3476
2448
1388
583
214
324
806
1452
2072
2576
2958
3209
3354
3480
3707
4095
4095
4095
4095
4095
4095
3235
1967
917
351
327
674
1152
1572
1829
1905
1819
1585
1290
1024
800
564
256
36
37
35
34
33
256
936
1928
2994
3845
4095
4095
4095
3988
3972
4095
4095
4095
4095
4095
4095
4095
3974
2712
1287
45
39
38
36
35
33
48
302
528
705
966
1419
1989
2465
2690
2683
2588
2574
2709
2945
3203
3364
3309
3009
2509
1942
1500
1293
1316
1478
1598
1516
1222
883
699
806
1197
1742
2333
2910
3406
3745
3913
3942
3861
3682
3381
2900
2240
1522
962
728
874
1300
1770
2091
2232
2277
2318
2393
2480
2540
2577
2624
2706
2782
2793
2700
2443
1996
1393
756
227
36
39
273
781
1425
2106
2739
3249
3614
3835
3928
3967
4006
4065
4095
4095
4095
3989
3515
2832
2085
1488
1234
1405
1886
2435
2849
3028
2989
2752
2292
1604
796
85
36
33
347
1059
1793
2252
2279
1889
1230
549
100
73
506
1384
2504
3551
4095
4095
3567
2454
1200
176
35
78
878
2141
3466
4095
4095
4095
4095
3671
2861
1998
1172
514
154
193
621
1284
1985
2592
3055
3389
3555
3440
2946
2094
1106
326
42
175
664
1223
1613
1755
1752
1749
1815
1915
1944
1832
1606
1392
1349
1634
2273
3142
4047
4095
4095
4095
4095
3810
2634
1514
818
720
1136
1770
2276
2428
2224
1842
1514
1465
1801
2425
3097
3538
3540
3075
2308
1517
983
870
1203
1834
2523
3024
3126
2737
1928
916
46
36
34
112
841
1779
2556
2910
2773
2275
1665
1241
1257
1782
2653
3583
4095
4095
4095
3831
3312
3034
3117
3450
3733
3650
3078
2132
1090
306
50
249
747
1242
1536
1543
1337
1113
1044
1184
1430
1583
1495
1149
663
271
223
650
1462
2365
3045
3308
3153
2777
2385
2069
1835
1679
1604
1583
1619
1710
1826
1981
2183
2400
2585
2659
2564
2340
2093
1926
1956
2249
2741
3250
3556
3541
3242
2825
2460
2220
2090
2054
2140
2374
2710
3016
3132
2946
2493
1924
1432
1206
1333
1749
2306
2853
3259
3450
3424
3209
2887
2530
2139
1719
1336
1048
921
987
1180
1413
1660
1922
2163
2334
2422
2468
2530
2593
2516
2148
1454
558
38
36
34
37
521
1174
1649
1811
1719
1510
1349
1391
1724
2347
3190
4095
4095
4095
4095
4095
3950
3198
2702
2477
2389
2289
2157
2085
2191
2470
2753
2804
2451
1679
695
39
36
34
34
215
868
1813
2912
3954
4095
4095
4095
4095
4095
3853
3474
3237
3109
2995
2767
2308
1639
900
304
63
177
589
1146
1660
1991
2126
2096
1966
1789
1553
1274
980
672
341
44
35
34
51
445
1137
1955
2748
3423
3950
4095
4095
4095
4095
4095
4095
4095
3001
1888
1085
776
967
1538
2286
3007
3549
3775
3596
3031
2208
1330
566
82
36
152
450
739
956
1104
1231
1370
1510
1678
1879
2088
2250
2267
2103
1794
1410
1093
1032
1368
2112
3065
3888
4095
4095
3937
3465
3056
2763
2603
2593
2743
3035
3372
3604
3608
3324
2811
2187
1581
1093
763
640
754
1064
1410
1594
1498
1175
810
612
732
1187
1820
2360
2560
2359
1948
1616
1537
1700
1989
2268
2438
2507
2508
2451
2381
2336
2288
2199
2026
1787
1550
1374
1353
1580
2102
2901
3856
4095
4095
4095
4095
4095
3653
2934
2410
2135
2066
2091
2052
1794
1287
602
39
37
34
33
254
864
1417
1673
1616
1393
1159
1013
986
1086
1359
1834
2484
3210
3820
4095
4095
3951
3803
3878
4095
4095
4095
4095
3648
2765
1844
1032
422
101
138
535
1223
2015
2651
2927
2812
2449
2076
1891
1962
2231
2570
2845
2919
2707
2251
1667
1115
699
425
226
50
35
34
76
438
927
1289
1403
1351
1304
1428
1818
2430
3146
3835
4095
4095
4095
3699
2913
2091
1398
913
631
532
587
791
1145
1622
2156
2666
3080
3323
3399
3414
3502
3767
4095
4095
4095
4026
3175
2186
1419
1127
1316
1760
2151
2305
2263
2197
2277
2575
3012
3411
3575
3333
2691
1863
1122
691
690
1094
1781
2571
3265
3697
3794
3581
3147
2567
1896
1242
672
216
36
35
37
122
320
575
886
1288
1784
2323
2816
3148
3243
3092
2722
2177
1564
1047
722
569
546
641
832
1040
1141
1030
697
279
48
179
875
2098
3600
4095
4095
4095
4095
4095
3799
3300
3254
3625
4095
4095
4095
4044
3293
2365
1416
642
233
283
675
1112
1324
1200
775
208
36
34
34
64
361
827
1383
1941
2384
2603
2561
2336
2099
2024
2225
2726
3449
4095
4095
4095
4095
4095
3757
3253
2990
2979
3142
3352
3480
3383
2982
2350
1652
1048
610
329
151
48
36
34
38
273
909
1885
3074
4095
4095
4095
4095
4095
4095
3494
2302
1315
662
366
365
544
816
1158
1586
2095
2567
2795
2640
2153
1492
798
150
36
36
35
33
275
915
1638
2218
2495
2449
2232
2053
2075
2330
2732
3160
3508
3709
3695
3492
3234
3032
2894
2796
2752
2796
2918
3038
3028
2755
2179
1343
393
37
35
33
262
1144
2196
3083
3545
3518
3117
2564
2108
1906
1975
2190
2416
2561
2547
2366
2096
1870
1822
1994
2272
2472
2448
2163
1762
1510
1612
2099
2833
3621
4095
4095
4095
4095
3635
2653
1606
784
431
596
1138
1827
2399
2630
2449
1914
1166
446
49
72
524
1331
2221
2919
3245
3096
2520
1725
1046
798
1131
1919
2807
3446
3676
3541
3192
2750
2258
1714
1148
619
231
74
121
385
882
1552
2251
2806
3116
3180
3068
2894
2783
2783
2841
2883
2828
2619
2297
1951
1645
1417
1264
1211
1339
1711
2275
2831
3142
3106
2824
2490
2283
2266
2353
2386
2237
1871
1368
855
470
362
667
1433
2573
3868
4095
4095
4095
4095
4095
3799
2511
1310
446
55
42
148
389
739
1228
1840
2427
2744
2604
2027
1270
672
426
501
705
830
769
556
355
349
642
1255
2093
2946
3586
3855
3751
3421
3027
2686
2499
2551
2849
3321
3874
4095
4095
4095
4095
3688
2748
1863
1272
1098
1289
1670
2005
2050
1672
891
42
38
37
35
33
119
769
1685
2751
3876
4095
4095
4095
4095
4095
4095
3522
2574
1850
1427
1308
1385
1463
1352
1002
509
56
34
34
328
1032
1837
2426
2582
2308
1799
1284
944
866
1036
1433
2045
2833
3740
4095
4095
4095
4095
4095
4095
3159
2057
1075
427
233
421
817
1233
1544
1748
1862
1870
1762
1585
1453
1430
1482
1557
1610
1643
1694
1795
1991
2279
2561
2743
2767
2659
2498
2313
2128
1980
1926
2035
2281
2505
2546
2357
2024
1715
1611
1789
2181
2583
2762
2573
2068
1513
1242
1466
2160
3088
3892
4095
4095
3831
3341
2986
2804
2648
2365
1917
1349
724
118
36
35
34
310
837
1339
1690
1872
1920
1886
1786
1637
1489
1408
1413
1481
1576
1717
1987
2428
3027
3676
4095
4095
4095
3811
3292
2913
2788
2938
3251
3516
3528
3215
2689
2166
1847
1848
2160
2663
3139
3362
3220
2715
1967
1164
480
88
78
413
1045
1797
2499
3016
3281
3239
2888
2317
1645
1002
535
322
332
479
647
751
825
967
1262
1661
1980
2015
1678
1048
386
55
232
978
2089
3217
3994
4095
3978
3415
2815
2382
2208
2238
2391
2622
2875
3103
3249
3240
3085
2840
2591
2403
2296
2244
2185
2113
2096
2175
2343
2559
2720
2753
2673
2517
2326
2141
1980
1860
1745
1625
1547
1548
1606
1651
1631
1554
1489
1510
1604
1748
1931
2160
2490
2954
3545
4095
4095
4095
4095
3727
2659
1495
512
39
105
765
1768
2665
3120
3056
2593
1967
1372
883
523
277
106
40
38
116
504
1248
2291
3431
4095
4095
4095
4095
3556
2364
1233
442
120
266
817
1626
2497
3214
3618
3679
3435
2996
2478
1989
1614
1420
1458
1703
2085
2532
2984
3359
3541
3410
2944
2255
1557
1082
963
1191
1606
1981
2189
2229
2204
2216
2297
2390
2421
2365
2220
1948
1485
793
41
39
37
36
33
52
822
1891
2855
3438
3515
3122
2446
1779
1419
1560
2202
3162
4095
4095
4095
4095
4095
4095
4095
4095
3704
2522
1565
1048
997
1260
1606
1841
1825
1527
1026
463
44
35
35
35
34
49
410
1022
1712
2329
2778
3068
3237
3296
3281
3207
3049
2786
2427
2082
1929
2118
2675
3490
4095
4095
4095
4095
4095
4055
3398
2717
2102
1651
1423
1350
1299
1173
926
561
114
39
36
36
35
33
34
160
412
697
1024
1428
1922
2461
2997
3475
3848
4095
4095
4058
3832
3647
3636
3813
4063
4095
4095
3739
3097
2281
1496
983
900
1250
1885
2565
3042
3163
2925
2413
1795
1284
1025
999
1053
1044
956
881
942
1145
1363
1451
1344
1059
682
366
256
381
687
1115
1657
2300
2978
3595
4063
4095
4095
4095
3970
3692
3408
3086
2692
2276
1931
1714
1662
1788
2046
2362
2643
2794
2804
2721
2574
2397
2217
2074
2055
2228
2582
2976
3195
3093
2650
1948
1198
657
459
574
831
1010
1016
885
681
497
439
626
1161
2026
3085
4095
4095
4095
4095
4095
4095
4095
3943
3186
2512
1962
1486
983
365
38
37
36
35
34
116
578
1139
1663
2021
2167
2168
2162
2307
2676
3162
3511
3485
2984
2156
1348
916
1021
1593
2422
3196
3614
3546
3044
2321
1657
1255
1182
1358
1624
1806
1836
1757
1655
1619
1673
1832
2149
2668
3371
4095
4095
4095
4095
4095
3437
2545
1785
1251
1005
1042
1247
1449
1500
1385
1229
1158
1180
1210
1191
1138
1142
1332
1784
2477
3238
3804
4001
3825
3431
3009
2643
2340
2082
1877
1745
1678
1659
1676
1730
1816
1941
2058
2141
2234
2393
2636
2884
2960
2712
2123
1363
674
228
112
293
690
1199
1709
2126
2393
2506
2514
2468
2394
2332
2297
2258
2168
1994
1782
1628
1587
1706
2035
2552
3129
3567
3721
3564
3197
2771
2424
2275
2368
2608
2780
2655
2135
1381
735
472
648
1146
1774
2350
2743
2895
2874
2837
2927
3133
3269
3117
2566
1742
954
506
533
948
1534
2061
2377
2453
2337
2173
2116
2211
2365
2473
2508
2512
2513
2467
2349
2211
2103
2004
1830
1512
1075
645
363
270
345
589
1039
1654
2341
2988
3493
3783
3793
3539
3122
2661
2294
2149
2283
2658
3154
3618
3869
3793
3411
2827
2192
1645
1309
1247
1443
1755
1939
1838
1466
984
579
330
269
422
764
1185
1518
1679
1732
1796
1962
2274
2660
3023
3254
3227
2863
2199
1437
863
695
1040
1785
2646
3297
3533
3345
2876
2358
1983
1803
1814
2004
2314
2663
2996
3250
3390
3410
3317
3129
2881
2624
2370
2134
1948
1812
1680
1517
1316
1106
934
806
740
756
840
965
1137
1360
1612
1869
2094
2247
2375
2594
2957
3449
3954
4095
4095
3954
3472
3018
2718
2590
2528
2440
2290
2109
1990
1973
2008
2051
2084
2113
2140
2163
2179
2151
2008
1748
1470
1316
1391
1696
2102
2425
2533
2388
2091
1748
1408
1108
912
851
911
1027
1119
1149
1097
965
838
874
1224
1931
2840
3678
4095
4095
3637
2769
1857
1241
1112
1452
2051
2599
2886
2879
2644
2312
2067
2065
2373
2913
3456
3758
3728
3407
2880
2204
1474
844
433
292
405
700
1056
1311
1316
1055
663
361
311
493
774
1020
1194
1351
1555
1887
2446
3263
4095
4095
4095
4095
4095
3888
2933
2230
1963
2132
2566
2974
3099
2870
2441
2031
1818
1842
2005
2150
2127
1908
1610
1406
1415
1641
1989
2339
2585
2621
2372
1839
1193
678
518
833
1576
2522
3346
3804
3837
3569
3239
3047
3020
3011
2831
2405
1792
1111
518
192
254
677
1304
1910
2315
2469
2390
2113
1668
1121
626
369
430
744
1153
1475
1600
1567
1507
1561
1796
2150
2532
2905
3249
3563
3867
4095
4095
4095
4095
4095
3860
3278
2579
1847
1145
544
106
35
52
323
802
1355
1895
2367
2675
2700
2425
1974
1558
1354
1425
1694
1972
2072
1882
1456
986
685
695
1024
1618
2401
3274
4081
4095
4095
4095
4095
3516
2804
2243
1949
1954
2139
2300
2276
1997
1504
880
239
37
35
34
196
953
1951
2840
3357
3397
3036
2485
1968
1654
1632
1940
2539
3303
3996
4095
4095
3423
2516
1762
1418
1498
1818
2134
2268
2166
1895
1581
1355
1332
1552
1922
2281
2487
2478
2299
2019
1678
1301
901
468
50
36
35
32
366
1299
2412
3381
4028
4095
4095
3917
3486
3079
2828
2809
2980
3226
3408
3424
3235
2867
2394
1895
1434
1053
830
810
979
1258
1482
1518
1335
997
618
317
246
575
1394
2596
3862
4095
4095
4095
4095
3795
3209
2824
2630
2563
2528
2403
2108
1630
1034
497
228
370
964
1870
2833
3601
3998
4049
3883
3619
3295
2927
2529
2112
1709
1360
1093
934
871
887
973
1096
1221
1363
1558
1845
2204
2549
2763
2752
2537
2225
1944
1791
1808
1984
2247
2481
2539
2280
1654
773
39
37
35
34
35
34
35
34
108
559
1344
2366
3488
4095
4095
4095
4095
4095
4095
3631
3053
2749
2642
2598
2512
2337
2060
1767
1621
1761
2244
2971
3690
4095
4095
3796
3164
2362
1486
606
39
37
35
32
310
1057
1832
2385
2562
2330
1774
1086
536
366
685
1471
2531
3567
4095
4095
4095
4095
4095
4095
4086
4079
4063
3898
3445
2672
1679
648
39
36
35
34
86
407
837
1271
1623
1832
1892
1850
1754
1664
1658
1774
2048
2472
2975
3437
3686
3652
3409
3113
2879
2727
2597
2437
2243
2041
1855
1654
1400
1081
730
411
230
291
654
1286
2030
2675
3021
2977
2582
1992
1433
1160
1372
2107
3217
4095
4095
4095
4095
4095
3941
3048
2166
1323
532
38
36
35
32
463
1544
2914
4095
4095
4095
4095
4095
2972
1714
567
38
36
34
34
431
1079
1736
2337
2882
3389
3783
3910
3685
3152
2480
1923
1689
1815
2185
2594
2853
2911
2789
2544
2239
1919
1664
1496
1388
1292
1118
854
556
304
189
221
388
657
989
1378
1805
2228
2601
2872
3018
3068
3036
2919
2722
2483
2316
2292
2423
2672
2935
3087
3059
2839
2434
1932
1444
1043
807
773
874
1007
1133
1297
1551
1952
2513
3207
3959
4095
4095
4095
4095
4095
3860
3143
2592
2158
1738
1253
709
186
37
35
34
78
484
1021
1441
1597
1471
1155
858
833
1210
1949
2906
3876
4095
4095
4095
4095
4095
4095
3925
3714
3591
3510
3422
3295
3108
2840
2474
1973
1311
483
40
39
40
37
36
34
33
156
530
832
966
951
906
982
1263
1790
2532
3374
4095
4095
4095
4095
4095
4095
4095
4095
4095
4095
4095
4095
3799
3478
3181
2934
2716
2439
2070
1676
1379
1244
1253
1364
1521
1621
1538
1206
659
49
36
35
33
179
822
1653
2454
3069
3464
3628
3539
3218
2747
2282
1977
1901
2055
2356
2704
2983
3053
2878
2579
2301
2137
2106
2142
2148
2087
1961
1809
1739
1846
2109
2363
2406
2147
1650
1071
615
472
688
1152
1664
2064
2321
2493
2656
2873
3172
3556
3941
4095
4095
3685
2957
2192
1673
1572
1890
2440
2946
3200
3120
2715
2045
1239
451
37
36
34
35
34
36
160
589
1259
2015
2645
3029
3204
3330
3567
3953
4095
4095
4095
3899
3211
2506
1921
1519
1323
1336
1565
1982
2467
2869
3039
2887
2452
1890
1419
1159
1077
1069
1030
901
690
495
479
747
1251
1866
2436
2823
2973
2935
2825
2759
2792
2883
2925
2813
2517
2132
1810
1654
1721
2041
2603
3325
4009
4095
4095
3612
2698
1907
1573
1833
2586
3526
4095
4095
3869
2864
1712
751
200
75
160
244
136
36
36
35
33
221
887
1824
2801
3533
3813
3614
3117
2581
2164
1898
1799
1914
2256
2729
3197
3570
3782
3774
3495
2955
2261
1545
912
442
221
334
815
1535
2218
2605
2557
2099
1400
699
269
327
943
1945
2966
3626
3714
3291
2611
1952
1566
1558
1828
2172
2442
2647
2886
3209
3529
3714
3673
3383
2934
2485
2160
2035
2107
2283
2428
2400
2164
1824
1505
1248
1014
744
466
264
183
227
409
749
1247
1862
2519
3168
3728
4071
4095
3849
3336
2692
2068
1591
1325
1293
1472
1771
2049
2199
2234
2262
2376
2594
2851
3071
3244
3391
3537
3644
3600
3321
2789
2102
1452
1032
970
1289
1888
2567
3058
3153
2828
2229
1600
1152
929
802
588
146
39
39
39
37
35
32
501
1671
2898
3794
4095
3988
3580
3220
3121
3358
3831
4095
4095
4095
4095
3963
3317
2713
2268
2008
1895
1844
1763
1561
1211
798
461
290
334
573
892
1168
1307
1349
1484
1909
2691
3689
4095
4095
4095
4095
4095
3617
2838
2074
1359
722
192
36
35
35
35
47
350
928
1651
2410
3107
3688
4095
4095
4095
4095
4095
4095
4095
4095
3982
3643
3276
2954
2728
2573
2371
2011
1455
791
252
66
258
737
1211
1405
1198
657
64
35
49
622
1566
2516
3159
3376
3201
2734
2156
1641
1273
1117
1208
1484
1814
2073
2162
2037
1748
1431
1240
1290
1611
2131
2715
3231
3577
3704
3625
3397
3104
2784
2490
2292
2218
2236
2272
2221
1990
1562
1050
659
559
779
1245
1854
2518
3178
3781
4095
4095
4095
4095
4031
3513
2782
1905
957
76
38
36
35
33
128
524
958
1350
1733
2163
2649
3132
3547
3860
4035
3996
3678
3084
2365
1797
1578
1758
2217
2696
2988
3042
2895
2656
2464
2362
2302
2258
2236
2229
2221
2176
2055
1865
1608
1261
801
258
35
33
126
668
1342
1935
2383
2685
2853
2919
2927
2945
3015
3076
3032
2873
2672
2542
2600
2889
3334
3728
3834
3555
2991
2345
1798
1433
1259
1247
1316
1418
1566
1799
2122
2417
2529
2386
2098
1873
1900
2235
2731
3109
3105
2578
1592
403
38
35
32
373
1518
2879
3986
4095
4095
3988
3259
2468
1700
1029
575
431
565
888
1345
1920
2578
3212
3673
3866
3839
3734
3671
3645
3530
3181
2532
1631
637
38
35
35
625
1595
2498
2969
2832
2148
1181
266
36
33
289
962
1817
2738
3639
4095
4095
4095
4095
4095
3801
3039
2197
1419
858
613
738
1169
1764
2383
2891
3198
3248
2980
2425
1727
1105
776
793
1008
1231
1320
1207
905
518
195
95
284
705
1215
1671
1961
2070
2097
2173
2419
2917
3640
4095
4095
4095
4095
4095
4095
3939
3597
3143
2572
1983
1476
1075
763
520
347
271
293
375
424
369
243
190
343
716
1247
1859
2448
2911
3195
3328
3375
3418
3493
3565
3618
3678
3788
3965
4095
4095
4095
3798
3084
2159
1257
626
399
538
856
1100
1085
745
198
36
35
33
178
680
1369
2165
2931
3498
3768
3702
3313
2653
1822
967
333
116
381
1062
1952
2853
3608
4075
4095
3893
3424
2937
2585
2410
2409
2527
2630
2586
2387
2172
2080
2122
2184
2113
1890
1625
1476
1578
1924
2367
2697
2731
2396
1825
1274
997
1165
1785
2720
3736
4095
4095
4095
3951
3102
2305
1685
1284
1153
1311
1671
2075
2398
2546
2462
2191
1855
1611
1563
1707
1921
2064
2086
1992
1823
1597
1325
1029
698
300
37
37
36
35
32
505
1480
2610
3622
4095
4095
4095
3940
3514
3225
3074
2964
2754
2381
1926
1559
1452
1696
2190
2659
2828
2601
2136
1726
1618
1854
2308
2812
3229
3466
3456
3148
2564
1806
1028
338
37
36
34
35
40
377
1033
1827
2601
3230
3612
3701
3499
3083
2646
2461
2721
3436
4095
4095
4095
4095
4095
3358
2792
2563
2588
2714
2733
2448
1832
1052
386
98
247
694
1122
1244
966
468
82
61
392
1013
1681
2182
2358
2146
1604
959
532
544
987
1650
2236
2600
2791
2930
3058
3151
3135
2961
2662
2359
2212
2328
2705
3258
3817
4095
4095
4095
4040
3426
2604
1684
845
261
68
274
864
1628
2260
2533
2425
2129
1869
1784
1883
2077
2249
2264
2029
1550
993
642
734
1286
2091
2868
3371
3457
3182
2768
2494
2513
2789
3128
3330
3345
3244
3126
3003
2783
2405
1881
1280
689
143
36
36
34
33
101
438
812
1124
1384
1704
2144
2708
3354
3988
4095
4095
4095
3804
2817
1683
709
170
146
493
961
1384
1763
2147
2535
2865
3070
3129
3022
2784
2474
2148
1928
1960
2322
2969
3743
4095
4095
4095
3977
3225
2508
1963
1608
1376
1171
926
632
321
51
36
35
34
33
244
902
1858
2954
3958
4095
4095
4095
3497
2443
1512
1010
1106
1719
2538
3153
3278
2905
2308
1853
1801
2180
2820
3487
3977
4095
3992
3479
2769
2012
1334
808
387
64
35
34
35
35
35
36
36
36
35
33
203
903
1864
2879
3742
4095
4095
4095
4085
3916
3961
4095
4095
4095
4095
4095
4095
4095
4095
4095
4095
4095
3957
3337
2345
1010
43
41
43
40
35
33
32
586
1340
1977
2473
2870
3193
3407
3509
3558
3599
3663
3776
3931
4087
4095
4095
4090
3881
3614
3350
3128
2979
2827
2568
2114
1454
673
40
38
37
36
35
34
33
366
1106
2039
2966
3622
3832
3615
3124
2538
1978
1503
1172
1045
1104
1272
1516
1865
2338
2864
3331
3624
3664
3445
3060
2702
2574
2792
3311
3905
4095
4095
4095
3710
3017
2185
1318
556
57
34
105
428
807
1084
1141
967
677
447
412
676
1242
2030
2931
3761
4095
4095
4095
3743
3080
2424
1934
1683
1646
1719
1793
1854
1970
2161
2363
2476
2482
2491
2602
2855
3236
3646
3985
4095
4095
4048
3627
2988
2206
1442
876
616
600
672
711
670
555
446
485
779
1333
2019
2629
2943
2912
2635
2305
2088
2068
2244
2516
2777
2985
3146
3272
3300
3106
2630
1937
1212
679
466
581
949
1412
1754
1858
1720
1413
1085
860
767
816
1052
1515
2184
2957
3642
4047
4072
3726
3121
2383
1626
938
417
200
400
986
1740
2375
2694
2723
2645
2617
2654
2667
2615
2568
2653
2914
3255
3503
3494
3205
2780
2383
2141
2128
2355
2761
3200
3477
3434
3033
2416
1770
1204
736
373
195
310
795
1585
2497
3312
3869
4091
3955
3500
2863
2197
1582
1008
418
37
36
35
33
190
634
1160
1600
1804
1711
1436
1237
1350
1882
2728
3633
4095
4095
4095
4095
3614
3038
2635
2425
2378
2436
2497
2440
2216
1866
1472
1152
980
993
1229
1662
2186
2710
3171
3553
3830
3951
3884
3592
3048
2326
1552
870
394
148
134
358
758
1178
1435
1466
1399
1460
1814
2416
3006
3302
3209
2864
2528
2366
2381
2489
2620
2718
2764
2759
2684
2512
2195
1710
1089
428
37
34
244
1061
2134
3122
3775
4017
3920
3672
3394
3104
2766
2381
2032
1793
1647
1568
1583
1757
2123
2586
2925
2970
2694
2207
1739
1506
1616
1991
2378
2494
2219
1642
1008
569
390
473
806
1307
1823
2233
2513
2730
2922
3012
2901
2604
2269
2033
1911
1851
1845
1939
2144
2404
2606
2604
2316
1747
1050
477
288
631
1400
2263
2864
2998
2712
2216
1752
1496
1548
1950
2652
3522
4095
4095
4095
3999
3037
2082
1345
877
653
614
690
861
1148
1538
1993
2449
2820
3029
2993
2679
2180
1675
1307
1142
1204
1525
2113
2903
3681
4095
4095
3526
2496
1376
557
278
569
1259
2081
2826
3401
3793
3993
3978
3743
3278
2570
1638
601
39
37
36
35
34
39
375
930
1527
2033
2424
2714
2893
2986
3036
3106
3239
3398
3548
3718
3932
4095
4095
4095
4095
3893
3261
2550
1908
1403
1002
648
341
141
129
338
744
1309
1974
2632
3159
3465
3489
3182
2568
1722
834
136
35
34
51
244
570
1012
1629
2455
3460
4095
4095
4095
4095
3664
2630
1942
1830
2299
3090
3786
3989
3483
2339
922
40
36
34
52
568
1199
1736
2106
2292
2318
2218
2072
2017
2120
2315
2516
2694
2867
3084
3380
3677
3857
3809
3431
2707
1770
909
431
512
1072
1812
2405
2667
2621
2449
2352
2434
2618
2693
2483
1946
1156
312
37
35
34
113
464
921
1458
2035
2533
2847
2972
2995
3031
3149
3358
3580
3702
3670
3473
3161
2851
2592
2339
2029
1676
1343
1093
949
857
761
632
527
566
820
1247
1764
2277
2735
3121
3376
3401
3136
2659
2199
2020
2242
2787
3441
3941
4072
3727
2935
1907
942
342
256
651
1336
2025
2518
2787
2955
3179
3487
3733
3759
3529
3085
2498
1889
1429
1247
1397
1772
2125
2262
2125
1737
1180
559
54
36
34
164
650
1333
2039
2622
2968
3034
2911
2752
2651
2640
2692
2774
2860
2885
2794
2619
2437
2310
2241
2148
1958
1717
1534
1488
1586
1751
1924
2071
2162
2228
2368
2673
3144
3661
4033
4095
3921
3504
2905
2162
1382
714
248
47
53
220
588
1082
1547
1847
1967
2030
2155
2390
2700
2977
3144
3161
3027
2797
2574
2490
2618
2920
3253
3417
3258
2772
2061
1271
600
248
328
841
1654
2508
3088
3189
2778
1959
996
172
36
34
95
659
1510
2378
2964
3119
2924
2576
2289
2224
2435
2890
3477
3983
4095
4002
3483
2769
2020
1318
731
322
106
90
285
680
1145
1507
1657
1635
1613
1782
2234
2922
3699
4095
4095
4095
3970
3211
2523
2058
1776
1571
1346
1082
852
702
630
653
753
850
859
746
550
361
325
613
1332
2423
3675
4095
4095
4095
4095
4095
4095
3485
2715
2272
2247
2549
2924
3101
2917
2392
1714
1097
688
538
647
959
1364
1699
1812
1630
1250
909
793
927
1196
1468
1711
1934
2120
2252
2321
2327
2285
2244
2248
2307
2403
2471
2500
2577
2763
3025
3253
3345
3294
3150
2977
2790
2529
2138
1607
983
384
43
51
384
973
1545
1878
1887
1630
1241
884
718
896
1513
2534
3788
4095
4095
4095
4095
4095
4095
4070
3391
2952
2734
2573
2322
1948
1505
1095
829
708
620
450
160
36
35
34
48
338
764
1167
1460
1624
1657
1593
1538
1637
1940
2334
2622
2631
2307
1751
1208
994
1329
2239
3526
4095
4095
4095
4095
4095
4095
3335
2188
1070
123
36
34
33
302
808
1231
1436
1420
1279
1153
1114
1148
1199
1260
1422
1793
2375
3017
3509
3689
3494
3025
2483
2082
1967
2155
2585
3151
3748
4095
4095
4095
3834
2963
1928
939
169
35
33
239
775
1333
1741
1948
2008
2060
2173
2301
2333
2156
1746
1191
646
263
152
408
1100
2191
3478
4095
4095
4095
4095
4095
4095
4095
3985
3390
2791
2267
1810
1409
1073
824
715
772
933
1116
1254
1270
1110
753
248
37
36
35
33
106
763
1770
2865
3766
4095
4095
4062
3744
3574
3585
3669
3700
3601
3334
2913
2377
1853
1565
1700
2311
3260
4095
4095
4095
4095
3958
2739
1459
321
38
37
37
37
36
35
34
34
185
632
1323
2187
3037
3657
3928
3863
3633
3445
3463
3751
4095
4095
4095
4095
3559
2296
922
41
37
36
34
33
452
1032
1444
1631
1719
1850
2075
2348
2600
2782
2876
2941
3093
3381
3787
4095
4095
4095
4095
4095
3974
2992
1897
912
187
36
34
81
512
1201
2014
2764
3305
3605
3700
3680
3647
3661
3711
3689
3460
2931
2075
964
41
38
36
33
141
917
1730
2247
2358
2126
1736
1445
1457
1869
2616
3445
4065
4095
4095
3829
3333
2842
2468
2271
2190
2085
1829
1393
903
506
303
284
319
247
40
37
37
35
33
329
1010
1762
2425
2912
3185
3309
3390
3533
3839
4095
4095
4095
4095
4095
4095
3573
2896
2322
1931
1753
1733
1778
1836
1896
1938
1941
1927
1996
2253
2749
3426
4095
4095
4095
4095
4095
3390
2440
1654
1135
887
802
709
494
169
36
35
35
153
416
666
849
974
1084
1248
1516
1879
2253
2570
2811
2963
2973
2760
2285
1670
1196
1130
1577
2394
3249
3788
3772
3174
2236
1365
890
914
1329
1878
2290
2395
2201
1895
1705
1737
1944
2145
2174
2012
1768
1602
1628
1873
2320
2870
3351
3638
3730
3730
3736
3771
3765
3589
3214
2727
2245
1829
1478
1131
729
267
36
36
35
33
77
606
1441
2458
3528
4095
4095
4095
4095
4095
3853
3295
2856
2630
2671
2966
3360
3630
3577
3076
2141
921
41
37
35
33
217
874
1562
2161
2658
3036
3235
3177
2861
2364
1788
1228
763
477
483
853
1525
2308
2986
3448
3695
3814
3904
3995
4016
3878
3575
3182
2830
2603
2464
2306
2021
1531
877
177
37
36
36
35
34
55
366
848
1414
1978
2461
2847
3108
3186
3037
2699
2342
2162
2228
2447
2674
2801
2806
2725
2581
2426
2302
2208
2157
2193
2319
2520
2803
3167
3598
4047
4095
4095
4095
3610
2848
2002
1143
372
37
34
80
643
1527
2508
3370
3946
4095
4029
3569
2802
1850
946
354
213
464
889
1207
1231
980
654
475
593
1005
1526
1907
1978
1773
1531
1506
1831
2446
3114
3564
3602
3197
2525
1862
1435
1362
1671
2327
3230
4095
4095
4095
4095
4095
3970
3034
2236
1691
1362
1175
1054
913
707
486
345
348
507
757
1018
1297
1658
2118
2596
3006
3318
3526
3620
3574
3401
3200
3059
3022
3103
3273
3443
3498
3306
2769
1916
948
176
34
125
669
1423
2175
2765
3107
3204
3070
2747
2319
1846
1386
975
578
197
36
34
38
229
616
994
1211
1241
1166
1122
1278
1688
2312
3057
3737
4095
4082
3637
2999
2390
1947
1745
1832
2204
2761
3332
3744
3854
3608
3080
2450
1922
1676
1786
2126
2437
2532
2383
2059
1628
1151
684
347
283
520
982
1541
2033
2366
2524
2539
2467
2364
2268
2234
2301
2498
2845
3309
3753
3970
3790
3178
2301
1436
786
435
346
424
606
868
1165
1455
1747
2076
2477
2971
3489
3946
4095
4095
4095
4095
3507
2723
1983
1443
1170
1156
1350
1727
2210
2643
2840
2667
2107
1297
528
116
213
755
1553
2362
3022
3446
3598
3523
3313
3046
2759
2428
2073
1812
1782
2015
2425
2887
3300
3603
3713
3484
2809
1722
462
38
35
32
438
1407
2377
3002
3072
2550
1559
388
38
35
32
623
1748
2824
3455
3468
2961
2207
1548
1279
1513
2132
2832
3270
3291
2996
2647
2449
2421
2473
2539
2617
2738
2895
2999
2917
2569
2010
1429
1027
901
1015
1226
1435
1631
1814
1976
2118
2253
2408
2564
2649
2574
2259
1708
1056
466
83
46
297
868
1589
2305
2898
3323
3641
3922
4095
4095
4095
3654
2896
2016
1264
899
1031
1590
2403
3205
3716
3748
3297
2517
1643
941
632
816
1417
2222
2990
3503
3602
3224
2441
1436
441
38
35
33
212
954
1898
2783
3406
3699
3717
3607
3475
3313
3054
2632
2092
1629
1470
1710
2269
2928
3433
3605
3359
2773
2021
1321
849
637
615
706
878
1136
1506
1979
2502
2971
3255
3249
2895
2233
1440
761
400
485
984
1725
2439
2853
2824
2390
1720
1082
711
739
1199
1945
2697
3175
3249
3012
2725
2623
2762
3007
3149
3024
2614
2075
1664
1558
1752
2106
2427
2584
2553
2374
2098
1756
1428
1246
1274
1500
1827
2126
2314
2382
2411
2500
2665
2852
2959
2914
2760
2622
2607
2755
2999
3158
3018
2493
1700
906
414
380
716
1145
1398
1319
875
185
37
36
34
77
760
1725
2664
3369
3709
3690
3434
3109
2848
2706
2668
2697
2799
2987
3213
3349
3313
3153
2983
2868
2730
2423
1844
1027
183
37
35
33
446
1274
2223
3078
3682
3975
3973
3761
3469
3270
3290
3546
3943
4095
4095
4095
4031
3494
2970
2599
2420
2361
2272
2015
1544
886
100
38
38
36
35
33
49
373
776
1106
1265
1206
964
657
450
514
984
1836
2878
3870
4095
4095
4095
4095
3770
3217
2793
2568
2570
2751
3023
3324
3598
3830
4052
4095
4095
4095
3857
3131
2213
1319
697
512
756
1273
1783
2002
1779
1146
333
37
34
53
578
1300
1950
2430
2732
2902
2976
2920
2698
2302
1787
1306
1037
1098
1525
2247
3139
4020
4095
4095
4095
4095
3342
2530
1915
1606
1582
1675
1711
1588
1319
1011
790
782
1054
1584
2241
2793
2980
2695
2011
1092
144
38
36
35
33
324
1340
2633
3857
4095
4095
4095
3652
2677
1998
1817
2110
2677
3252
3610
3587
3140
2359
1486
791
427
445
797
1329
1901
2434
2910
3310
3601
3727
3640
3345
2903
2409
1951
1627
1495
1575
1859
2243
2525
2499
2060
1238
219
38
36
34
67
926
2100
3217
4043
4095
4095
4095
4095
3892
3698
3483
3174
2767
2371
2142
2202
2561
3114
3662
3946
3707
2842
1446
46
41
39
37
34
32
269
994
1680
2141
2365
2455
2560
2821
3283
3872
4095
4095
4095
4095
4095
3687
2999
2416
2019
1767
1584
1452
1447
1680
2188
2842
3425
3753
3717
3267
2454
1467
608
130
109
455
1035
1650
2103
2253
2089
1754
1419
1176
1043
999
995
1007
1065
1240
1636
2317
3239
4095
4095
4095
4095
3557
2355
1405
1024
1259
1889
2585
3095
3318
3243
2871
2273
1611
1045
682
587
760
1163
1651
1998
2036
1788
1434
1167
1079
1147
1285
1404
1411
1284
1086
940
976
1221
1573
1894
2089
2115
2018
1893
1803
1776
1807
1903
2089
2348
2636
2923
3250
3683
4095
4095
4095
4095
4095
4095
4083
3577
3007
2338
1626
1047
781
933
1476
2254
3036
3574
3664
3254
2422
1332
191
39
36
34
34
78
414
830
1276
1748
2201
2522
2611
2426
2018
1519
1156
1183
1739
2740
3906
4095
4095
4095
4095
4036
3019
2020
1240
842
854
1156
1559
1864
1925
1775
1544
1336
1192
1099
1067
1191
1577
2217
2972
3661
4095
4095
4095
4095
4095
4095
3955
3597
3171
2760
2434
2151
1773
1166
275
40
40
38
37
35
32
410
1544
2869
4012
4095
4095
4095
4095
3918
3394
2792
2152
1575
1225
1222
1584
2156
2626
2683
2177
1247
290
36
33
377
1047
1666
1983
1905
1493
935
512
471
917
1828
3050
4095
4095
4095
4095
4095
4095
4095
3932
3145
2248
1340
553
41
35
34
156
659
1356
2074
2629
2871
2780
2498
2237
2132
2158
2164
1998
1622
1114
625
349
426
847
1492
2198
2838
3359
3817
4095
4095
4095
4095
4095
4095
4095
4095
3560
2492
1457
497
39
37
37
36
35
35
35
242
663
1213
1821
2342
2609
2597
2465
2452
2725
3291
4030
4095
4095
4095
4095
3572
2495
1656
1230
1187
1400
1715
1998
2124
2015
1732
1408
1140
946
770
521
201
36
35
36
36
35
34
33
430
1308
2394
3418
4095
4095
4095
4095
4095
4049
3625
3178
2792
2547
2505
2694
3097
3609
4045
4095
3899
3263
2399
1483
735
378
542
1150
1917
2543
2899
3042
3123
3243
3369
3352
3080
2527
1783
1022
380
37
35
45
431
1131
1871
2416
2696
2800
2845
2838
2741
2566
2384
2287
2320
2453
2609
2677
2606
2412
2161
1944
1820
1791
1823
1884
1934
1914
1759
1481
1220
1159
1393
1891
2484
2926
3051
2833
2351
1823
1516
1592
2004
2538
2969
3190
3177
2932
2508
2044
1713
1643
1829
2149
2490
2740
2842
2803
2635
2340
1905
1315
607
39
35
34
504
1348
2198
2841
3232
3443
3540
3542
3452
3231
2883
2474
2128
2004
2153
2459
2748
2871
2775
2543
2298
2099
1968
1945
2047
2206
2258
2083
1712
1273
932
776
748
737
651
527
520
800
1431
2342
3355
4095
4095
4095
4095
4095
3443
2264
1153
260
37
36
34
45
418
1045
1751
2377
2789
2932
2889
2798
2753
2809
2984
3222
3398
3404
3185
2797
2365
1979
1710
1648
1857
2348
3020
3646
3970
3834
3192
2151
952
41
37
35
34
120
850
1953
3213
4095
4095
4095
4095
4095
3132
2041
1119
493
256
408
866
1506
2147
2588
2732
2573
2203
1777
1379
1025
696
380
116
50
261
926
1938
3026
3908
4095
4095
4095
4094
3795
3499
3198
2873
2554
2348
2351
2588
2995
3448
3789
3844
3449
2591
1417
187
38
36
34
34
306
669
870
850
702
568
548
710
1092
1703
2496
3348
4057
4095
4095
4095
3462
2641
1866
1348
1215
1448
1917
2467
2932
3166
3096
2752
2235
1735
1435
1446
1801
2396
3025
3523
3810
3866
3721
3416
3004
2599
2328
2223
2210
2158
1965
1684
1444
1326
1338
1455
1590
1651
1577
1305
823
198
38
36
36
34
36
528
1342
2191
2926
3538
4079
4095
4095
4095
4095
3695
2965
2531
2583
3067
3735
4095
4095
4095
3550
2798
2119
1674
1484
1404
1209
727
54
36
34
32
439
1160
1756
2022
1940
1647
1399
1385
1681
2273
3047
3851
4095
4095
4095
4095
3315
2532
2066
2025
2340
2809
3143
3053
2397
1296
141
37
34
56
537
994
1102
823
349
39
67
589
1507
2478
3194
3534
3545
3380
3194
3046
2948
2860
2675
2330
1858
1366
989
873
1078
1562
2201
2819
3262
3467
3511
3492
3478
3513
3583
3660
3694
3627
3388
2965
2472
2070
1853
1771
1706
1535
1160
566
40
38
37
36
33
236
1287
2594
3741
4095
4095
4095
4095
4095
4095
3488
2837
2328
2024
1887
1779
1580
1292
1016
899
1001
1285
1680
2067
2318
2346
2143
1818
1565
1552
1781
2083
2255
2172
1819
1339
918
702
759
1009
1288
1445
1423
1305
1233
1284
1458
1746
2137
2615
3142
3602
3932
4095
4095
4095
4095
3942
3665
3433
3327
3318
3315
3205
2870
2314
1697
1256
1110
1212
1431
1657
1821
1854
1668
1218
628
174
91
404
1020
1744
2438
2971
3246
3241
3006
2663
2372
2208
2123
2070
2047
2031
1970
1864
1796
1869
2111
2422
2655
2711
2616
2433
2223
2041
1888
1764
1684
1627
1590
1632
1789
1999
2103
1965
1594
1114
639
239
44
72
452
1218
2220
3211
3963
4095
4095
4095
4019
3679
3351
3037
2731
2465
2264
2125
2042
2001
1934
1743
1329
681
40
37
35
33
217
947
1830
2636
3246
3607
3730
3718
3689
3730
3825
3871
3742
3325
2597
1717
969
636
816
1339
1890
2206
2220
2023
1791
1729
1955
2418
2911
3229
3290
3167
3031
3027
3182
3396
3517
3391
2897
2081
1150
327
37
35
34
60
484
1208
2074
2882
3448
3668
3524
3093
2472
1838
1423
1398
1801
2514
3269
3743
3751
3328
2638
1865
1184
697
466
549
907
1415
1960
2443
2821
3106
3263
3237
2980
2519
1952
1425
1060
912
1014
1330
1743
2118
2335
2338
2189
1962
1695
1445
1314
1351
1519
1773
2088
2403
2622
2632
2404
2026
1681
1533
1644
1982
2461
3003
3487
3781
3812
3589
3195
2743
2364
2125
2049
2136
2280
2321
2178
1901
1603
1344
1134
949
756
596
569
770
1217
1789
2328
2684
2757
2556
2173
1721
1376
1297
1576
2213
3063
3850
4095
4095
3761
3082
2479
2184
2242
2514
2767
2787
2480
1900
1245
750
525
545
698
867
984
1045
1136
1417
2025
2977
4070
4095
4095
4095
4095
3746
3080
2553
2209
2064
2073
2144
2163
2065
1904
1794
1814
1927
1967
1754
1223
514
38
36
35
34
34
314
906
1592
2226
2749
3118
3269
3199
3003
2836
2841
3002
3134
3032
2629
2054
1502
1133
1002
1027
1064
993
790
580
594
999
1758
2675
3527
4095
4095
4095
3767
2945
2168
1727
1756
2217
2913
3602
4074
4095
3723
2854
1771
808
262
266
715
1307
1739
1844
1648
1371
1199
1179
1296
1535
1877
2262
2580
2712
2564
2148
1614
1191
1072
1310
1772
2268
2624
2713
2560
2317
2176
2243
2482
2774
3027
3228
3412
3560
3617
3560
3370
3072
2718
2354
2003
1639
1274
983
874
1048
1511
2119
2624
2797
2535
1942
1262
769
608
772
1189
1742
2283
2649
2734
2564
2231
1831
1418
1011
659
471
572
987
1622
2283
2728
2823
2625
2334
2126
2043
2013
1975
1991
2182
2576
3034
3348
3402
3213
2906
2636
2458
2330
2210
2068
1912
1836
1870
1941
1926
1716
1301
781
289
36
34
113
685
1689
2926
4095
4095
4095
4095
4095
4095
4095
4084
3666
3265
2873
2441
1930
1330
724
226
36
36
34
170
632
1294
2007
2602
2947
2946
2595
1994
1331
832
645
756
1049
1370
1653
1898
2116
2343
2615
2941
3337
3762
4095
4095
4095
4095
4095
3935
3523
3135
2859
2730
2684
2561
2234
1656
840
42
40
39
38
35
32
97
814
1719
2540
3102
3290
3100
2621
2047
1601
1460
1678
2135
2660
3108
3396
3517
3456
3184
2710
2117
1603
1395
1581
2077
2743
3451
4095
4095
4095
4095
4095
4095
4077
3546
2946
2222
1344
347
39
38
36
35
33
112
407
685
901
1061
1153
1190
1230
1399
1821
2540
3449
4095
4095
4095
4095
4095
4095
4052
3676
3278
2878
2476
2019
1493
925
409
101
75
268
651
1083
1406
1549
1559
1503
1410
1329
1337
1518
1863
2226
2448
2439
2241
1973
1720
1569
1628
1983
2631
3387
3945
4054
3652
2911
2148
1619
1465
1703
2200
2719
3048
3125
3012
2799
2554
2333
2136
1899
1533
995
350
37
35
33
318
1090
2107
3173
4040
4095
4095
3553
2634
1775
1202
1013
1198
1700
2397
3080
3515
3586
3318
2859
2433
2170
2043
1944
1779
1528
1218
910
699
660
797
1075
1453
1869
2217
2417
2478
2479
2540
2767
3146
3572
3915
4065
3984
3706
3336
2996
2826
2896
3179
3544
3831
3911
3665
3064
2180
1169
229
37
35
34
35
275
675
1041
1297
1479
1666
1941
2313
2716
3048
3198
3089
2701
2047
1263
601
304
498
1121
1928
2618
3010
3076
2853
2388
1734
1013
452
277
607
1388
2429
3467
4095
4095
4095
3810
2829
1715
636
39
36
35
33
248
828
1377
1742
1921
2012
2136
2328
2537
2688
2787
2933
3227
3674
4095
4095
4095
3975
3499
3164
3113
3363
3766
4078
4095
3821
3284
2653
2100
1670
1316
1021
832
769
791
808
737
597
484
464
536
645
748
855
1018
1320
1857
2663
3630
4095
4095
4095
4095
4095
3334
2422
1765
1501
1667
2194
2901
3583
4052
4095
3814
3127
2233
1265
320
39
38
37
36
32
227
1239
2440
3413
3888
3775
3135
2194
1245
556
280
372
656
972
1234
1399
1479
1534
1682
1991
2412
2847
3175
3290
3161
2882
2646
2605
2773
3036
3247
3305
3160
2829
2428
2139
2093
2343
2832
3430
3935
4095
3888
3261
2409
1554
882
503
420
591
971
1509
2137
2712
3050
3060
2799
2420
2049
1709
1362
965
528
184
111
380
916
1553
2096
2385
2407
2279
2110
1953
1823
1745
1750
1822
1917
2016
2124
2285
2567
2988
3478
3904
4095
4095
4095
4095
4095
4095
4095
3886
3363
2606
1728
814
42
38
37
36
35
34
37
492
1286
2204
3048
3657
3899
3686
3033
2120
1272
787
857
1481
2486
3595
4095
4095
4095
3919
2760
1483
356
37
34
64
605
1349
2087
2708
3148
3343
3234
2859
2353
1886
1654
1769
2191
2761
3251
3435
3200
2630
1974
1462
1187
1136
1227
1331
1404
1513
1766
2252
2930
3627
4095
4095
4095
3769
3176
2500
1848
1277
801
442
221
165
287
557
916
1319
1780
2326
2876
3260
3289
2889
2169
1372
717
337
273
538
1142
2011
2938
3667
4040
4095
4030
4037
4095
4095
4095
4095
3896
3331
2679
1996
1356
865
581
473
481
570
694
785
770
638
519
592
958
1579
2280
2858
3226
3382
3338
3090
2672
2201
1803
1525
1374
1322
1348
1490
1786
2212
2653
2957
2983
2641
1975
1197
609
457
798
1451
2154
2663
2809
2544
1956
1289
876
970
1595
2580
3668
4095
4095
4095
4095
4095
4051
2925
1636
473
37
34
37
284
546
586
346
37
36
34
32
510
1560
2874
4095
4095
4095
4095
4095
4095
4095
4095
4095
3912
3219
2220
984
41
38
36
33
41
539
1145
1612
1849
1876
1779
1662
1601
1575
1531
1486
1558
1876
2500
3361
4095
4095
4095
4095
3269
2219
1453
1125
1150
1351
1547
1644
1680
1705
1757
1865
2037
2280
2538
2730
2799
2700
2431
2044
1645
1355
1302
1492
1827
2152
2299
2225
2047
1950
2065
2408
2856
3218
3342
3183
2855
2539
2329
2168
1916
1476
904
408
178
285
703
1357
2153
2989
3732
4095
4095
3683
2850
2013
1493
1463
1865
2432
2873
3026
2851
2379
1716
1005
391
58
59
313
824
1482
2136
2580
2665
2398
1986
1712
1722
1967
2313
2612
2751
2700
2490
2161
1810
1535
1329
1153
972
809
771
953
1380
2029
2829
3611
4095
4095
3839
3040
2076
1263
853
976
1595
2505
3425
4095
4095
4095
3847
3209
2563
2089
1862
1826
1875
1910
1917
1983
2152
2361
2519
2574
2522
2389
2153
1776
1259
669
167
35
64
351
843
1492
2270
3098
3827
4095
4095
3877
3044
2087
1364
1114
1370
1982
2685
3217
3430
3292
2902
2476
2231
2238
2406
2544
2466
2102
1526
878
271
37
36
35
35
35
33
133
710
1498
2311
3045
3650
4095
4095
4095
4095
4095
4095
4095
4045
3503
2763
1917
1169
735
711
1026
1523
1998
2290
2350
2233
2058
1908
1808
1724
1604
1424
1175
876
611
533
749
1222
1753
2078
2013
1548
849
199
34
179
965
2216
3616
4095
4095
4095
4095
4095
3268
2060
1026
400
347
892
1842
2844
3555
3774
3467
2747
1802
859
140
35
83
557
1276
2111
2982
3863
4095
4095
4095
4095
4095
4095
3086
1933
974
318
39
35
35
37
56
135
349
736
1265
1860
2406
2759
2867
2779
2598
2449
2421
2583
2950
3429
3872
4095
4095
4066
3597
2881
2065
1301
665
149
36
34
34
316
926
1572
2005
2141
2057
1871
1667
1535
1561
1756
2085
2498
2913
3253
3501
3655
3677
3485
3002
2253
1457
912
840
1227
1846
2406
2703
2724
2577
2366
2136
1880
1534
1045
413
38
37
35
32
271
1282
2571
3766
4095
4095
4095
4095
3916
3516
3237
2999
2694
2284
1793
1337
1045
967
1099
1374
1660
1883
2028
2084
2109
2217
2506
2966
3439
3700
3628
3274
2827
2537
2568
2895
3303
3495
3251
2578
1742
1061
730
811
1249
1866
2428
2739
2681
2254
1640
1127
965
1246
1880
2611
3159
3377
3239
2846
2389
1993
1653
1340
1046
772
557
440
426
547
794
1082
1356
1623
1891
2178
2513
2837
3047
3086
2937
2596
2102
1533
1043
785
852
1224
1763
2299
2696
2890
2892
2785
2681
2699
2852
3052
3225
3353
3451
3495
3362
2929
2182
1295
561
190
248
700
1417
2184
2720
2809
2390
1650
956
598
670
1110
1744
2385
2926
3335
3647
3879
3945
3786
3385
2772
2035
1319
771
472
478
760
1221
1787
2401
2970
3356
3457
3242
2745
2117
1590
1359
1529
2094
2921
3796
4095
4095
4018
2867
1437
173
37
35
33
204
621
1084
1472
1742
1945
2200
2617
3214
3895
4095
4095
4095
4095
3470
2551
1787
1286
1012
871
771
609
356
110
41
125
500
1032
1495
1743
1764
1617
1423
1285
1226
1226
1237
1233
1294
1585
2220
3120
4022
4095
4095
4095
4095
3721
3293
2988
2786
2622
2445
2259
2098
1992
1948
1941
1883
1690
1360
975
610
326
139
57
57
211
693
1519
2580
3696
4095
4095
4095
4095
4095
4095
4095
3486
2550
1524
488
39
37
36
34
33
149
599
1141
1658
2124
2529
2897
3248
3557
3765
3786
3587
3206
2741
2360
2208
2349
2796
3484
4095
4095
4095
4095
4095
3198
1751
424
38
36
35
34
49
377
839
1320
1735
2012
2109
2053
1931
1885
1983
2172
2353
2465
2496
2482
2480
2543
2742
3098
3533
3914
4095
4056
3612
2783
1718
691
45
34
216
746
1323
1751
1891
1677
1131
378
38
36
34
34
80
556
1164
1711
2125
2497
3010
3785
4095
4095
4095
4095
4095
4095
4095
4095
4095
3414
2782
2323
2106
2109
2165
2078
1727
1102
305
38
37
36
35
33
200
901
1652
2175
2293
2042
1625
1259
1051
1044
1256
1672
2218
2765
3174
3409
3484
3453
3380
3273
3101
2866
2563
2164
1676
1193
896
916
1266
1879
2626
3361
3901
4082
3819
3134
2197
1225
381
37
35
32
171
600
1015
1268
1361
1448
1732
2343
3277
4095
4095
4095
4095
4095
4095
3695
2665
1804
1303
1243
1590
2135
2549
2566
2081
1230
328
37
34
169
822
1607
2246
2547
2495
2217
1921
1841
2104
2677
3366
3863
3892
3348
2361
1286
553
450
968
1805
2551
2914
2823
2454
2039
1770
1746
1911
2157
2370
2471
2422
2206
1893
1622
1493
1550
1781
2113
2449
2681
2700
2454
1988
1427
892
468
207
180
452
981
1610
2156
2471
2466
2142
1606
1067
735
704
914
1207
1451
1586
1615
1584
1561
1623
1872
2354
2993
3662
4095
4095
4095
4095
4095
4095
4095
3755
3250
2720
2285
2048
2076
2304
2547
2608
2382
1930
1454
1137
1076
1240
1461
1569
1504
1329
1193
1270
1616
2172
2837
3461
3849
3836
3358
2479
1416
481
37
35
407
1245
2273
3217
3793
3820
3290
2354
1230
208
36
35
34
97
444
915
1424
1883
2189
2321
2385
2532
2825
3169
3371
3295
2928
2397
1894
1583
1573
1847
2244
2556
2654
2526
2270
2015
1831
1721
1647
1611
1638
1743
1956
2316
2818
3410
3964
4095
4095
4075
3482
2691
1806
991
388
86
74
198
337
370
270
155
217
577
1239
2132
3104
3999
4095
4095
4095
3799
2881
2068
1585
1570
2019
2813
3675
4095
4095
3485
2366
1119
64
37
35
33
158
720
1411
2028
2424
2560
2507
2404
2371
2447
2592
2761
2935
3128
3361
3604
3788
3829
3619
3101
2304
1350
483
37
35
359
1083
1915
2595
2900
2747
2248
1647
1212
1156
1549
2255
3018
3571
3743
3551
3157
2783
2533
2342
2068
1650
1188
815
594
546
692
1003
1394
1779
2102
2349
2545
2735
2917
3030
2992
2781
2450
2073
1716
1405
1109
785
427
113
45
260
834
1550
2198
2684
2983
3117
3121
3036
2960
2994
3154
3366
3501
3463
3278
3043
2818
2609
2388
2144
1927
1816
1862
2046
2276
2424
2390
2131
1626
891
56
38
37
35
33
84
849
1969
3179
4095
4095
4095
4095
4095
4095
4095
3746
3043
2239
1492
985
843
1010
1260
1394
1352
1167
924
708
580
637
935
1396
1811
1963
1785
1399
1028
875
983
1275
1611
1924
2255
2653
3141
3691
4095
4095
4095
4095
4095
4095
4023
3697
3485
3436
3497
3559
3508
3271
2805
2120
1332
588
41
36
36
37
35
35
33
240
874
1715
2542
3113
3311
3194
2959
2820
2897
3172
3480
3582
3320
2664
1700
608
40
37
37
34
32
567
1822
3316
4095
4095
4095
4095
4095
3719
3069
2570
2149
1709
1205
674
274
217
646
1542
2676
3714
4095
4095
4095
3957
3364
2817
2407
2104
1854
1668
1578
1577
1637
1746
1878
2008
2081
1986
1699
1356
1162
1265
1630
2026
2180
1924
1301
576
119
201
868
1909
2890
3444
3439
2976
2316
1737
1389
1292
1390
1582
1752
1855
1936
2082
2390
2855
3341
3675
3683
3267
2467
1528
830
703
1267
2366
3604
4095
4095
4095
3605
2573
1715
1144
829
655
488
300
133
76
211
612
1229
1935
2523
2839
2881
2770
2672
2647
2597
2364
1839
1054
210
37
35
33
234
866
1582
2150
2474
2633
2749
2872
2980
3052
3104
3195
3409
3763
4095
4095
4095
4095
4095
4095
3565
2596
1444
214
39
37
36
33
101
1038
2260
3309
3890
3950
3598
2985
2261
1542
989
729
785
1104
1605
2222
2866
3441
3876
4095
4095
3939
3695
3413
3055
2606
2087
1572
1193
1015
1024
1131
1175
1018
634
148
36
34
192
920
1988
3133
4012
4095
4095
3585
2841
2288
2124
2372
2904
3502
3894
3824
3182
2089
897
48
35
79
635
1393
2029
2315
2207
1852
1493
1338
1416
1620
1820
1878
1730
1391
967
589
317
146
77
109
271
553
870
1186
1579
2138
2872
3695
4095
4095
4095
4095
4095
3698
2886
2184
1693
1450
1467
1762
2310
2968
3540
3902
4016
3873
3457
2806
2022
1266
711
411
320
395
643
1038
1522
2028
2478
2811
2976
2969
2856
2714
2596
2539
2543
2556
2488
2234
1718
978
222
35
34
101
704
1652
2707
3581
4043
4009
3551
2900
2359
2152
2334
2755
3181
3434
3453
3265
2919
2462
1964
1507
1180
1057
1103
1175
1110
799
285
37
36
33
339
1189
2250
3302
4095
4095
4095
4095
3956
3062
2184
1546
1235
1208
1384
1694
2087
2475
2690
2575
2066
1250
389
36
43
617
1593
2535
3149
3373
3316
3148
3034
3044
3166
3351
3519
3616
3625
3565
3431
3146
2640
1938
1135
368
37
36
36
35
33
33
297
910
1626
2280
2790
3108
3234
3208
3082
2951
2867
2803
2714
2554
2270
1856
1374
960
802
1030
1654
2554
3485
4095
4095
4095
3882
3105
2306
1673
1261
1011
868
872
1099
1524
1989
2326
2427
2249
1878
1513
1363
1510
1835
2101
2147
1967
1704
1516
1468
1587
1905
2418
3047
3651
4047
4095
3853
3393
2897
2557
2503
2710
2978
3078
2868
2355
1664
927
265
37
35
35
34
88
401
873
1392
1885
2297
2612
2843
3018
3190
3417
3739
4095
4095
4095
4095
4095
3553
2751
1875
1093
613
573
929
1461
1888
2028
1903
1664
1489
1527
1824
2315
2812
3058
2906
2404
1755
1221
1014
1218
1768
2488
3134
3462
3306
2645
1583
308
40
38
36
32
174
1190
2386
3361
3901
4004
3779
3334
2751
2086
1452
1010
909
1238
1908
2693
3313
3545
3308
2701
1929
1212
717
539
722
1262
2061
2940
3714
4095
4095
4095
3949
3376
2727
2153
1772
1594
1566
1647
1818
2077
2447
2880
3255
3454
3371
2981
2391
1762
1280
1079
1175
1496
1890
2232
2499
2747
3052
3399
3688
3833
3793
3553
3147
2667
2222
1862
1541
1162
691
228
36
34
39
194
473
690
683
376
38
37
35
34
96
649
1488
2501
3517
4095
4095
4095
4095
4095
4095
3984
3661
3185
2610
2118
1867
1916
2172
2403
2394
2069
1499
831
269
44
164
709
1479
2195
2631
2714
2509
2160
1782
1459
1240
1148
1178
1300
1531
1904
2386
2902
3380
3818
4095
4095
4095
4095
4095
4095
4095
4095
4095
4046
3106
2071
1004
50
38
37
36
35
34
102
683
1418
2037
2351
2254
1750
958
142
35
33
549
1645
2950
4095
4095
4095
4095
3759
2602
1625
1118
1190
1752
2520
3089
3116
2470
1312
82
36
33
210
1156
2158
2721
2599
1862
829
40
35
69
886
2084
3191
3836
3921
3656
3400
3450
3851
4095
4095
4095
4095
4085
3447
2677
1809
997
461
368
684
1173
1530
1540
1229
837
608
641
878
1156
1313
1292
1171
1113
1257
1697
2404
3236
4004
4095
4095
4095
4095
4095
3974
3313
2599
1902
1237
608
99
34
137
713
1530
2307
2828
3009
2908
2683
2487
2424
2522
2709
2841
2774
2456
1939
1375
901
549
296
104
37
38
169
554
1022
1358
1378
1033
435
37
36
33
223
1000
2021
3078
4037
4095
4095
4095
4095
4095
4095
4095
4095
3702
2977
2220
1470
789
263
38
40
197
549
952
1269
1466
1629
1894
2363
3031
3764
4095
4095
4095
3310
2228
1175
476
347
772
1498
2197
2656
2829
2757
2477
2066
1656
1368
1274
1340
1435
1489
1542
1647
1855
2213
2725
3346
3977
4095
4095
4095
3580
2548
1409
470
45
160
765
1549
2171
2430
2256
1709
974
334
41
50
287
744
1341
2035
2716
3185
3312
3142
2845
2607
2483
2388
2237
1988
1623
1204
837
586
506
640
992
1504
2091
2657
3079
3248
3145
2868
2566
2384
2417
2682
3141
3682
4095
4095
4095
3628
2830
2004
1365
992
832
784
750
676
616
674
932
1394
1991
2650
3308
3880
4095
4095
4074
3643
3093
2532
2086
1861
1851
1907
1826
1475
925
425
205
344
792
1435
2090
2546
2637
2307
1672
974
423
160
280
803
1633
2621
3608
4095
4095
4095
4095
4095
3225
2283
1594
1354
1585
2141
2746
3100
2970
2322
1372
470
36
42
470
1229
2037
2711
3192
3508
3670
3640
3377
2869
2219
1613
1187
1008
1080
1323
1631
1927
2104
2021
1592
833
41
38
36
35
33
146
586
1025
1415
1859
2497
3354
4095
4095
4095
4095
4095
4095
4095
4095
3729
2889
2123
1580
1336
1396
1645
1919
2071
2009
1753
1410
1122
989
1002
1073
1147
1233
1357
1534
1774
2080
2434
2739
2820
2595
2158
1727
1458
1334
1218
983
594
162
35
34
186
709
1430
2199
2887
3463
3930
4095
4095
4095
3770
3394
3007
2565
2027
1494
1183
1269
1803
2673
3603
4095
4095
3986
2973
1647
384
37
33
290
1195
2245
3076
3477
3422
2988
2348
1690
1123
699
419
312
410
697
1137
1673
2237
2761
3173
3409
3433
3278
2993
2612
2160
1699
1349
1223
1336
1670
2216
2945
3802
4095
4095
4095
4095
4095
4095
3486
2689
2149
1900
1863
1880
1751
1292
423
41
41
40
38
35
34
32
303
964
1619
2155
2561
2882
3157
3427
3740
4095
4095
4095
4095
4095
4095
4095
3686
2268
849
40
36
34
32
406
1185
2101
2911
3360
3292
2716
1841
1030
587
620
1071
1806
2686
3583
4095
4095
4095
4095
4031
3342
2818
2568
2504
2427
2193
1746
1112
414
38
35
34
35
208
516
814
1075
1315
1523
1714
1965
2348
2906
3592
4095
4095
4095
4095
3381
2338
1505
1186
1488
2301
3334
4095
4095
4095
3197
1917
793
189
246
854
1688
2332
2517
2224
1601
873
238
36
34
145
646
1220
1646
1835
1860
1907
2122
2488
2834
2938
2648
1994
1189
550
373
750
1544
2464
3248
3769
4005
4013
3917
3793
3666
3535
3342
3044
2641
2122
1520
909
373
73
132
621
1483
2477
3262
3607
3505
3089
2566
2155
1985
2043
2185
2232
2092
1789
1399
1048
853
886
1147
1495
1742
1799
1741
1737
1954
2389
2862
3156
3150
2853
2396
1964
1738
1850
2270
2835
3326
3558
3466
3109
2662
2287
2075
2018
2019
1957
1733
1356
911
474
118
35
37
164
474
812
1099
1340
1612
1981
2467
3064
3706
4095
4095
4095
4095
4095
4095
3464
2627
1833
1206
812
642
669
850
1129
1469
1800
2020
2075
1971
1732
1467
1326
1393
1665
2050
2371
2527
2493
2280
1946
1617
1413
1437
1764
2383
3177
3923
4095
4095
3692
2868
2011
1361
1068
1175
1606
2178
2696
2997
3008
2745
2279
1712
1108
550
134
35
47
189
403
613
825
1078
1381
1667
1839
1838
1696
1552
1564
1779
2148
2564
2960
3331
3686
4062
4095
4095
4095
4095
4095
3483
2325
1192
312
36
67
566
1363
2183
2794
3105
3174
3092
2907
2630
2302
1998
1767
1670
1773
2068
2458
2838
3150
3384
3525
3538
3420
3161
2751
2220
1613
999
471
104
36
136
602
1382
2356
3315
3988
4095
3663
2756
1687
733
93
35
85
527
1137
1701
2112
2327
2361
2243
2034
1858
1847
2037
2314
2446
2259
1772
1217
881
964
1481
2237
2885
3150
2931
2320
1591
1035
827
1016
1488
2061
2593
3021
3340
3528
3499
3207
2676
1983
1303
853
761
1033
1582
2240
2784
3073
3089
2873
2466
1902
1218
503
38
34
226
877
1704
2469
3050
3463
3743
3862
3790
3503
3020
2478
2104
2058
2387
3030
3824
4095
4095
4095
4095
3867
2799
1779
1009
611
561
730
960
1077
946
568
71
37
35
34
174
938
1960
2917
3601
3945
4003
3844
3510
3091
2722
2510
2422
2310
2058
1707
1431
1393
1604
1931
2236
2423
2414
2136
1581
882
304
86
244
654
1133
1580
1932
2135
2205
2249
2398
2735
3198
3625
3842
3701
3149
2266
1309
583
263
371
767
1227
1572
1743
1775
1767
1837
2018
2312
2699
3110
3475
3776
4020
4095
4095
3924
3526
3055
2592
2144
1747
1505
1527
1837
2286
2593
2514
1951
1005
46
36
33
96
819
1744
2576
3198
3600
3764
3704
3453
3036
2492
1910
1396
1025
845
854
1015
1313
1782
2439
3236
4057
4095
4095
4095
4095
3932
3013
1989
918
42
37
35
32
360
1363
2526
3459
3837
3549
2765
1854
1204
1027
1286
1738
2065
2008
1467
602
38
35
32
402
1169
1960
2587
2935
2927
2562
1962
1340
885
674
741
1114
1784
2630
3434
3979
4095
3986
3641
3266
3032
3052
3344
3807
4095
4095
3873
3133
2272
1554
1123
968
1013
1111
1087
831
368
37
35
33
198
777
1488
2103
2485
2676
2829
3099
3473
3779
3876
3781
3599
3447
3354
3283
3241
3260
3335
3369
3248
2951
2544
2132
1755
1399
1076
802
595
436
286
133
44
44
175
520
990
1493
1901
2128
2204
2174
2038
1760
1328
796
298
41
53
347
958
1730
2521
3212
3742
4095
4095
4095
4095
4095
4095
4095
4095
3972
3245
2588
2050
1603
1252
1071
1131
1390
1674
1757
1494
906
216
36
34
360
1258
2331
3253
3759
3732
3271
2653
2159
1935
2005
2299
2714
3173
3611
3969
4095
3939
3306
2263
1008
41
38
36
34
90
760
1621
2399
2948
3231
3270
3105
2835
2610
2526
2608
2836
3098
3243
3193
2926
2447
1832
1198
663
353
341
628
1186
1880
2486
2782
2650
2188
1665
1351
1383
1738
2301
2888
3320
3484
3362
3026
2619
2272
2062
2006
2070
2167
2173
2019
1721
1396
1237
1337
1654
2053
2379
2521
2415
2129
1853
1791
2032
2498
3047
3534
3866
3993
3857
3415
2723
1949
1300
882
665
559
486
429
448
571
779
1051
1323
1545
1733
1897
2028
2104
2096
2017
1929
1893
1938
2090
2341
2674
3064
3409
3588
3515
3175
2628
1943
1224
576
74
35
34
53
425
1148
2112
3116
3906
4095
4043
3331
2374
1498
939
839
1241
2023
2973
3867
4095
4095
4095
4095
4038
3324
2489
1671
1085
917
1246
1984
2885
3619
3953
3831
3357
2688
1956
1290
768
377
58
36
37
36
36
34
66
644
1392
2058
2477
2661
2765
2975
3419
4086
4095
4095
4095
4095
4095
3181
2103
1254
774
679
922
1355
1759
1928
1790
1423
998
719
740
1112
1768
2539
3207
3576
3571
3250
2816
2490
2376
2436
2525
2462
2178
1744
1280
864
580
509
668
982
1349
1638
1741
1678
1557
1471
1456
1475
1453
1336
1137
937
892
1182
1853
2740
3572
4095
4095
4095
3995
3921
4046
4095
4095
4095
4095
3891
3243
2473
1748
1227
992
1064
1372
1808
2257
2604
2713
2437
1719
693
40
37
35
33
202
683
1038
1086
886
701
806
1296
2023
2696
3033
2939
2521
1979
1567
1480
1787
2403
3098
3672
4049
4095
4095
3812
3322
2856
2590
2590
2772
2935
2953
2827
2593
2273
1920
1613
1384
1194
958
624
279
89
147
521
1207
2118
3068
3810
4095
3954
3393
2739
2290
2239
2555
2999
3309
3350
3156
2824
2402
1873
1228
529
37
35
34
112
618
1329
2028
2502
2586
2256
1679
1165
1028
1419
2240
3207
4013
4095
4095
3755
3120
2644
2519
2702
2994
3191
3131
2766
2170
1470
832
386
162
156
342
646
927
1034
911
633
328
176
327
809
1527
2297
2872
3132
3143
3035
2889
2721
2558
2494
2586
2773
2942
3034
3090
3185
3330
3406
3326
3113
2808
2431
1966
1429
890
480
339
540
1056
1770
2493
3023
3259
3259
3146
3017
2891
2743
2577
2380
2157
1942
1765
1662
1628
1572
1447
1330
1362
1658
2186
2779
3251
3423
3245
2821
2350
2052
2057
2350
2793
3190
3338
3097
2453
1531
610
41
34
81
425
824
1096
1156
971
602
222
71
224
702
1404
2195
2903
3341
3379
3035
2470
1867
1363
1064
1044
1319
1863
2591
3343
3948
4095
4095
4090
3818
3600
3476
3373
3154
2765
2242
1656
1144
879
992
1508
2294
3065
3527
3519
3064
2361
1689
1301
1325
1678
2080
2216
1899
1166
242
38
35
32
349
1246
2326
3313
4007
4095
4095
4095
4065
3664
3140
2562
2020
1552
1157
860
749
902
1301
1807
2243
2501
2555
2435
2162
1765
1317
943
793
1004
1605
2470
3323
3847
3848
3355
2591
1792
1175
866
853
1057
1337
1534
1577
1542
1606
1884
2373
2950
3397
3533
3278
2669
1869
1095
529
272
336
723
1424
2345
3328
4095
4095
4095
4095
4095
4095
4095
3804
3133
2269
1304
362
38
37
36
35
32
466
1461
2542
3314
3555
3324
2843
2378
2095
2011
2104
2277
2377
2276
1968
1630
1505
1762
2372
3093
3620
3776
3498
2808
1815
734
39
36
34
33
231
552
835
1106
1411
1745
2073
2328
2476
2589
2775
3077
3422
3699
3851
3891
3828
3661
3400
3090
2772
2475
2217
1965
1644
1195
635
74
37
36
36
35
34
33
261
871
1660
2471
3160
3675
4021
4095
4095
3848
3494
3227
3152
3256
3408
3458
3352
3149
2952
2841
2853
3024
3364
3785
4095
4095
4095
3819
3195
2397
1513
690
109
35
86
513
1158
1816
2315
2571
2602
2472
2238
1963
1714
1535
1449
1465
1531
1589
1636
1671
1660
1600
1505
1374
1241
1191
1291
1580
2052
2609
3076
3288
3150
2625
1775
787
40
36
33
380
1190
2059
2698
2986
2983
2805
2557
2346
2248
2265
2295
2196
1926
1630
1524
1719
2174
2756
3275
3577
3569
3207
2590
1969
1609
1619
1946
2443
2909
3143
2979
2362
1439
547
66
130
679
1511
2353
2971
3197
3036
2680
2344
2132
1990
1798
1491
1118
831
818
1216
2050
3141
4095
4095
4095
4095
3978
3379
2788
2276
1953
1856
1931
2052
2060
1905
1679
1516
1477
1503
1479
1312
1007
709
619
838
1337
2018
2739
3323
3585
3444
2981
2378
1843
1498
1367
1455
1698
1973
2131
2037
1639
1007
296
37
35
33
426
1353
2404
3273
3804
4008
4003
3961
3958
3950
3852
3586
3116
2516
1979
1709
1819
2234
2692
2896
2710
2224
1627
1083
728
636
783
1099
1520
1956
2286
2372
2130
1629
1072
657
482
517
721
1074
1566
2193
2898
3551
3989
4077
3785
3204
2525
1963
1622
1524
1634
1883
2212
2567
2872
3063
3116
3041
2916
2827
2797
2768
2612
2203
1557
819
202
36
35
118
334
597
878
1188
1518
1791
1918
1853
1605
1260
938
756
839
1312
2215
3404
4095
4095
4095
4095
4095
4095
3828
3098
2528
2203
2161
2384
2791
3217
3435
3305
2803
2023
1137
275
37
36
34
50
416
836
1132
1323
1512
1762
2081
2466
2898
3357
3792
4066
4003
3513
2686
1749
932
359
67
40
85
216
376
516
619
742
976
1388
1974
2603
3134
3471
3565
3433
3129
2724
2304
1954
1724
1632
1682
1908
2314
2815
3309
3680
3821
3692
3372
3009
2716
2526
2404
2344
2424
2718
3174
3608
3826
3733
3320
2710
2074
1529
1136
925
883
965
1168
1503
1976
2552
3103
3481
3601
3409
2875
2043
1087
242
36
35
35
278
824
1539
2320
3035
3535
3725
3523
2924
2060
1173
546
391
723
1386
2128
2713
3039
3112
2970
2632
2153
1598
1040
562
229
119
258
620
1110
1582
1915
2066
2062
1975
1841
1683
1571
1562
1674
1894
2207
2629
3159
3736
4095
4095
4095
3813
3131
2357
1677
1286
1282
1611
2136
2674
3065
3168
2908
2353
1680
1075
642
382
254
275
476
837
1302
1819
2317
2734
3047
3252
3391
3564
3837
4095
4095
4095
4095
4095
4095
4095
4095
3881
2868
1590
244
39
36
33
145
906
1634
1921
1632
903
67
36
35
34
144
641
1210
1741
2243
2773
3335
3811
4023
3858
3386
2834
2463
2448
2804
3397
4039
4095
4095
4095
4045
3195
2187
1209
461
74
46
121
213
199
72
37
35
35
34
106
505
1041
1585
2066
2456
2768
3055
3379
3749
4095
4095
4095
3783
2942
1967
1142
640
491
645
1007
1475
1996
2501
2900
3117
3138
3064
3057
3195
3393
3482
3354
3017
2588
2203
1955
1918
2108
2469
2863
3120
3112
2827
2380
1897
1484
1205
1073
1072
1132
1206
1272
1307
1319
1332
1380
1505
1739
2112
2633
3270
3871
4095
4001
3233
2012
663
39
36
33
249
920
1607
2194
2698
3207
3774
4095
4095
4095
4014
3252
2579
2260
2334
2598
2797
2745
2341
1617
769
100
35
80
424
823
1106
1189
1089
927
909
1186
1768
2517
3220
3747
4053
4095
3938
3487
2887
2309
1884
1687
1696
1854
2128
2470
2824
3087
3112
2794
2154
1327
502
37
34
132
756
1586
2328
2754
2757
2428
2003
1692
1566
1574
1645
1790
2070
2471
2839
2986
2855
2560
2315
2311
2609
3120
3631
3871
3663
3033
2224
1495
985
714
664
779
938
991
831
510
212
88
163
447
948
1671
2571
3494
4095
4095
4095
4045
3380
2634
2031
1756
1887
2377
3045
3609
3807
3515
2794
1848
958
375
214
469
1083
1934
2807
3471
3743
3534
2929
2137
1397
883
641
597
642
721
894
1265
1846
2541
3162
3478
3354
2818
2089
1458
1157
1287
1823
2648
3560
4095
4095
4095
4095
3809
3386
2976
2513
2006
1533
1205
1078
1096
1131
1058
796
384
38
37
37
36
34
34
40
389
833
1149
1324
1512
1857
2403
3106
3826
4095
4095
4095
3607
2870
2341
2170
2370
2854
3495
4095
4095
4095
4095
3642
2773
1828
1004
512
465
835
1494
2214
2742
2931
2759
2345
1949
1815
2016
2401
2692
2708
2471
2121
1781
1530
1436
1507
1701
1911
2009
1938
1757
1627
1672
1892
2212
2544
2838
3061
3195
3183
2935
2426
1711
935
275
36
34
35
189
519
844
1027
1005
836
702
791
1166
1805
2650
3601
4095
4095
4095
4095
4045
3123
2330
1799
1580
1658
1981
2490
3057
3532
3787
3761
3523
3225
3021
2978
3059
3136
3061
2773
2327
1786
1181
574
87
36
34
35
35
34
44
429
1162
2003
2689
3043
3031
2778
2492
2306
2208
2137
2030
1845
1626
1441
1317
1280
1352
1529
1735
1909
2008
2000
1934
1923
2041
2316
2704
3105
3452
3721
3926
4036
3959
3664
3246
2862
2610
2455
2260
1890
1326
711
225
37
48
242
623
1131
1712
2281
2743
3030
3130
3041
2772
2330
1764
1229
919
940
1268
1765
2263
2631
2854
2979
3066
3151
3205
3206
3184
3170
3144
3058
2851
2502
2046
1557
1157
973
1034
1335
1845
2449
2976
3304
3424
3429
3446
3497
3451
3150
2560
1836
1187
757
580
599
707
860
1087
1442
1965
2645
3388
4045
4095
4095
3583
2401
1109
180
35
334
1080
1887
2453
2614
2373
1864
1335
1034
1082
1390
1718
1874
1817
1640
1436
1222
1012
859
796
828
952
1144
1358
1526
1576
1436
1120
760
572
700
1153
1841
2600
3268
3739
3974
4013
3949
3871
3822
3829
3892
3957
3935
3773
3444
2974
2475
2070
1856
1869
2043
2193
2107
1643
786
41
39
37
35
32
419
1285
2230
3113
3852
4095
4095
4095
4095
4011
3781
3486
3001
2252
1288
264
38
36
33
142
897
1766
2396
2656
2668
2681
2921
3435
4084
4095
4095
4095
4095
4095
4095
4095
3884
3185
2341
1395
461
38
36
34
168
613
895
783
320
37
35
34
229
987
2022
3126
4069
4095
4095
4095
3894
3182
2592
2247
2195
2351
2584
2805
2979
3107
3202
3252
3165
2808
2150
1306
450
38
37
37
36
36
36
34
33
344
1021
1808
2594
3299
3870
4095
4095
4095
4095
4095
4095
4031
3777
3621
3487
3292
2995
2623
2281
2060
1947
1818
1563
1148
603
76
35
34
392
1164
2024
2687
2961
2813
2365
1814
1376
1236
1471
1986
2527
2846
2805
2427
1850
1235
763
611
855
1439
2167
2768
3068
3044
2798
2492
2221
2026
1939
1954
2019
2110
2204
2230
2153
2004
1919
2041
2436
3048
3687
4095
4095
4095
3685
2839
1764
649
38
35
33
262
1008
1874
2567
2940
3034
2974
2898
2877
2907
2952
2927
2752
2397
1931
1476
1154
1074
1277
1688
2125
2373
2299
1965
1610
1463
1578
1842
2061
2078
1869
1561
1344
1388
1816
2618
3596
4095
4095
4095
4046
3139
2277
1716
1586
1872
2432
3003
3317
3204
2642
1783
854
100
35
34
266
868
1551
2065
2192
1826
1034
106
36
33
285
1346
2706
3926
4095
4095
3721
2587
1530
796
406
243
190
225
373
596
825
1016
1202
1443
1748
2123
2590
3107
3571
3880
4023
4095
4095
4095
4095
4095
4095
4095
3412
2556
1782
1344
1360
1717
2162
2425
2311
1816
1147
584
330
398
644
924
1186
1454
1770
2135
2461
2595
2437
2008
1486
1082
930
1076
1414
1748
1910
1866
1743
1711
1876
2263
2760
3144
3215
2872
2216
1508
1024
928
1229
1834
2540
3097
3308
3130
2677
2135
1717
1554
1606
1740
1815
1786
1716
1687
1794
2070
2489
3030
3654
4095
4095
4095
4095
4095
3561
2967
2462
2076
1757
1456
1155
864
616
420
321
393
694
1216
1812
2226
2307
2076
1676
1310
1160
1302
1674
2129
2520
2705
2607
2279
1828
1404
1167
1168
1336
1566
1806
2059
2359
2706
2999
3124
3024
2724
2299
1818
1387
1147
1205
1570
2096
2571
2853
2892
2687
2234
1594
933
422
185
268
640
1223
1885
2462
2847
3035
3078
3053
3028
3038
3045
2934
2581
1983
1327
886
870
1300
2031
2858
3581
4077
4095
4095
3918
3451
2860
2240
1695
1282
1003
789
527
205
36
34
38
242
610
982
1290
1534
1791
2143
2628
3178
3621
3830
3799
3636
3498
3444
3450
3444
3353
3183
2978
2800
2665
2549
2425
2232
1951
1592
1146
628
108
35
34
116
691
1538
2476
3319
3922
4095
4095
4095
4095
4095
3916
3462
2903
2355
1899
1497
1069
556
42
36
35
32
475
1514
2753
3826
4095
4095
3764
2723
1540
488
37
34
169
902
1952
3038
3849
4095
4045
3604
3061
2549
2146
1870
1721
1667
1670
1739
1874
2058
2230
2292
2223
2100
2006
1975
2009
2046
1994
1835
1634
1468
1411
1534
1851
2308
2749
EOF