Process identification data:
2189
2192
2194
2190
2136
1974
1716
1425
1152
937
782
712
826
1243
1954
2777
3444
3739
3636
3289
2884
2557
2361
2270
2245
2307
2534
2954
3519
4095
4095
4095
4095
4095
4095
3915
3560
3346
3251
3188
3035
2729
2305
1793
1190
538
40
36
35
35
35
35
107
395
850
1421
2068
2672
3117
3343
3334
3157
2960
2894
3045
3383
3742
3888
3673
3108
2348
1602
1056
857
1059
1597
2299
2915
3232
3157
2727
2129
1629
1445
1657
2148
2674
3005
2989
2602
1975
1357
998
1026
1395
1923
2341
2459
2279
1952
1697
1679
1908
2289
2681
2938
3047
3089
3134
3202
3256
3245
3200
3216
3341
3574
3861
4095
4095
4095
4095
4095
4095
4095
4095
4095
3533
2401
1380
654
284
238
434
720
968
1098
1053
834
555
401
516
890
1383
1838
2190
2443
2663
2883
3050
3092
3007
2857
2741
2739
2818
2887
2913
2964
3116
3415
3839
4095
4095
4095
3617
2609
1495
659
407
793
1565
2362
2862
2888
2464
1788
1149
805
891
1413
2238
3120
3803
4095
3970
3578
3167
2892
2789
2809
2821
2666
2233
1492
543
39
37
34
33
350
1016
1699
2288
2725
3039
3281
3475
3655
3838
4037
4095
4095
4095
4095
4095
4095
4082
3246
2540
2179
2267
2727
3279
3607
3552
3156
2588
2049
1674
1462
1286
1044
737
472
331
289
241
143
106
285
745
1399
2101
2677
3036
3215
3307
3398
3501
3554
3478
3239
2865
2395
1867
1358
1004
926
1157
1601
2024
2210
2060
1683
1315
1158
1266
1570
1982
2458
2958
3422
3827
4095
4095
4095
4095
4095
4095
4095
4095
3309
2279
1338
650
272
152
186
349
714
1352
2271
3379
4095
4095
4095
4095
4095
3111
2081
1432
1250
1499
1989
2450
2637
2443
1945
1357
951
885
1204
1771
2284
2461
2167
1506
763
194
35
38
138
362
615
864
1134
1473
1921
2501
3165
3794
4095
4095
4095
4095
4095
4095
4095
4095
4095
3887
3551
3450
3652
4030
4095
4095
3541
2452
1202
214
35
234
1094
2165
3034
3460
3374
2887
2244
1647
1189
903
779
742
705
646
650
841
1267
1830
2366
2760
2980
3022
2848
2475
2041
1719
1616
1723
1941
2163
2366
2513
2513
2284
1856
1361
928
652
596
809
1290
1954
2656
3308
3860
4095
4095
4095
4095
3636
3086
2546
2109
1839
1762
1842
1977
2089
2106
1988
1778
1597
1594
1879
2397
2946
3276
3185
2632
1773
919
387
360
835
1675
2681
3651
4095
4095
4095
4095
3567
2578
1578
716
121
35
37
235
696
1275
1843
2254
2432
2447
2485
2685
3067
3541
3942
4095
4095
3932
3491
3027
2755
2821
3181
3626
3912
3875
3536
3029
2534
2210
2077
2011
1879
1652
1414
1275
1239
1232
1167
978
716
522
494
650
963
1347
1666
1840
1842
1698
1537
1542
1798
2290
2954
3665
4095
4095
4095
4095
3874
3342
2809
2386
2182
2243
2484
2719
2754
2454
1862
1198
721
572
708
962
1161
1211
1085
815
493
292
431
1034
2024
3159
4095
4095
4095
4095
4095
4025
3154
2295
1628
1322
1457
1984
2748
3502
3978
3950
3388
2471
1479
689
257
196
436
825
1150
1243
1089
856
747
900
1317
1884
2465
2918
3128
3097
2930
2772
2759
2933
3258
3679
4095
4095
4095
3859
2887
1623
337
40
37
36
34
33
392
1123
2054
3021
3873
4095
4095
4095
4095
4095
4095
4095
4095
4095
4095
4037
3167
2375
1757
1316
969
652
339
95
36
35
36
37
37
37
36
33
139
1219
2730
4095
4095
4095
4095
4095
4095
3875
2875
1963
1317
1031
1113
1478
1958
2368
2523
2320
1780
1095
569
436
754
1393
2085
2630
2988
3176
3193
3018
2673
2249
1865
1603
1464
1404
1412
1531
1854
2445
3288
4095
4095
4095
4095
4095
3112
1719
608
77
232
967
1985
2913
3437
3402
2899
2216
1691
1581
1947
2652
3438
4019
4095
3942
3318
2436
1462
612
69
34
108
416
758
1062
1338
1631
1911
2049
1915
1506
982
537
269
221
415
868
1516
2169
2592
2632
2349
1999
1833
1976
2394
2928
3402
3688
3730
3517
3130
2692
2281
1946
1748
1733
1876
2092
2326
2617
3046
3650
4095
4095
4095
4095
4095
3777
2482
1223
312
36
49
395
981
1596
2021
2138
2009
1826
1741
1743
1748
1726
1694
1650
1549
1347
1129
1096
1369
1880
2420
2766
2839
2700
2456
2199
1978
1810
1689
1607
1565
1574
1650
1795
2002
2298
2708
3181
3643
4010
4095
4095
4095
4095
4095
4095
4095
3915
3434
2771
2042
1427
1060
988
1212
1632
2104
2512
2751
2717
2353
1669
775
40
36
34
210
1205
2511
3641
4095
3992
3200
2192
1370
1049
1340
2147
3195
4095
4095
4095
3818
2932
2082
1508
1328
1499
1807
1960
1755
1172
364
38
36
34
34
405
879
1133
1087
863
729
913
1501
2409
3439
4095
4095
4095
4095
3552
2596
1743
1138
823
771
876
1049
1255
1456
1646
1850
2060
2254
2410
2462
2351
2118
1867
1702
1725
1970
2392
2925
3483
3945
4095
4095
3924
3520
3062
2644
2290
2008
1822
1766
1882
2225
2792
3457
4003
4095
3942
3264
2382
1585
1096
998
1182
1421
1492
1290
875
477
386
757
1558
2585
3541
4095
4095
4095
4095
4095
3491
2817
2176
1593
1060
588
266
201
452
989
1678
2396
3039
3564
3954
4095
4095
3851
3470
3109
2880
2811
2850
2894
2797
2386
1560
358
40
40
39
37
34
32
373
1143
1745
2009
2066
2174
2498
3039
3686
4095
4095
4095
4095
4095
4095
3717
3378
3118
2960
2892
2893
2921
2880
2624
2054
1148
70
39
38
36
34
32
619
1517
2380
2997
3316
3443
3503
3565
3647
3714
3690
3575
3422
3302
3270
3300
3362
3467
3605
3703
3639
3309
2708
1945
1248
824
802
1229
2002
2880
3607
3976
3865
3321
2496
1589
804
324
243
556
1193
2005
2816
3501
3981
4095
4093
3746
3219
2617
2101
1795
1746
1882
2030
2053
1879
1542
1131
744
483
403
478
589
646
622
548
535
711
1092
1586
2094
2551
2972
3388
3773
4055
4095
4095
3813
3225
2412
1570
928
654
808
1306
1926
2365
2430
2098
1526
1006
734
713
848
1006
1062
955
733
575
721
1284
2146
3051
3759
4094
3993
3500
2814
2276
2196
2694
3641
4095
4095
4095
4095
3410
2088
1138
872
1332
2305
3396
4095
4095
4076
3261
2294
1423
818
504
416
477
616
782
942
1104
1263
1399
1528
1666
1817
1964
2034
2009
1922
1837
1799
1791
1814
1908
2115
2425
2777
3112
3356
3418
3272
2937
2463
1932
1469
1190
1188
1525
2130
2799
3307
3452
3225
2811
2459
2338
2486
2832
3242
3525
3460
2906
1894
688
39
36
35
34
34
172
576
1211
2062
3016
3864
4095
4095
4095
3980
3823
3861
4003
4095
4095
3913
3515
2987
2438
2001
1699
1433
1124
809
599
558
629
718
746
668
528
453
582
962
1524
2108
2560
2859
3039
3141
3159
3061
2882
2651
2369
2038
1687
1342
1093
1014
1138
1505
2103
2814
3432
3750
3631
3136
2457
1821
1463
1459
1739
2172
2599
2920
3130
3271
3389
3466
3456
3346
3140
2820
2333
1620
716
40
38
36
34
36
693
1709
2676
3321
3536
3388
3089
2858
2811
2940
3191
3516
3882
4095
4095
4095
4095
3929
3308
2604
1979
1557
1316
1142
966
832
796
875
1037
1227
1455
1707
1937
2087
2128
2065
1882
1564
1188
955
1076
1583
2276
2894
3256
3330
3187
2929
2663
2432
2215
1955
1665
1476
1517
1822
2296
2747
3051
3224
3325
3372
3298
3078
2807
2628
2642
2799
2955
2961
2716
2262
1752
1364
1200
1239
1413
1604
1689
1628
1413
1042
568
130
35
42
237
561
859
1112
1374
1731
2281
3045
3904
4095
4095
4095
4095
3441
2938
2779
2952
3366
3879
4095
4095
4095
4095
3629
2517
1142
42
37
35
33
309
1026
1590
1728
1372
653
38
36
34
172
996
2117
3246
4095
4095
4095
4095
4095
3433
2495
1762
1430
1527
1950
2552
3177
3709
4095
4095
4095
4095
3953
3737
3475
3156
2758
2292
1794
1272
741
229
36
37
36
36
35
32
370
1099
1888
2596
3201
3714
4095
4095
4095
4095
4095
3823
3551
3377
3304
3220
3005
2648
2183
1628
982
292
36
34
33
263
760
1266
1680
1938
2028
1988
1858
1701
1607
1671
1925
2330
2825
3307
3670
3849
3826
3610
3220
2655
1950
1218
606
193
47
71
244
577
1042
1560
2080
2568
2963
3194
3239
3139
3009
3013
3202
3468
3668
3728
3635
3418
3161
2994
3039
3338
3744
3977
3835
3302
2535
1804
1345
1241
1393
1636
1842
1971
2040
2058
2024
1965
1928
1951
1997
1973
1791
1435
968
516
178
40
41
181
551
1073
1704
2388
3027
3499
3690
3528
3035
2316
1560
974
721
852
1235
1651
1905
1914
1771
1647
1647
1779
1965
2113
2186
2251
2413
2763
3344
4073
4095
4095
4095
4095
4095
4095
4095
3348
2625
2066
1758
1691
1748
1743
1511
1047
522
137
55
242
701
1326
1969
2427
2534
2223
1553
695
39
36
33
249
1084
2027
2744
3099
3207
3238
3316
3487
3706
3948
4095
4095
3833
3289
2618
1957
1434
1154
1162
1418
1791
2068
2083
1779
1218
586
133
87
483
1218
2028
2686
3077
3168
2980
2582
2138
1893
2010
2480
3138
3762
4095
4095
4095
4095
3704
3210
2881
2790
2875
2980
2908
2506
1780
870
44
38
36
35
32
458
1195
1844
2264
2459
2490
2441
2382
2332
2308
2304
2244
2076
1838
1683
1794
2276
3069
3967
4095
4095
4095
3428
2158
891
40
36
34
114
584
1107
1547
1913
2281
2675
2994
3104
2964
2647
2304
2060
1924
1830
1714
1589
1523
1612
1956
2585
3420
4095
4095
4095
4095
4095
3713
2721
1887
1346
1095
995
928
883
928
1153
1575
2076
2487
2716
2725
2509
2116
1665
1310
1187
1346
1714
2091
2232
1964
1296
426
37
35
35
621
1542
2393
2915
3038
2918
2798
2899
3319
3972
4095
4095
4095
3725
2579
1401
468
37
35
35
89
314
696
1221
1804
2326
2709
2979
3165
3251
3228
3098
2859
2536
2156
1802
1588
1569
1728
2022
2386
2732
3004
3188
3290
3354
3440
3527
3522
3331
2979
2635
2511
2720
3191
3713
4050
4029
3618
2936
2165
1435
832
382
69
35
36
36
35
34
76
581
1406
2325
3119
3656
3943
4020
3936
3735
3416
3022
2614
2272
2112
2161
2304
2359
2176
1732
1169
731
624
947
1617
2409
3049
3285
3061
2496
1804
1210
862
799
932
1126
1302
1489
1719
1969
2202
2421
2620
2739
2691
2427
2002
1584
1395
1563
2059
2728
3410
3993
4095
4095
4095
4095
3977
3147
2071
891
40
37
34
32
479
1346
2235
2903
3202
3115
2735
2234
1793
1490
1286
1103
904
708
574
587
807
1203
1667
2059
2275
2304
2197
2057
2041
2324
3010
4052
4095
4095
4095
4095
4095
4095
4095
3638
2938
2340
1874
1584
1499
1547
1533
1243
588
40
38
37
35
32
409
1440
2561
3499
4095
4095
4095
4095
3683
3140
2553
1974
1512
1278
1290
1418
1522
1558
1566
1575
1580
1535
1385
1162
943
821
923
1331
1971
2619
3030
3066
2725
2135
1511
1123
1190
1778
2703
3590
4095
4095
3948
3437
2835
2211
1656
1254
1005
873
825
877
1118
1565
2156
2748
3156
3292
3207
3005
2818
2772
2872
3016
3087
3031
2853
2602
2329
2058
1812
1651
1658
1881
2292
2750
3096
3243
3146
2795
2265
1674
1160
848
776
896
1126
1361
1486
1483
1460
1546
1828
2318
2934
3559
4049
4095
4095
3786
3109
2223
1263
439
37
34
40
248
594
1014
1520
2120
2752
3321
3725
3861
3657
3144
2484
1945
1750
1974
2511
3090
3380
3142
2365
1324
452
120
447
1257
2158
2742
2749
2194
1343
572
235
507
1323
2391
3307
3801
3834
3537
3102
2694
2402
2239
2179
2182
2250
2413
2694
3068
3397
3476
3158
2474
1591
750
163
35
35
87
249
544
1029
1669
2290
2667
2664
2372
2041
1877
1940
2216
2685
3322
4028
4095
4095
4095
4095
4095
3974
3413
2785
2053
1257
517
38
35
33
126
516
1061
1698
2331
2826
3061
3020
2832
2654
2545
2471
2355
2135
1805
1398
976
619
464
660
1215
1959
2634
3063
3250
3295
3303
3317
3282
3176
3067
3060
3253
3646
4070
4095
4004
3384
2551
1668
834
90
36
35
33
234
760
1168
1269
1077
702
306
84
157
577
1269
2036
2703
3176
3405
3392
3203
2979
2895
3031
3328
3699
4083
4095
4095
4095
4019
3428
2934
2732
2851
3139
3383
3461
3338
3049
2622
2091
1531
987
425
38
37
37
35
33
148
707
1216
1404
1187
720
311
258
742
1731
3031
4095
4095
4095
4095
4095
4095
3629
3285
3111
2995
2778
2372
1768
1006
205
37
36
34
34
35
198
508
978
1710
2735
3933
4095
4095
4095
4095
3643
2262
1057
349
279
743
1526
2365
3003
3323
3336
3177
3032
2998
3078
3243
3455
3643
3668
3399
2797
2011
1288
805
647
816
1219
1724
2219
2575
2668
2436
1898
1162
400
36
35
33
356
1167
2199
3183
3873
4095
4095
4095
4095
4095
4095
4095
4095
3700
3088
2609
2331
2230
2269
2405
2601
2791
2834
2611
2144
1518
871
318
37
36
36
35
34
38
227
523
737
808
760
637
520
493
615
946
1529
2303
3117
3810
4095
4095
4095
4095
4095
4049
3688
3300
2977
2751
2628
2619
2719
2853
2864
2634
2138
1476
835
381
202
302
617
1043
1515
1964
2328
2617
2873
3138
3379
3474
3323
2948
2475
2098
1914
1914
2037
2183
2271
2308
2293
2245
2218
2222
2212
2140
1956
1671
1357
1115
1025
1082
1261
1556
1970
2511
3091
3519
3619
3349
2799
2120
1455
936
700
809
1188
1705
2260
2817
3348
3797
4059
4010
3591
2848
1966
1250
940
1091
1593
2225
2775
3122
3248
3223
3172
3215
3411
3669
3811
3679
3222
2587
1990
1554
1249
943
514
40
36
36
34
128
829
1722
2531
3033
3116
2785
2158
1454
952
904
1417
2375
3490
4095
4095
4095
4095
4095
3829
3237
2680
2221
1880
1666
1540
1458
1393
1329
1303
1377
1540
1700
1780
1778
1722
1643
1548
1430
1366
1458
1770
2265
2784
3103
3080
2702
2070
1364
782
442
351
426
544
650
770
967
1291
1722
2178
2581
2888
3061
3078
2970
2815
2692
2699
2852
3049
3156
3121
3032
3040
3218
3471
3640
3595
3328
2982
2750
2759
2984
3296
3545
3581
3315
2753
1951
1032
157
37
37
36
34
35
445
1096
1683
2027
2128
2119
2181
2462
2987
3641
4095
4095
4095
4095
4095
4095
4095
4095
4095
3869
2821
1647
626
38
36
36
34
34
258
667
1027
1293
1541
1832
2173
2543
2931
3325
3640
3711
3445
2890
2208
1655
1443
1646
2139
2616
2801
2555
1910
1027
105
38
36
34
33
525
1672
2970
4073
4095
4095
4095
4095
3704
2961
2412
2202
2340
2710
3126
3455
3601
3519
3221
2764
2233
1663
1063
501
131
67
279
729
1299
1925
2567
3161
3586
3690
3389
2766
2048
1459
1107
992
1083
1373
1877
2561
3312
3927
4095
4081
3598
2985
2490
2270
2354
2656
3006
3223
3196
2881
2306
1577
825
181
36
35
44
417
1066
1765
2278
2461
2343
2045
1733
1538
1466
1413
1257
972
682
545
659
1009
1488
1977
2382
2667
2834
2954
3071
3158
3149
3020
2820
2641
2556
2525
2457
2339
2263
2319
2542
2927
3370
3741
3962
4025
3947
3725
3348
2818
2183
1542
960
465
112
37
74
343
852
1538
2321
3114
3777
4095
4095
3870
3261
2601
2085
1779
1629
1548
1467
1353
1231
1147
1150
1265
1443
1645
1885
2182
2508
2753
2789
2580
2210
1806
1528
1543
1936
2696
3619
4095
4095
4095
4095
3943
3165
2309
1475
761
207
36
36
34
34
68
279
668
1198
1757
2243
2616
2889
3117
3367
3666
4010
4095
4095
4095
4095
3928
2838
1571
432
38
35
33
284
852
1482
2056
2506
2804
2969
3058
3139
3212
3172
2898
2329
1497
547
38
36
34
35
668
1761
2972
4047
4095
4095
4095
4006
3088
2243
1672
1383
1264
1181
1105
1145
1451
2092
2955
3802
4095
4095
4095
3976
3015
1803
572
39
37
36
34
36
649
1669
2771
3653
4078
3967
3395
2614
1975
1787
2183
3073
4095
4095
4095
4095
4095
4095
3957
2947
1999
1167
451
37
36
35
34
34
74
262
587
1074
1707
2384
2961
3284
3264
2914
2303
1547
756
58
36
35
32
547
1634
2867
3843
4095
4095
3975
3435
2818
2234
1796
1552
1537
1772
2210
2763
3331
3804
4089
4095
3801
3205
2398
1576
997
814
1039
1589
2294
2935
3268
3123
2534
1796
1278
1174
1386
1659
1805
1813
1750
1669
1641
1740
1980
2283
2531
2632
2581
2499
2472
2534
2702
2955
3241
3504
3658
3612
3309
2769
2073
1358
827
593
649
895
1141
1205
1051
768
490
339
398
721
1238
1764
2089
2073
1730
1207
700
402
464
942
1779
2838
3910
4095
4095
4095
4095
4095
4095
4095
3850
3619
3406
3100
2699
2305
2046
1932
1834
1634
1282
786
233
37
36
35
34
117
578
1137
1586
1783
1694
1450
1283
1393
1852
2589
3434
4095
4095
4095
4095
3954
3399
3094
3174
3574
4079
4095
4095
3724
2719
1478
260
38
37
36
33
107
1011
2291
3581
4095
4095
4095
3376
1906
413
38
34
36
996
2557
4060
4095
4095
4095
4095
4083
2736
1367
242
38
36
35
34
62
478
1032
1608
2190
2784
3353
3777
3889
3582
2915
2085
1367
981
956
1186
1553
1985
2416
2798
3109
3303
3301
3041
2511
1829
1263
1073
1384
2149
3098
3845
4095
3926
3346
2575
1816
1216
831
645
553
437
257
102
114
424
1053
1813
2453
2774
2769
2640
2628
2852
3287
3796
4095
4095
4095
4095
4095
3788
3420
3132
2876
2583
2223
1786
1325
943
708
655
813
1151
1547
1816
1834
1566
1052
415
37
37
35
33
258
1021
1996
2939
3607
3835
3593
3004
2341
1877
1741
1919
2325
2833
3293
3573
3628
3485
3225
2928
2697
2670
2948
3477
4007
4095
3932
3211
2341
1643
1355
1508
1916
2339
2587
2587
2400
2169
2037
2039
2114
2162
2107
1962
1759
1534
1318
1145
1084
1166
1328
1480
1523
1358
949
362
37
34
97
821
1823
2680
3136
3209
3118
3108
3300
3639
3933
3943
3555
2838
2017
1397
1138
1187
1417
1734
2070
2337
2389
2115
1525
774
121
34
80
627
1444
2261
2891
3270
3454
3527
3589
3708
3874
4023
4095
4010
3683
3093
2284
1374
568
93
88
533
1325
2185
2807
3037
2932
2669
2432
2304
2238
2186
2111
1956
1677
1269
837
548
486
642
986
1538
2312
3212
3995
4095
4095
3519
2484
1410
591
216
335
837
1508
2144
2650
3021
3260
3392
3508
3729
4095
4095
4095
4095
4095
4095
3276
2000
937
358
329
687
1184
1624
1893
1973
1880
1636
1332
1063
840
604
291
36
36
35
34
33
284
987
2000
3081
3935
4095
4095
4095
4006
3960
4095
4095
4095
4095
4095
4095
4095
4035
2777
1358
52
40
38
37
35
33
46
300
535
718
988
1449
2031
2522
2765
2768
2677
2656
2781
3006
3253
3402
3333
3012
2496
1918
1484
1300
1352
1542
1678
1602
1310
967
777
870
1243
1765
2337
2899
3390
3739
3928
3983
3918
3743
3431
2937
2269
1553
1002
776
921
1340
1804
2123
2268
2322
2369
2445
2531
2588
2626
2673
2752
2818
2818
2712
2454
2017
1437
822
304
43
46
287
794
1444
2138
2784
3301
3663
3874
3956
3989
4027
4091
4095
4095
4095
4014
3536
2855
2113
1524
1272
1437
1913
2458
2869
3050
3010
2773
2318
1639
843
133
35
34
381
1102
1838
2293
2312
1915
1254
576
133
111
568
1458
2579
3614
4095
4095
3574
2459
1218
213
35
102
921
2192
3515
4095
4095
4095
4095
3678
2879
2029
1218
566
206
238
657
1310
2008
2618
3088
3426
3586
3459
2955
2103
1126
364
64
214
704
1263
1659
1810
1811
1804
1862
1955
1983
1875
1660
1450
1405
1682
2312
3170
4071
4095
4095
4095
4095
3833
2659
1550
869
787
1211
1840
2328
2455
2233
1844
1519
1477
1818
2443
3116
3562
3574
3121
2362
1573
1032
906
1229
1854
2542
3046
3146
2755
1947
940
56
36
33
136
879
1822
2604
2962
2822
2314
1689
1251
1262
1794
2677
3620
4095
4095
4095
3861
3336
3055
3139
3477
3764
3687
3121
2176
1130
338
61
261
759
1262
1563
1575
1373
1150
1081
1220
1464
1617
1532
1190
704
310
260
687
1503
2416
3101
3360
3194
2803
2400
2085
1860
1717
1646
1621
1645
1722
1832
1991
2206
2437
2634
2711
2608
2368
2107
1934
1966
2266
2767
3281
3587
3568
3262
2835
2464
2225
2105
2090
2196
2442
2774
3063
3160
2958
2498
1932
1450
1234
1369
1787
2338
2879
3281
3474
3454
3249
2934
2577
2180
1753
1360
1063
926
984
1174
1412
1679
1967
2231
2410
2490
2513
2554
2603
2522
2156
1465
569
39
36
34
40
546
1215
1697
1860
1763
1548
1381
1423
1758
2384
3234
4095
4095
4095
4095
4095
3961
3210
2718
2499
2414
2316
2186
2117
2230
2515
2797
2839
2471
1684
692
39
35
35
33
268
939
1877
2958
3979
4095
4095
4095
4095
4095
3893
3498
3242
3107
2998
2788
2351
1695
956
346
80
186
599
1169
1697
2041
2183
2152
2015
1824
1573
1280
977
668
352
56
36
33
70
486
1177
1992
2782
3455
3979
4095
4095
4095
4095
4095
4095
4095
3061
1935
1121
810
1006
1581
2325
3035
3565
3783
3607
3051
2241
1371
614
122
41
173
474
770
994
1150
1283
1420
1555
1716
1915
2123
2282
2297
2132
1823
1439
1124
1067
1412
2165
3123
3948
4095
4095
3993
3516
3098
2791
2616
2600
2754
3055
3403
3639
3644
3360
2850
2232
1634
1147
814
685
798
1112
1461
1642
1530
1189
809
607
738
1214
1869
2425
2632
2432
2019
1685
1608
1773
2059
2324
2473
2523
2511
2452
2386
2348
2314
2237
2081
1859
1633
1458
1428
1639
2143
2930
3880
4095
4095
4095
4095
4095
3698
2997
2485
2210
2129
2135
2082
1818
1319
648
40
36
35
33
275
888
1449
1719
1678
1466
1234
1083
1047
1138
1408
1882
2531
3252
3854
4095
4095
3972
3834
3920
4095
4095
4095
4095
3687
2794
1868
1051
442
124
169
583
1283
2080
2714
2984
2861
2492
2115
1927
1996
2264
2604
2886
2971
2767
2313
1726
1169
753
484
291
94
35
34
93
466
959
1326
1450
1404
1359
1481
1867
2478
3193
3878
4095
4095
4095
3716
2934
2122
1438
954
666
556
605
812
1171
1659
2206
2726
3146
3390
3465
3471
3543
3791
4095
4095
4095
4042
3205
2226
1466
1177
1369
1817
2212
2372
2333
2266
2337
2621
3048
3444
3614
3383
2755
1931
1184
737
718
1114
1805
2608
3312
3751
3845
3623
3181
2597
1928
1273
700
238
36
35
40
152
370
634
946
1339
1825
2354
2838
3165
3257
3110
2749
2212
1602
1077
738
580
565
680
894
1117
1221
1099
754
329
77
222
926
2148
3639
4095
4095
4095
4095
4095
3857
3371
3332
3706
4095
4095
4095
4095
3322
2368
1400
622
226
299
715
1169
1392
1275
854
292
36
34
34
79
386
844
1388
1937
2380
2609
2582
2369
2142
2074
2280
2785
3510
4095
4095
4095
4095
4095
3796
3277
2999
2982
3150
3372
3510
3414
3011
2378
1685
1092
666
391
206
70
36
34
38
282
935
1929
3128
4095
4095
4095
4095
4095
4095
3552
2366
1376
717
409
398
568
840
1191
1632
2152
2627
2850
2682
2182
1514
821
181
37
35
35
32
281
922
1650
2240
2530
2496
2285
2107
2126
2376
2772
3192
3534
3731
3717
3515
3256
3052
2916
2826
2792
2848
2978
3105
3095
2819
2228
1375
407
38
36
33
278
1180
2245
3139
3602
3573
3172
2617
2160
1954
2014
2213
2420
2548
2528
2354
2100
1891
1859
2045
2337
2547
2530
2243
1833
1567
1655
2129
2852
3631
4095
4095
4095
4095
3652
2685
1648
834
484
652
1192
1879
2449
2677
2489
1944
1181
447
47
72
536
1364
2274
2986
3315
3163
2575
1764
1072
814
1144
1930
2815
3451
3679
3550
3215
2789
2311
1771
1203
665
264
87
124
381
878
1556
2264
2830
3145
3210
3097
2924
2818
2821
2878
2911
2844
2625
2301
1962
1668
1454
1312
1261
1383
1746
2305
2860
3172
3141
2863
2530
2326
2310
2396
2425
2266
1887
1371
855
476
380
696
1469
2613
3909
4095
4095
4095
4095
4095
3812
2514
1306
447
64
52
186
442
794
1273
1868
2437
2744
2601
2031
1283
693
459
545
756
881
813
587
372
359
653
1275
2126
2989
3631
3896
3788
3456
3064
2726
2538
2585
2867
3323
3867
4095
4095
4095
4095
3744
2806
1917
1321
1138
1313
1672
1985
2020
1648
887
42
38
37
35
34
147
805
1714
2768
3882
4095
4095
4095
4095
4095
4095
3540
2593
1865
1442
1326
1414
1505
1405
1062
569
92
35
35
344
1048
1847
2430
2578
2304
1807
1315
1001
944
1122
1508
2099
2863
3752
4095
4095
4095
4095
4095
4095
3207
2104
1122
474
281
467
861
1271
1577
1778
1890
1898
1793
1616
1485
1460
1507
1574
1623
1658
1719
1829
2032
2320
2604
2791
2827
2728
2567
2370
2165
1996
1929
2039
2293
2529
2579
2395
2068
1764
1667
1853
2246
2643
2814
2617
2107
1552
1284
1509
2199
3122
3918
4095
4095
3852
3371
3027
2858
2713
2437
1993
1426
796
174
36
35
33
291
820
1339
1714
1920
1989
1970
1879
1729
1574
1477
1458
1502
1581
1714
1990
2446
3062
3723
4095
4095
4095
3844
3324
2952
2835
2992
3303
3559
3558
3236
2708
2193
1882
1892
2207
2706
3176
3395
3262
2777
2053
1261
573
152
105
425
1050
1809
2526
3062
3343
3315
2972
2406
1732
1081
600
369
359
490
648
754
840
1002
1315
1726
2050
2088
1755
1128
460
99
266
996
2096
3222
4004
4095
4010
3458
2863
2436
2266
2301
2457
2688
2936
3156
3290
3273
3117
2878
2636
2455
2346
2291
2229
2161
2152
2240
2415
2634
2794
2821
2727
2551
2343
2149
1993
1886
1789
1683
1612
1614
1673
1717
1696
1615
1541
1550
1629
1757
1928
2153
2492
2979
3595
4095
4095
4095
4095
3758
2672
1501
516
41
117
791
1802
2706
3162
3097
2633
2006
1415
932
576
330
150
52
43
135
538
1298
2355
3500
4095
4095
4095
4095
3583
2400
1284
508
192
340
885
1682
2539
3242
3638
3701
3467
3042
2537
2055
1679
1478
1510
1751
2128
2570
3011
3371
3540
3404
2949
2286
1618
1170
1064
1289
1680
2023
2202
2229
2210
2241
2342
2448
2484
2428
2284
2022
1568
877
50
38
37
37
34
58
847
1931
2909
3501
3579
3185
2505
1835
1473
1615
2259
3222
4095
4095
4095
4095
4095
4095
4095
4095
3748
2573
1619
1104
1054
1317
1660
1889
1867
1567
1065
500
54
35
35
34
35
69
466
1092
1784
2397
2841
3127
3289
3342
3320
3240
3080
2811
2455
2117
1980
2184
2749
3564
4095
4095
4095
4095
4095
4070
3420
2751
2144
1700
1473
1398
1343
1213
962
591
135
36
36
36
35
34
38
196
458
748
1081
1488
1977
2503
3025
3492
3867
4095
4095
4095
3896
3704
3678
3841
4079
4095
4095
3767
3134
2326
1541
1026
942
1295
1936
2617
3094
3206
2956
2434
1812
1307
1057
1038
1091
1082
993
922
986
1193
1411
1497
1385
1098
724
417
317
451
759
1182
1714
2346
3012
3621
4085
4095
4095
4095
4029
3761
3473
3137
2717
2276
1917
1705
1668
1814
2086
2406
2685
2831
2839
2758
2616
2444
2268
2124
2099
2263
2608
2999
3222
3130
2695
1996
1244
696
493
608
868
1057
1075
949
745
553
484
665
1199
2070
3132
4095
4095
4095
4095
4095
4095
4095
3989
3217
2530
1973
1497
998
385
39
37
36
34
34
139
625
1207
1740
2097
2228
2210
2189
2324
2684
3164
3513
3494
3007
2195
1402
975
1081
1646
2472
3242
3659
3592
3090
2368
1699
1291
1210
1382
1653
1846
1889
1819
1722
1687
1740
1893
2199
2702
3391
4095
4095
4095
4095
4095
3487
2593
1826
1286
1045
1092
1312
1523
1573
1446
1270
1178
1189
1222
1219
1186
1204
1402
1846
2523
3263
3816
4010
3846
3470
3063
2701
2391
2120
1901
1760
1696
1684
1709
1765
1851
1976
2096
2186
2287
2449
2692
2933
2997
2742
2152
1393
704
254
128
299
693
1206
1728
2162
2447
2575
2586
2533
2449
2377
2338
2301
2216
2045
1831
1669
1614
1722
2042
2557
3140
3589
3755
3611
3250
2825
2471
2314
2401
2635
2802
2675
2156
1411
777
525
705
1203
1826
2392
2779
2923
2896
2855
2945
3153
3294
3144
2593
1769
985
543
576
996
1582
2104
2413
2482
2364
2206
2158
2260
2415
2517
2541
2534
2526
2478
2367
2244
2154
2070
1900
1575
1119
667
368
267
344
596
1058
1685
2382
3036
3542
3832
3843
3593
3182
2723
2350
2191
2307
2670
3164
3635
3894
3823
3435
2844
2204
1660
1334
1286
1495
1815
2000
1892
1510
1021
616
369
307
451
780
1188
1518
1686
1755
1839
2023
2340
2723
3070
3290
3253
2880
2213
1450
880
717
1067
1818
2681
3336
3575
3390
2917
2393
2012
1829
1838
2031
2345
2699
3034
3290
3431
3451
3356
3167
2916
2654
2390
2144
1958
1830
1708
1556
1360
1147
972
838
767
782
869
1003
1187
1420
1674
1924
2136
2280
2402
2621
2987
3481
3983
4095
4095
3970
3494
3048
2762
2647
2591
2496
2331
2126
1987
1963
2006
2065
2119
2163
2197
2217
2228
2194
2048
1785
1503
1344
1413
1714
2116
2441
2557
2423
2137
1802
1462
1155
951
887
947
1068
1165
1199
1147
1014
882
913
1256
1958
2861
3698
4095
4095
3666
2800
1888
1271
1144
1488
2091
2641
2927
2910
2662
2319
2077
2091
2418
2973
3520
3817
3774
3441
2903
2221
1488
859
449
313
434
740
1107
1368
1377
1112
713
402
344
520
798
1044
1224
1389
1605
1945
2504
3315
4095
4095
4095
4095
4095
3931
2975
2264
1983
2139
2567
2975
3106
2887
2468
2067
1857
1882
2045
2190
2168
1948
1647
1442
1448
1670
2015
2358
2598
2633
2387
1863
1231
729
579
901
1642
2580
3395
3847
3877
3608
3278
3083
3053
3040
2858
2431
1821
1146
561
244
308
727
1345
1937
2329
2475
2400
2133
1702
1167
676
413
464
770
1175
1499
1636
1612
1557
1604
1829
2176
2558
2941
3293
3612
3913
4095
4095
4095
4095
4095
3902
3311
2604
1869
1177
590
161
37
66
343
816
1367
1913
2399
2724
2763
2493
2041
1618
1406
1466
1725
1997
2096
1909
1493
1028
728
736
1058
1644
2426
3309
4095
4095
4095
4095
4095
3555
2838
2280
1989
1995
2177
2332
2298
2012
1519
901
269
37
35
33
218
991
2000
2896
3411
3446
3079
2522
2006
1700
1686
2001
2600
3356
4036
4095
4095
3433
2531
1792
1465
1555
1876
2185
2309
2203
1934
1628
1410
1389
1605
1969
2317
2514
2497
2313
2035
1701
1334
945
521
83
36
36
33
392
1333
2452
3424
4072
4095
4095
3953
3521
3121
2877
2865
3039
3281
3459
3467
3270
2896
2422
1931
1482
1116
898
873
1032
1298
1517
1554
1373
1038
654
349
276
611
1442
2656
3929
4095
4095
4095
4095
3845
3256
2868
2666
2593
2552
2423
2132
1662
1077
549
288
436
1034
1940
2898
3654
4038
4077
3908
3644
3321
2954
2557
2144
1751
1410
1150
995
933
949
1033
1153
1272
1406
1595
1881
2243
2594
2808
2795
2579
2268
1995
1852
1879
2060
2318
2540
2583
2306
1667
782
40
36
36
34
34
34
34
35
128
590
1385
2417
3550
4095
4095
4095
4095
4095
4095
3659
3092
2798
2692
2641
2546
2364
2092
1812
1682
1834
2319
3039
3745
4095
4095
3831
3202
2403
1528
647
39
37
36
32
334
1101
1893
2456
2632
2391
1823
1122
563
388
708
1499
2566
3609
4095
4095
4095
4095
4095
4095
4095
4095
4095
3933
3477
2698
1697
657
38
36
34
34
105
447
891
1336
1697
1907
1961
1909
1798
1692
1671
1781
2062
2499
3015
3487
3740
3709
3471
3184
2961
2815
2684
2513
2298
2073
1865
1650
1394
1085
751
449
279
347
716
1356
2109
2754
3097
3042
2632
2025
1450
1161
1360
2091
3207
4095
4095
4095
4095
4095
4010
3123
2240
1392
593
39
36
35
32
456
1537
2916
4095
4095
4095
4095
4095
3035
1771
620
38
36
34
34
430
1081
1745
2358
2918
3441
3851
3988
3763
3225
2542
1974
1731
1851
2212
2611
2862
2915
2795
2560
2269
1967
1728
1574
1472
1368
1180
898
584
327
212
250
424
697
1031
1425
1856
2288
2666
2940
3086
3132
3093
2965
2751
2496
2316
2288
2425
2689
2970
3140
3126
2912
2513
2013
1528
1126
885
839
917
1021
1120
1267
1528
1949
2539
3262
4031
4095
4095
4095
4095
4095
3895
3178
2625
2186
1756
1262
711
188
36
35
33
107
548
1103
1529
1679
1539
1204
889
850
1214
1943
2894
3865
4095
4095
4095
4095
4095
4095
4006
3773
3623
3520
3423
3298
3118
2854
2486
1981
1318
501
40
39
39
38
36
34
33
162
531
826
961
956
928
1019
1308
1835
2574
3417
4095
4095
4095
4095
4095
4095
4095
4095
4095
4095
4095
4095
3819
3501
3204
2957
2743
2476
2118
1731
1432
1286
1279
1374
1517
1612
1533
1215
689
72
36
35
33
198
849
1684
2489
3106
3501
3663
3571
3250
2779
2314
2011
1936
2088
2382
2717
2985
3053
2888
2606
2345
2191
2161
2190
2186
2114
1976
1815
1738
1843
2111
2376
2430
2176
1679
1098
644
503
725
1194
1710
2109
2362
2527
2681
2894
3197
3590
3982
4095
4095
3720
2989
2227
1716
1625
1955
2510
3013
3251
3150
2723
2037
1227
446
37
35
35
34
34
41
195
631
1299
2046
2670
3048
3217
3339
3579
3974
4095
4095
4095
3955
3251
2525
1925
1520
1329
1354
1597
2022
2511
2912
3081
2928
2491
1928
1454
1188
1100
1084
1040
913
709
525
523
798
1305
1918
2481
2857
2996
2953
2846
2786
2827
2923
2968
2855
2554
2164
1838
1684
1759
2085
2650
3373
4057
4095
4095
3653
2741
1948
1605
1854
2597
3532
4095
4095
3891
2896
1757
808
266
133
218
288
160
36
36
35
33
247
929
1870
2848
3583
3871
3680
3187
2646
2214
1931
1815
1920
2258
2735
3213
3598
3817
3812
3529
2984
2290
1581
957
497
280
391
862
1567
2232
2597
2535
2073
1385
709
306
386
1009
2008
3020
3674
3761
3342
2662
1996
1594
1569
1828
2176
2461
2691
2950
3284
3602
3778
3726
3426
2964
2503
2166
2031
2103
2287
2444
2427
2203
1872
1558
1301
1062
784
494
285
200
242
425
767
1269
1891
2554
3207
3768
4095
4095
3890
3374
2724
2095
1613
1350
1323
1506
1807
2081
2224
2253
2283
2405
2633
2897
3121
3293
3443
3594
3701
3650
3356
2803
2093
1429
1009
968
1322
1952
2648
3131
3205
2863
2260
1638
1203
986
855
631
176
39
39
38
37
34
32
537
1717
2944
3835
4095
4013
3603
3244
3148
3393
3873
4095
4095
4095
4095
3990
3345
2750
2312
2054
1937
1878
1789
1586
1241
837
508
338
376
606
921
1202
1355
1415
1563
1992
2772
3760
4095
4095
4095
4095
4095
3641
2866
2108
1404
783
265
36
36
35
34
54
367
944
1665
2421
3122
3711
4095
4095
4095
4095
4095
4095
4095
4095
4010
3677
3321
3005
2780
2618
2407
2037
1472
806
269
83
288
779
1261
1458
1251
709
99
35
64
659
1602
2541
3174
3388
3220
2759
2192
1683
1319
1166
1260
1541
1874
2133
2219
2088
1788
1460
1263
1314
1637
2159
2739
3250
3591
3715
3636
3413
3126
2812
2525
2337
2273
2297
2330
2267
2020
1575
1049
655
564
798
1278
1900
2567
3224
3819
4095
4095
4095
4095
4080
3549
2805
1916
963
83
37
35
34
34
139
546
992
1398
1790
2228
2716
3195
3602
3904
4065
4015
3689
3090
2369
1801
1586
1770
2234
2713
3004
3056
2914
2683
2500
2405
2348
2300
2271
2259
2248
2204
2087
1901
1647
1304
846
307
36
34
140
685
1360
1956
2408
2716
2891
2961
2973
2995
3069
3132
3089
2928
2721
2584
2635
2917
3358
3748
3850
3567
3002
2356
1814
1458
1293
1287
1362
1469
1620
1851
2161
2440
2537
2388
2103
1887
1922
2262
2761
3140
3138
2618
1639
457
39
35
32
403
1564
2933
4043
4095
4095
4029
3286
2482
1712
1048
610
480
624
948
1397
1965
2617
3251
3719
3918
3900
3796
3723
3684
3554
3198
2550
1654
660
39
34
37
653
1644
2562
3043
2905
2215
1236
312
36
33
315
996
1847
2761
3658
4095
4095
4095
4095
4095
3863
3093
2248
1471
907
653
764
1182
1767
2379
2886
3200
3264
3020
2490
1813
1200
865
868
1067
1272
1347
1218
905
514
194
100
298
731
1257
1734
2041
2163
2194
2264
2495
2972
3671
4095
4095
4095
4095
4095
4095
3959
3632
3198
2641
2059
1548
1129
801
545
366
292
317
399
447
395
276
236
404
790
1330
1941
2518
2961
3223
3341
3382
3427
3508
3583
3637
3699
3815
4003
4095
4095
4095
3874
3155
2213
1288
638
400
541
866
1119
1110
774
229
36
34
33
207
724
1418
2209
2960
3511
3773
3709
3329
2683
1858
1006
374
161
440
1129
2018
2908
3647
4095
4095
3921
3455
2970
2618
2443
2447
2570
2675
2628
2420
2196
2097
2140
2210
2151
1935
1671
1517
1614
1959
2404
2742
2782
2448
1871
1309
1021
1182
1804
2746
3770
4095
4095
4095
3980
3125
2328
1714
1318
1189
1342
1697
2100
2426
2577
2496
2226
1889
1649
1612
1767
1989
2126
2130
2011
1819
1578
1304
1020
711
336
38
36
36
34
32
528
1510
2644
3657
4095
4095
4095
3985
3550
3249
3090
2982
2780
2415
1967
1603
1494
1735
2226
2692
2857
2625
2151
1731
1613
1848
2308
2827
3258
3512
3511
3205
2615
1851
1065
366
37
36
35
34
40
384
1053
1868
2663
3305
3686
3760
3541
3106
2658
2466
2728
3448
4095
4095
4095
4095
4095
3360
2797
2576
2610
2744
2763
2473
1853
1076
421
139
292
728
1139
1245
962
468
93
78
435
1067
1736
2233
2403
2186
1639
986
550
555
1001
1677
2284
2666
2873
3012
3127
3198
3163
2975
2671
2365
2218
2335
2715
3278
3852
4095
4095
4095
4088
3458
2624
1699
865
295
100
317
905
1657
2284
2556
2457
2173
1920
1837
1932
2121
2292
2312
2081
1605
1047
690
776
1324
2125
2896
3392
3471
3197
2795
2535
2570
2851
3188
3382
3387
3278
3152
3017
2787
2400
1876
1284
710
182
36
36
35
34
116
463
837
1148
1406
1721
2159
2727
3390
4050
4095
4095
4095
3859
2846
1696
719
186
169
524
997
1427
1812
2201
2591
2918
3121
3175
3064
2819
2500
2173
1956
1997
2363
3005
3765
4095
4095
4095
3986
3249
2549
2018
1669
1437
1227
974
675
357
67
36
35
34
33
248
919
1894
3014
4038
4095
4095
4095
3517
2435
1485
982
1090
1723
2562
3190
3327
2961
2369
1913
1855
2227
2855
3511
3990
4095
3987
3472
2765
2020
1356
842
431
101
35
35
35
35
35
36
36
36
35
33
213
921
1892
2917
3790
4095
4095
4095
4095
3967
4014
4095
4095
4095
4095
4095
4095
4095
4095
4095
4095
4095
4023
3406
2407
1058
43
41
42
41
35
33
32
590
1359
2014
2530
2940
3269
3484
3579
3617
3640
3689
3791
3944
4095
4095
4095
4095
3905
3646
3384
3169
3020
2869
2610
2156
1492
709
40
37
38
37
36
34
32
375
1123
2062
2990
3651
3869
3659
3177
2592
2025
1534
1187
1050
1111
1295
1559
1928
2415
2947
3412
3695
3719
3485
3090
2725
2589
2797
3307
3901
4095
4095
4095
3764
3075
2239
1365
596
78
34
122
461
851
1133
1184
995
695
461
432
707
1284
2083
2989
3822
4095
4095
4095
3775
3101
2436
1937
1678
1638
1715
1801
1881
2018
2230
2446
2566
2573
2574
2672
2905
3262
3653
3977
4095
4095
4037
3627
3003
2238
1487
931
673
657
725
758
712
592
484
528
833
1393
2080
2680
2982
2942
2664
2338
2128
2114
2292
2561
2820
3023
3178
3297
3319
3118
2639
1946
1225
696
488
610
989
1465
1818
1925
1780
1455
1105
863
766
824
1077
1559
2242
3023
3705
4095
4095
3762
3150
2410
1655
968
448
233
438
1034
1800
2446
2770
2796
2707
2663
2680
2683
2627
2587
2688
2963
3312
3557
3535
3236
2803
2405
2165
2155
2380
2783
3219
3498
3464
3079
2478
1842
1272
789
405
208
317
808
1611
2536
3361
3923
4095
4008
3548
2904
2226
1601
1020
433
37
35
35
33
212
674
1212
1659
1865
1765
1483
1277
1386
1916
2765
3673
4095
4095
4095
4095
3645
3052
2635
2424
2387
2465
2546
2506
2286
1928
1517
1178
997
1009
1251
1690
2217
2740
3202
3590
3873
4003
3943
3650
3099
2362
1573
877
393
143
135
369
783
1217
1488
1535
1483
1556
1911
2499
3065
3340
3227
2872
2528
2366
2386
2507
2655
2770
2826
2821
2739
2553
2228
1743
1128
472
38
33
264
1081
2149
3132
3786
4034
3951
3717
3450
3164
2829
2446
2102
1861
1705
1607
1601
1755
2105
2563
2911
2982
2744
2298
1860
1639
1737
2082
2432
2517
2223
1643
1023
591
419
505
839
1346
1874
2297
2583
2797
2980
3058
2939
2636
2296
2059
1934
1875
1870
1967
2180
2449
2658
2658
2367
1795
1099
528
341
683
1444
2298
2889
3018
2730
2235
1774
1523
1583
1997
2713
3591
4095
4095
4095
4026
3054
2093
1351
884
668
643
732
916
1213
1608
2064
2511
2866
3061
3017
2702
2210
1710
1341
1170
1229
1552
2152
2956
3744
4095
4095
3591
2562
1438
612
326
611
1302
2126
2872
3445
3835
4034
4017
3778
3310
2597
1669
643
39
37
35
34
34
42
396
956
1555
2067
2464
2761
2947
3042
3092
3163
3295
3452
3596
3751
3948
4095
4095
4095
4095
3912
3294
2598
1970
1472
1075
715
400
185
160
360
760
1326
1997
2664
3203
3521
3550
3245
2625
1772
879
175
36
34
56
263
598
1051
1677
2511
3519
4095
4095
4095
4095
3730
2700
2002
1876
2330
3112
3804
4006
3502
2361
947
40
36
34
64
606
1251
1793
2160
2336
2348
2236
2080
2019
2121
2325
2543
2741
2929
3153
3444
3732
3901
3845
3464
2737
1799
936
455
538
1106
1857
2460
2729
2690
2524
2429
2507
2682
2738
2507
1947
1141
294
37
35
34
155
528
987
1516
2085
2576
2886
3010
3031
3068
3186
3393
3609
3724
3689
3493
3184
2876
2621
2372
2070
1723
1392
1141
994
904
810
681
567
592
830
1245
1758
2280
2757
3164
3437
3474
3213
2727
2251
2057
2263
2800
3450
3945
4077
3741
2969
1961
1012
418
327
711
1383
2063
2550
2818
2983
3202
3504
3750
3785
3565
3131
2547
1931
1460
1266
1408
1785
2149
2298
2169
1783
1225
605
82
35
34
163
640
1322
2036
2634
3001
3087
2976
2821
2714
2689
2721
2785
2863
2892
2817
2658
2484
2359
2282
2177
1975
1728
1549
1516
1625
1798
1970
2112
2200
2268
2413
2728
3202
3711
4066
4095
3918
3498
2911
2192
1438
790
335
103
92
267
631
1114
1570
1864
1985
2059
2200
2453
2777
3055
3215
3220
3073
2834
2602
2508
2626
2923
3257
3430
3284
2811
2110
1325
652
292
362
868
1678
2532
3116
3222
2812
1994
1034
216
36
34
120
697
1544
2405
2989
3148
2962
2624
2345
2284
2495
2943
3524
4027
4095
4047
3532
2822
2077
1374
786
373
146
119
314
711
1182
1552
1708
1689
1670
1844
2304
2999
3780
4095
4095
4095
3979
3209
2523
2072
1814
1633
1426
1166
928
761
674
686
786
885
903
798
608
424
390
676
1389
2471
3717
4095
4095
4095
4095
4095
4095
3538
2777
2339
2314
2609
2973
3141
2951
2429
1758
1152
751
607
716
1025
1424
1754
1867
1688
1306
959
834
959
1223
1496
1746
1983
2180
2319
2390
2393
2343
2294
2292
2350
2446
2515
2546
2621
2804
3061
3282
3369
3321
3187
3024
2845
2585
2188
1648
1016
414
53
61
404
995
1571
1910
1931
1684
1304
949
785
963
1577
2590
3831
4095
4095
4095
4095
4095
4095
4095
3446
3011
2790
2622
2364
1988
1543
1131
858
731
639
470
189
36
35
34
60
366
793
1195
1490
1660
1698
1634
1575
1671
1969
2360
2645
2652
2328
1778
1245
1039
1378
2285
3565
4095
4095
4095
4095
4095
4095
3367
2220
1102
157
36
34
33
310
816
1241
1450
1439
1308
1194
1165
1207
1263
1327
1485
1848
2417
3048
3530
3706
3516
3059
2532
2142
2028
2212
2633
3193
3787
4095
4095
4095
3863
2993
1960
971
198
35
34
257
806
1377
1795
2004
2060
2104
2211
2334
2364
2188
1781
1229
685
303
196
457
1149
2234
3514
4095
4095
4095
4095
4095
4095
4095
4017
3409
2808
2292
1851
1462
1127
872
754
807
972
1162
1304
1319
1151
785
272
37
36
35
34
112
782
1806
2920
3839
4095
4095
4095
3804
3625
3629
3707
3731
3624
3348
2916
2376
1859
1587
1744
2375
3338
4095
4095
4095
4095
3993
2759
1464
318
38
37
36
36
35
34
34
35
221
684
1386
2255
3103
3714
3974
3898
3656
3456
3465
3744
4095
4095
4095
4095
3621
2366
995
41
37
35
34
34
460
1042
1455
1643
1732
1871
2111
2401
2666
2854
2949
3012
3159
3437
3825
4095
4095
4095
4095
4095
4010
3035
1941
958
241
36
34
117
573
1266
2074
2812
3343
3631
3717
3691
3656
3676
3736
3729
3512
2991
2134
1016
41
38
35
34
153
930
1740
2256
2374
2155
1783
1506
1524
1936
2679
3500
4095
4095
4095
3851
3357
2871
2499
2307
2232
2134
1885
1451
956
553
339
313
347
281
53
36
35
34
34
365
1056
1810
2467
2948
3222
3350
3436
3581
3881
4095
4095
4095
4095
4095
4095
3637
2966
2393
1995
1810
1779
1817
1869
1924
1967
1969
1956
2023
2283
2782
3469
4095
4095
4095
4095
4095
3420
2446
1645
1121
879
810
742
555
248
37
34
37
181
457
716
912
1037
1141
1295
1555
1913
2284
2599
2838
2990
3001
2790
2312
1692
1214
1152
1606
2432
3294
3837
3822
3221
2279
1403
921
938
1348
1895
2310
2421
2237
1944
1763
1798
1993
2174
2182
2005
1766
1617
1668
1936
2394
2946
3420
3697
3781
3774
3778
3817
3813
3639
3261
2772
2288
1867
1512
1160
753
292
37
36
35
34
88
620
1455
2479
3565
4095
4095
4095
4095
4095
3845
3283
2857
2652
2714
3016
3406
3662
3590
3077
2137
923
41
38
35
33
236
896
1583
2176
2671
3052
3256
3208
2903
2417
1846
1285
812
513
508
869
1538
2323
3007
3475
3723
3838
3926
4020
4051
3924
3629
3240
2885
2651
2503
2331
2030
1527
864
164
37
36
36
34
33
76
418
909
1470
2022
2492
2867
3122
3196
3045
2707
2352
2180
2259
2494
2735
2871
2874
2778
2610
2428
2290
2198
2168
2230
2376
2583
2862
3217
3635
4075
4095
4095
4095
3631
2874
2025
1160
382
37
34
103
693
1587
2563
3412
3978
4095
4060
3609
2851
1904
1001
406
257
495
912
1226
1252
1007
687
512
632
1051
1579
1969
2047
1842
1589
1543
1844
2442
3105
3564
3617
3227
2562
1901
1476
1406
1717
2373
3270
4095
4095
4095
4095
4095
3997
3066
2269
1723
1392
1208
1093
958
753
531
383
377
531
782
1051
1338
1704
2162
2634
3039
3349
3562
3666
3630
3464
3264
3120
3074
3140
3291
3442
3481
3284
2757
1924
981
227
35
159
717
1476
2230
2816
3148
3233
3089
2766
2348
1885
1432
1020
617
224
36
34
40
252
655
1045
1262
1287
1204
1162
1328
1752
2385
3129
3799
4095
4095
3655
3013
2407
1975
1787
1886
2261
2810
3368
3767
3873
3631
3115
2496
1973
1726
1827
2154
2457
2546
2398
2082
1663
1196
736
402
338
578
1040
1594
2077
2397
2548
2562
2495
2400
2312
2283
2356
2558
2910
3378
3822
4031
3835
3204
2311
1437
785
440
363
456
654
923
1222
1510
1796
2114
2504
2989
3504
3966
4095
4095
4095
4095
3528
2734
1991
1455
1191
1187
1391
1775
2263
2698
2896
2722
2160
1348
572
155
245
785
1582
2390
3050
3477
3633
3566
3363
3099
2813
2480
2119
1850
1811
2039
2447
2913
3333
3644
3757
3524
2839
1743
483
38
35
32
468
1440
2407
3027
3092
2564
1571
399
38
34
32
657
1797
2884
3517
3528
3011
2245
1573
1291
1514
2126
2826
3273
3310
3032
2697
2507
2479
2526
2582
2651
2764
2917
3019
2936
2587
2030
1458
1068
954
1073
1281
1482
1670
1845
2002
2145
2280
2437
2594
2684
2620
2318
1774
1119
516
109
48
294
866
1598
2332
2946
3388
3714
3991
4095
4095
4095
3669
2906
2026
1276
912
1045
1607
2424
3229
3748
3791
3344
2563
1677
964
649
838
1445
2252
3017
3523
3614
3235
2459
1460
472
38
36
34
231
986
1943
2837
3463
3751
3751
3619
3469
3306
3060
2659
2142
1696
1542
1778
2327
2969
3455
3615
3362
2775
2022
1321
850
645
636
746
937
1204
1579
2051
2564
3013
3271
3239
2867
2206
1433
781
446
545
1049
1781
2480
2872
2825
2379
1714
1096
754
810
1283
2027
2763
3218
3272
3019
2725
2628
2776
3032
3175
3043
2627
2088
1688
1601
1815
2177
2492
2629
2574
2377
2094
1757
1443
1276
1318
1548
1873
2167
2351
2417
2449
2537
2701
2883
2986
2938
2787
2650
2637
2786
3028
3188
3047
2520
1728
935
443
407
742
1170
1427
1354
918
233
37
35
34
80
760
1725
2668
3380
3728
3720
3477
3159
2898
2746
2690
2699
2792
2982
3223
3379
3362
3208
3037
2915
2768
2452
1865
1044
195
36
34
34
471
1306
2257
3114
3723
4019
4017
3798
3494
3282
3294
3553
3965
4095
4095
4095
4083
3528
2985
2600
2416
2356
2274
2030
1578
938
155
38
38
36
35
34
44
364
771
1111
1280
1231
998
697
494
561
1031
1879
2908
3882
4095
4095
4095
4095
3779
3254
2852
2638
2638
2808
3065
3345
3602
3821
4036
4095
4095
4095
3869
3162
2259
1372
749
555
791
1300
1804
2019
1796
1168
364
37
34
64
598
1319
1969
2456
2768
2945
3020
2960
2730
2328
1808
1328
1053
1115
1545
2270
3166
4049
4095
4095
4095
4095
3388
2569
1939
1613
1576
1666
1708
1595
1337
1041
831
827
1099
1622
2269
2812
2992
2704
2021
1108
168
38
36
35
32
348
1373
2672
3900
4095
4095
4095
3680
2705
2031
1857
2156
2724
3293
3639
3600
3139
2352
1482
801
453
483
840
1375
1945
2473
2940
3326
3604
3720
3630
3339
2907
2428
1985
1672
1547
1627
1907
2279
2549
2512
2068
1251
239
38
37
33
75
942
2123
3249
4086
4095
4095
4095
4095
3933
3720
3486
3163
2749
2352
2129
2197
2566
3129
3685
3975
3740
2878
1485
47
41
40
37
35
32
264
991
1687
2161
2400
2502
2614
2876
3336
3917
4095
4095
4095
4095
4095
3732
3039
2442
2029
1763
1579
1459
1480
1738
2265
2921
3492
3803
3749
3287
2471
1482
620
139
114
458
1042
1666
2135
2302
2154
1826
1489
1234
1082
1018
1000
1008
1067
1250
1657
2353
3289
4095
4095
4095
4095
3589
2376
1419
1037
1276
1908
2605
3111
3327
3243
2867
2273
1625
1077
737
660
846
1250
1731
2064
2085
1817
1446
1165
1068
1133
1274
1404
1426
1324
1154
1030
1077
1319
1657
1958
2131
2132
2016
1880
1791
1777
1827
1947
2154
2424
2712
2992
3306
3724
4095
4095
4095
4095
4095
4095
4095
3617
3048
2374
1655
1069
802
955
1495
2269
3047
3586
3689
3301
2498
1426
284
39
37
35
33
77
423
851
1310
1795
2257
2588
2682
2497
2078
1560
1178
1192
1745
2750
3925
4095
4095
4095
4095
4083
3070
2070
1284
874
875
1169
1569
1873
1942
1801
1584
1384
1238
1136
1090
1204
1590
2241
3015
3725
4095
4095
4095
4095
4095
4095
3935
3576
3164
2771
2469
2204
1840
1240
352
40
40
38
37
34
32
396
1532
2873
4042
4095
4095
4095
4095
3993
3443
2813
2149
1558
1204
1211
1590
2182
2668
2731
2223
1290
331
35
33
395
1068
1688
2012
1944
1543
986
558
506
939
1842
3061
4095
4095
4095
4095
4095
4095
4095
4018
3222
2304
1365
552
40
35
34
184
714
1428
2154
2709
2945
2842
2541
2261
2139
2150
2147
1981
1614
1126
667
420
516
937
1563
2242
2860
3375
3839
4095
4095
4095
4095
4095
4095
4095
4095
3621
2551
1502
526
39
38
37
36
35
34
40
272
686
1221
1817
2337
2618
2630
2528
2543
2829
3393
4095
4095
4095
4095
4095
3548
2463
1628
1216
1195
1431
1768
2070
2208
2103
1811
1470
1181
967
780
529
218
36
36
36
36
35
35
33
430
1312
2407
3446
4095
4095
4095
4095
4095
4095
3696
3233
2827
2560
2498
2678
3085
3612
4066
4095
3960
3339
2486
1569
810
430
568
1154
1910
2541
2910
3067
3157
3279
3405
3389
3120
2572
1831
1072
426
39
34
50
454
1168
1916
2467
2749
2851
2887
2872
2774
2605
2432
2342
2373
2498
2641
2697
2621
2422
2170
1956
1838
1820
1869
1951
2017
2008
1853
1564
1288
1205
1413
1887
2462
2897
3031
2833
2381
1880
1593
1678
2088
2611
3027
3232
3206
2949
2523
2063
1739
1679
1875
2203
2547
2799
2904
2865
2690
2377
1922
1313
597
38
36
36
540
1396
2247
2882
3258
3457
3547
3556
3484
3284
2952
2547
2197
2058
2189
2479
2756
2874
2783
2565
2336
2150
2025
2002
2102
2259
2313
2139
1760
1311
953
781
745
735
665
562
574
860
1484
2382
3385
4095
4095
4095
4095
4095
3470
2293
1184
289
37
35
34
52
439
1069
1775
2407
2828
2981
2942
2841
2779
2821
2989
3237
3426
3443
3232
2846
2417
2032
1766
1707
1916
2399
3059
3669
3983
3844
3208
2177
989
43
36
35
34
143
887
1996
3259
4095
4095
4095
4095
4095
3166
2082
1162
532
284
428
885
1535
2192
2652
2810
2657
2284
1845
1426
1050
700
372
107
48
268
942
1960
3050
3935
4095
4095
4095
4095
3881
3580
3265
2925
2593
2376
2371
2598
2997
3446
3794
3861
3485
2645
1488
274
38
36
34
36
328
676
857
822
669
546
548
742
1156
1791
2600
3454
4095
4095
4095
4095
3477
2644
1864
1346
1215
1453
1931
2494
2978
3232
3175
2828
2294
1772
1455
1458
1815
2416
3053
3554
3838
3890
3742
3441
3039
2647
2388
2290
2276
2217
2016
1728
1486
1366
1377
1493
1626
1688
1615
1347
869
252
37
36
36
34
41
562
1377
2216
2936
3538
4077
4095
4095
4095
4095
3759
3033
2597
2644
3120
3773
4095
4095
4095
3538
2792
2126
1697
1522
1453
1261
778
77
37
34
32
458
1196
1811
2090
2010
1710
1453
1433
1730
2323
3097
3897
4095
4095
4095
4095
3360
2578
2111
2068
2379
2845
3175
3084
2428
1332
184
37
33
72
567
1015
1115
833
370
50
96
638
1557
2521
3232
3573
3591
3433
3250
3093
2979
2873
2674
2327
1864
1391
1041
950
1170
1654
2280
2879
3306
3500
3537
3511
3493
3527
3604
3692
3739
3677
3438
3008
2511
2110
1898
1821
1756
1578
1191
586
40
37
37
34
33
266
1321
2619
3761
4095
4095
4095
4095
4095
4095
3525
2860
2342
2038
1911
1812
1619
1327
1049
936
1047
1340
1741
2125
2373
2398
2193
1870
1617
1597
1817
2107
2270
2185
1832
1357
943
739
803
1057
1339
1500
1482
1370
1303
1352
1518
1796
2176
2646
3170
3633
3969
4095
4095
4095
4095
3998
3711
3467
3347
3325
3312
3200
2872
2333
1739
1316
1176
1273
1484
1705
1872
1914
1734
1285
685
214
109
416
1036
1773
2485
3035
3317
3308
3065
2715
2423
2258
2173
2118
2090
2068
2001
1894
1826
1901
2144
2454
2688
2745
2656
2482
2282
2103
1942
1803
1706
1638
1602
1652
1817
2029
2134
1996
1628
1149
675
277
58
94
491
1267
2274
3263
4012
4095
4095
4095
4063
3727
3403
3095
2788
2512
2293
2141
2054
2016
1960
1777
1371
724
42
36
35
33
245
991
1880
2687
3295
3651
3769
3749
3712
3749
3845
3894
3770
3356
2629
1746
996
661
841
1368
1923
2240
2257
2063
1830
1762
1979
2438
2937
3267
3340
3218
3073
3052
3194
3402
3521
3396
2908
2100
1180
365
37
35
34
71
513
1243
2112
2919
3490
3717
3583
3158
2535
1892
1465
1430
1827
2536
3290
3766
3777
3359
2670
1896
1212
727
501
592
957
1469
2011
2486
2854
3128
3282
3259
3011
2557
1994
1466
1095
940
1037
1352
1768
2146
2364
2368
2221
1999
1736
1489
1355
1388
1557
1815
2135
2455
2677
2691
2461
2080
1728
1570
1674
2006
2483
3024
3505
3797
3831
3618
3236
2793
2418
2179
2097
2174
2307
2338
2190
1917
1630
1387
1191
1015
825
660
625
820
1261
1829
2362
2713
2782
2582
2202
1760
1426
1354
1632
2262
3098
3871
4095
4095
3783
3122
2536
2248
2304
2564
2801
2809
2499
1926
1283
798
573
589
737
903
1022
1085
1176
1456
2060
3006
4093
4095
4095
4095
4095
3812
3157
2634
2283
2125
2116
2167
2172
2068
1918
1828
1872
1997
2036
1814
1270
552
38
36
36
35
35
335
940
1634
2271
2791
3159
3309
3238
3038
2865
2863
3019
3152
3051
2650
2077
1528
1162
1033
1055
1091
1021
820
614
632
1038
1797
2709
3558
4095
4095
4095
3786
2960
2182
1742
1779
2255
2968
3668
4095
4095
3756
2865
1769
800
257
271
733
1341
1788
1902
1711
1431
1255
1229
1337
1565
1896
2268
2580
2713
2572
2168
1644
1226
1108
1342
1803
2301
2658
2748
2592
2342
2197
2265
2511
2810
3065
3262
3431
3560
3603
3537
3348
3062
2725
2379
2043
1688
1326
1034
923
1094
1555
2153
2646
2802
2531
1940
1276
804
657
828
1243
1791
2324
2679
2751
2574
2243
1851
1447
1044
692
498
592
1000
1629
2291
2742
2848
2658
2368
2157
2074
2048
2019
2046
2236
2615
3049
3339
3383
3195
2900
2644
2480
2368
2262
2127
1969
1877
1892
1951
1935
1734
1333
821
330
40
34
128
711
1722
2964
4095
4095
4095
4095
4095
4095
4095
4095
3700
3302
2907
2469
1951
1349
747
253
36
35
34
195
673
1342
2054
2639
2972
2962
2610
2017
1368
879
697
808
1098
1417
1699
1945
2157
2378
2644
2968
3371
3808
4095
4095
4095
4095
4095
3969
3555
3171
2899
2776
2734
2611
2283
1698
872
42
40
39
38
35
34
114
845
1762
2591
3160
3353
3164
2683
2103
1647
1493
1696
2145
2671
3129
3429
3557
3491
3208
2725
2134
1630
1440
1641
2150
2820
3528
4095
4095
4095
4095
4095
4095
4075
3555
2968
2258
1395
412
38
37
36
34
33
122
418
693
912
1082
1187
1236
1288
1465
1891
2611
3515
4095
4095
4095
4095
4095
4095
4063
3697
3309
2917
2517
2059
1527
955
434
122
91
292
677
1109
1432
1576
1587
1530
1440
1360
1371
1553
1897
2260
2481
2475
2279
2012
1761
1609
1672
2032
2686
3447
4006
4095
3708
2966
2201
1669
1505
1729
2215
2727
3058
3144
3039
2831
2584
2359
2160
1932
1578
1049
403
37
35
34
313
1089
2114
3190
4069
4095
4095
3611
2697
1833
1251
1049
1222
1716
2408
3085
3517
3591
3331
2883
2470
2219
2102
2008
1843
1590
1269
948
725
680
817
1097
1479
1903
2260
2469
2534
2535
2590
2810
3185
3609
3950
4095
4020
3741
3361
3012
2835
2904
3194
3576
3885
3980
3745
3150
2263
1241
281
38
35
34
34
270
689
1076
1349
1539
1729
2000
2366
2757
3080
3224
3113
2719
2056
1263
601
314
522
1161
1982
2682
3084
3152
2923
2445
1774
1043
476
304
637
1420
2456
3486
4095
4095
4095
3830
2865
1768
701
39
36
34
33
256
832
1375
1737
1919
2024
2170
2384
2608
2760
2848
2981
3263
3703
4095
4095
4095
3965
3485
3153
3112
3378
3804
4095
4095
3897
3350
2702
2133
1685
1320
1020
833
777
807
830
761
622
514
498
577
693
797
903
1063
1358
1890
2690
3651
4095
4095
4095
4095
4095
3388
2479
1816
1542
1700
2219
2921
3600
4068
4095
3836
3152
2260
1288
334
39
39
38
35
33
255
1269
2458
3415
3882
3771
3141
2211
1273
591
320
413
691
1004
1266
1435
1517
1573
1718
2024
2448
2883
3209
3319
3187
2908
2678
2640
2808
3067
3272
3323
3172
2837
2435
2152
2123
2385
2889
3494
3994
4095
3914
3270
2405
1546
875
499
422
600
988
1536
2176
2767
3118
3131
2857
2454
2060
1702
1350
953
526
194
135
418
965
1606
2151
2438
2455
2320
2142
1977
1840
1758
1762
1830
1923
2019
2126
2288
2575
3005
3505
3943
4095
4095
4095
4095
4095
4095
4095
3895
3360
2598
1721
817
43
38
36
36
35
34
51
546
1344
2250
3074
3662
3894
3680
3033
2133
1297
821
898
1530
2541
3655
4095
4095
4095
3942
2777
1500
375
37
34
67
617
1369
2117
2745
3184
3380
3273
2904
2401
1934
1699
1809
2227
2791
3272
3441
3194
2618
1970
1480
1231
1205
1310
1420
1492
1593
1837
2311
2976
3657
4095
4095
4095
3769
3186
2521
1882
1324
858
503
285
225
339
599
950
1347
1807
2351
2900
3282
3315
2921
2208
1416
764
382
315
578
1180
2045
2970
3698
4074
4095
4075
4084
4095
4095
4095
4095
3927
3370
2730
2053
1417
926
638
527
532
621
746
836
816
679
556
628
1001
1629
2334
2912
3277
3428
3382
3136
2721
2250
1849
1568
1411
1354
1377
1518
1816
2246
2686
2986
3008
2667
2011
1247
671
525
864
1508
2197
2694
2830
2558
1967
1298
884
979
1608
2601
3700
4095
4095
4095
4095
4095
4095
3004
1710
535
37
34
37
286
556
612
390
40
36
35
32
544
1606
2927
4095
4095
4095
4095
4095
4095
4095
4095
4095
3948
3257
2260
1023
42
38
36
34
50
574
1187
1657
1895
1920
1820
1696
1628
1605
1571
1539
1619
1937
2554
3404
4095
4095
4095
4095
3290
2254
1508
1200
1236
1434
1617
1694
1713
1726
1775
1886
2063
2310
2570
2763
2836
2742
2477
2091
1685
1389
1335
1525
1859
2180
2319
2241
2068
1984
2115
2472
2923
3276
3386
3211
2871
2547
2336
2176
1928
1493
925
435
214
329
753
1411
2206
3041
3779
4095
4095
3720
2883
2048
1526
1495
1898
2463
2903
3058
2887
2420
1764
1060
454
111
99
363
862
1499
2132
2564
2651
2400
2013
1765
1797
2054
2398
2691
2818
2752
2524
2177
1810
1526
1323
1158
993
846
818
1005
1432
2082
2875
3653
4095
4095
3874
3074
2106
1289
870
984
1597
2505
3432
4095
4095
4095
3917
3277
2624
2144
1912
1874
1920
1947
1943
1996
2158
2369
2535
2599
2553
2420
2183
1811
1300
713
212
37
77
376
876
1528
2306
3128
3851
4095
4095
3901
3080
2129
1408
1157
1408
2011
2702
3231
3440
3305
2915
2492
2250
2260
2436
2587
2520
2162
1583
924
301
36
36
35
36
36
34
153
747
1546
2363
3099
3702
4095
4095
4095
4095
4095
4095
4095
4051
3512
2784
1959
1231
808
779
1082
1563
2028
2316
2373
2257
2082
1933
1837
1756
1639
1458
1205
901
634
558
780
1262
1799
2126
2057
1582
869
209
34
187
982
2243
3650
4095
4095
4095
4095
4095
3337
2126
1079
435
364
896
1842
2846
3564
3790
3489
2775
1842
913
197
36
101
581
1308
2149
3022
3901
4095
4095
4095
4095
4095
4095
3109
1965
1015
365
52
35
36
39
61
151
372
762
1292
1886
2433
2788
2904
2822
2649
2503
2472
2627
2983
3448
3877
4095
4095
4060
3605
2908
2113
1361
727
204
36
35
35
316
921
1563
2001
2150
2086
1919
1734
1614
1642
1828
2139
2530
2925
3252
3497
3655
3686
3503
3029
2289
1500
963
898
1288
1905
2453
2734
2736
2578
2366
2147
1906
1572
1089
452
38
37
35
33
300
1332
2628
3819
4095
4095
4095
4095
3917
3521
3253
3021
2720
2313
1829
1381
1099
1026
1160
1428
1702
1909
2037
2081
2103
2221
2532
3019
3517
3787
3705
3325
2845
2531
2552
2887
3311
3522
3287
2616
1779
1096
767
854
1298
1910
2460
2751
2676
2242
1635
1142
1001
1300
1942
2667
3204
3408
3257
2853
2388
1988
1649
1345
1065
806
604
492
480
598
842
1127
1394
1653
1912
2196
2533
2862
3074
3115
2964
2620
2120
1547
1052
800
881
1273
1831
2374
2765
2945
2930
2812
2705
2720
2868
3064
3239
3371
3479
3528
3396
2962
2216
1335
606
236
288
728
1434
2196
2737
2836
2429
1699
1010
652
720
1157
1791
2432
2971
3375
3682
3902
3967
3811
3415
2802
2062
1348
804
513
522
801
1256
1817
2430
3006
3402
3513
3301
2799
2160
1617
1371
1529
2090
2923
3811
4095
4095
4061
2913
1481
215
36
35
34
215
643
1116
1512
1784
1987
2237
2649
3242
3922
4095
4095
4095
4095
3496
2580
1826
1332
1062
914
798
619
356
111
44
144
534
1073
1537
1784
1814
1680
1495
1355
1278
1251
1240
1227
1294
1602
2254
3168
4076
4095
4095
4095
4095
3753
3325
3023
2822
2656
2475
2284
2121
2018
1980
1980
1924
1728
1396
1009
644
361
173
79
75
239
723
1546
2601
3712
4095
4095
4095
4095
4095
4095
4095
3547
2603
1561
506
39
37
36
34
33
172
648
1211
1744
2213
2613
2965
3292
3577
3762
3771
3572
3204
2758
2392
2244
2382
2831
3526
4095
4095
4095
4095
4095
3210
1767
449
38
36
35
34
54
392
858
1342
1761
2041
2140
2084
1963
1924
2027
2216
2388
2483
2496
2469
2469
2548
2770
3152
3605
3993
4095
4095
3659
2818
1741
704
45
34
209
739
1326
1771
1930
1735
1201
455
38
37
35
33
89
565
1165
1702
2113
2491
3019
3814
4095
4095
4095
4095
4095
4095
4095
4095
4095
3458
2805
2325
2094
2091
2148
2069
1729
1121
343
38
37
36
35
33
210
908
1655
2172
2285
2027
1609
1249
1056
1067
1302
1737
2297
2848
3251
3467
3517
3458
3367
3259
3100
2879
2587
2192
1705
1228
940
969
1325
1935
2672
3392
3918
4087
3820
3140
2209
1240
393
37
35
34
202
655
1079
1329
1408
1482
1757
2363
3294
4095
4095
4095
4095
4095
4095
3726
2699
1835
1331
1267
1609
2152
2569
2587
2103
1250
344
37
33
185
852
1639
2275
2567
2507
2228
1938
1865
2136
2714
3405
3896
3916
3367
2378
1306
574
468
982
1821
2578
2957
2880
2518
2103
1831
1801
1962
2202
2411
2509
2455
2231
1909
1631
1495
1548
1780
2116
2460
2700
2726
2488
2035
1486
959
531
256
212
469
991
1623
2171
2486
2482
2161
1631
1106
792
774
990
1282
1512
1626
1630
1580
1549
1617
1882
2386
3044
3725
4095
4095
4095
4095
4095
4095
4095
3788
3276
2739
2300
2062
2092
2322
2568
2633
2412
1970
1505
1198
1141
1298
1508
1603
1529
1350
1211
1288
1634
2194
2866
3500
3898
3894
3417
2536
1465
518
37
35
405
1240
2266
3212
3795
3834
3324
2405
1298
283
36
35
34
96
439
912
1430
1903
2222
2364
2434
2585
2884
3235
3439
3361
2987
2443
1926
1601
1582
1852
2252
2573
2679
2561
2314
2069
1888
1778
1700
1658
1682
1788
2004
2361
2855
3429
3964
4095
4095
4070
3503
2740
1878
1072
460
129
85
188
318
357
274
180
264
636
1302
2196
3162
4052
4095
4095
4095
3819
2892
2071
1587
1573
2028
2827
3695
4095
4095
3540
2427
1181
97
37
34
33
177
748
1440
2052
2443
2579
2530
2431
2399
2472
2615
2784
2967
3167
3406
3650
3829
3858
3633
3105
2305
1358
505
40
37
389
1117
1951
2632
2941
2789
2286
1674
1222
1152
1532
2234
3002
3569
3762
3592
3215
2850
2600
2397
2105
1673
1202
830
614
573
726
1042
1438
1830
2157
2401
2592
2772
2946
3054
3014
2801
2468
2088
1725
1412
1118
804
456
145
57
272
840
1554
2210
2707
3018
3161
3168
3074
2983
2998
3142
3344
3479
3451
3281
3062
2851
2648
2421
2165
1935
1815
1860
2049
2286
2439
2411
2157
1656
927
77
38
37
35
33
98
870
1986
3192
4095
4095
4095
4095
4095
4095
4095
3787
3075
2256
1495
981
843
1020
1286
1433
1395
1209
959
733
598
650
946
1403
1815
1965
1788
1408
1047
903
1016
1302
1626
1924
2242
2637
3129
3689
4095
4095
4095
4095
4095
4095
4048
3718
3502
3449
3509
3571
3528
3303
2849
2168
1374
616
44
36
36
36
36
35
32
281
945
1804
2636
3197
3378
3242
2987
2837
2906
3178
3484
3586
3322
2664
1696
603
40
38
36
35
32
588
1842
3335
4095
4095
4095
4095
4095
3726
3071
2568
2147
1710
1213
693
303
254
689
1588
2718
3747
4095
4095
4095
3954
3368
2833
2436
2143
1902
1724
1642
1639
1691
1785
1897
2021
2091
2001
1723
1392
1210
1323
1691
2080
2214
1942
1308
582
130
218
889
1936
2924
3487
3487
3020
2345
1746
1383
1280
1382
1582
1758
1869
1960
2120
2443
2920
3413
3745
3740
3298
2468
1501
788
664
1244
2366
3623
4095
4095
4095
3638
2616
1769
1203
884
700
520
318
141
79
217
623
1242
1945
2528
2837
2881
2781
2707
2711
2684
2459
1923
1112
237
37
35
33
226
866
1592
2170
2506
2680
2811
2948
3055
3112
3138
3202
3393
3733
4095
4095
4095
4095
4095
4095
3626
2653
1485
238
40
38
36
34
109
1051
2275
3325
3911
3980
3636
3033
2313
1590
1027
757
808
1130
1636
2253
2893
3454
3874
4090
4088
3934
3706
3439
3100
2661
2148
1630
1244
1054
1046
1134
1159
989
603
130
36
34
223
968
2045
3193
4071
4095
4095
3618
2854
2280
2102
2351
2898
3521
3937
3885
3249
2150
942
58
34
81
644
1406
2042
2323
2211
1860
1515
1379
1475
1687
1882
1927
1760
1403
962
574
302
142
86
128
297
578
893
1214
1616
2186
2929
3757
4095
4095
4095
4095
4095
3698
2876
2170
1678
1434
1452
1755
2324
3011
3614
3993
4095
3951
3511
2830
2019
1249
694
410
338
430
682
1075
1554
2058
2510
2850
3020
3011
2890
2733
2600
2535
2543
2572
2524
2285
1774
1031
262
36
34
107
716
1670
2731
3614
4079
4045
3578
2914
2360
2146
2327
2752
3187
3452
3485
3309
2976
2527
2034
1577
1243
1107
1133
1183
1098
778
269
37
35
33
391
1262
2332
3381
4095
4095
4095
4095
3979
3071
2187
1551
1251
1238
1423
1732
2118
2492
2699
2585
2088
1290
450
36
66
670
1638
2555
3135
3334
3264
3099
3005
3045
3198
3405
3588
3690
3700
3637
3491
3192
2667
1949
1133
361
37
36
36
35
34
35
357
976
1677
2310
2805
3120
3254
3240
3122
2993
2904
2831
2735
2576
2300
1894
1417
1007
854
1086
1712
2609
3530
4095
4095
4095
3906
3124
2318
1679
1267
1027
902
920
1152
1573
2031
2364
2465
2287
1911
1538
1378
1519
1842
2116
2176
2017
1770
1593
1544
1652
1951
2446
3067
3670
4077
4095
3900
3437
2928
2571
2503
2707
2982
3096
2900
2395
1706
972
315
36
36
34
34
104
414
871
1377
1865
2283
2612
2857
3054
3237
3469
3793
4095
4095
4095
4095
4095
3561
2753
1875
1098
626
592
951
1486
1919
2072
1962
1733
1562
1593
1875
2355
2842
3082
2925
2418
1762
1224
1022
1237
1800
2527
3176
3502
3343
2679
1615
341
40
38
35
33
189
1212
2411
3386
3925
4031
3810
3370
2789
2124
1485
1036
925
1243
1907
2690
3313
3550
3319
2720
1954
1244
757
588
780
1321
2112
2974
3729
4095
4095
4095
3967
3398
2747
2170
1786
1609
1584
1672
1848
2106
2483
2917
3290
3482
3390
2994
2403
1780
1312
1124
1234
1562
1954
2284
2536
2772
3070
3411
3696
3838
3797
3561
3164
2698
2269
1919
1600
1212
728
252
36
35
42
208
495
717
718
419
37
36
35
33
100
662
1507
2525
3543
4095
4095
4095
4095
4095
4095
4018
3695
3218
2640
2143
1890
1939
2200
2436
2432
2113
1547
881
321
71
208
760
1529
2236
2658
2728
2519
2173
1804
1489
1274
1184
1212
1336
1575
1957
2449
2972
3449
3881
4095
4095
4095
4095
4095
4095
4095
4095
4095
4075
3141
2110
1045
65
38
36
36
35
34
103
689
1434
2071
2405
2323
1827
1030
200
35
33
544
1637
2947
4095
4095
4095
4095
3807
2651
1670
1159
1227
1789
2557
3125
3151
2504
1346
108
37
33
229
1186
2193
2753
2632
1897
866
42
35
77
904
2108
3221
3870
3953
3684
3425
3476
3880
4095
4095
4095
4095
4095
3501
2719
1833
1002
456
360
681
1181
1553
1582
1293
917
691
710
921
1168
1302
1271
1157
1115
1279
1732
2443
3272
4036
4095
4095
4095
4095
4095
4001
3326
2606
1912
1257
640
133
35
151
730
1546
2318
2838
3025
2942
2739
2562
2508
2595
2756
2856
2762
2428
1907
1353
893
560
331
161
58
61
229
608
1061
1375
1380
1029
435
37
36
33
244
1047
2089
3159
4095
4095
4095
4095
4095
4095
4095
4095
4095
3716
2999
2252
1509
829
299
43
44
219
583
992
1316
1520
1688
1950
2406
3053
3765
4095
4095
4095
3334
2280
1249
565
438
853
1559
2237
2681
2854
2789
2514
2098
1674
1375
1281
1361
1479
1558
1623
1727
1919
2258
2753
3361
3982
4095
4095
4095
3597
2564
1421
480
50
168
779
1572
2211
2495
2341
1802
1060
400
56
56
293
751
1352
2053
2739
3213
3341
3165
2867
2635
2525
2445
2308
2062
1689
1259
876
611
520
648
1004
1527
2126
2702
3127
3292
3187
2906
2607
2430
2470
2735
3189
3720
4095
4095
4095
3626
2826
2004
1377
1026
891
866
844
766
691
728
968
1422
2018
2683
3348
3924
4095
4095
4095
3676
3119
2553
2105
1885
1884
1951
1876
1525
966
454
229
375
838
1493
2153
2606
2690
2355
1715
1015
464
202
325
848
1674
2654
3630
4095
4095
4095
4095
4095
3272
2336
1652
1414
1641
2185
2777
3121
2992
2353
1415
525
41
57
514
1278
2088
2760
3237
3545
3693
3649
3378
2872
2236
1649
1239
1068
1142
1384
1692
1990
2165
2077
1636
868
43
38
36
34
34
165
610
1047
1437
1885
2534
3407
4095
4095
4095
4095
4095
4095
4095
4095
3746
2917
2163
1632
1398
1464
1714
1985
2128
2056
1785
1432
1139
1004
1021
1103
1189
1281
1401
1565
1791
2092
2454
2776
2876
2663
2228
1790
1507
1372
1252
1015
628
196
36
34
204
739
1472
2250
2943
3518
3984
4095
4095
4095
3782
3384
2983
2540
2017
1508
1219
1322
1866
2738
3669
4095
4095
4047
3028
1695
425
37
33
300
1206
2254
3084
3481
3426
3001
2380
1744
1196
780
498
382
469
748
1184
1715
2267
2775
3170
3400
3436
3308
3057
2702
2259
1791
1420
1269
1361
1682
2217
2938
3789
4095
4095
4095
4095
4095
4095
3555
2759
2214
1959
1913
1922
1785
1320
449
41
40
39
38
36
33
32
352
1033
1692
2221
2612
2916
3177
3442
3756
4095
4095
4095
4095
4095
4095
4095
3731
2323
911
40
36
34
33
406
1185
2104
2922
3380
3322
2754
1881
1065
616
642
1090
1827
2709
3610
4095
4095
4095
4095
4057
3378
2868
2627
2566
2487
2252
1803
1165
458
37
36
34
35
218
535
839
1105
1347
1558
1755
2013
2403
2960
3638
4095
4095
4095
4095
3374
2349
1535
1227
1531
2344
3376
4095
4095
4095
3207
1905
764
157
224
855
1713
2379
2578
2287
1661
923
279
36
34
150
651
1228
1659
1856
1888
1941
2159
2531
2881
2988
2699
2043
1234
588
402
771
1562
2483
3267
3787
4020
4025
3924
3798
3672
3547
3362
3073
2675
2158
1557
943
404
89
137
614
1466
2459
3255
3619
3539
3138
2618
2204
2026
2075
2204
2239
2089
1780
1391
1051
873
927
1206
1563
1808
1858
1785
1767
1969
2391
2857
3151
3152
2866
2424
2003
1784
1895
2305
2854
3330
3551
3452
3094
2649
2281
2081
2039
2054
1995
1761
1367
909
470
123
36
44
203
519
847
1112
1333
1593
1963
2460
3074
3728
4095
4095
4095
4095
4095
4095
3497
2661
1864
1230
828
648
667
841
1117
1461
1802
2037
2109
2016
1784
1517
1369
1425
1685
2058
2371
2523
2491
2283
1957
1631
1431
1456
1784
2405
3208
3964
4095
4095
3736
2898
2030
1374
1084
1200
1638
2212
2724
3013
3011
2741
2280
1722
1131
580
164
37
49
190
404
616
833
1093
1405
1703
1888
1898
1755
1602
1597
1792
2145
2552
2949
3327
3694
4084
4095
4095
4095
4095
4095
3508
2348
1212
334
36
76
581
1377
2192
2798
3111
3187
3119
2945
2674
2345
2033
1796
1696
1797
2091
2476
2848
3152
3380
3520
3540
3430
3181
2781
2258
1657
1046
520
146
41
149
606
1376
2347
3310
3993
4095
3684
2780
1710
756
112
34
90
527
1128
1685
2094
2312
2356
2253
2063
1903
1902
2099
2372
2495
2291
1784
1210
863
944
1469
2239
2905
3188
2982
2376
1643
1079
861
1043
1510
2081
2611
3035
3352
3538
3512
3225
2702
2014
1335
888
801
1080
1635
2290
2826
3099
3097
2865
2446
1879
1199
496
39
33
258
926
1756
2515
3084
3485
3757
3875
3801
3511
3024
2479
2102
2057
2393
3050
3863
4095
4095
4095
4095
3876
2800
1778
1010
620
578
752
986
1107
979
604
97
36
35
34
185
958
1989
2952
3638
3982
4037
3874
3536
3115
2747
2531
2436
2316
2058
1712
1450
1433
1661
1997
2295
2469
2444
2154
1592
890
315
100
270
688
1176
1623
1970
2163
2224
2262
2413
2758
3232
3665
3884
3741
3186
2302
1344
617
297
406
805
1269
1617
1793
1826
1820
1888
2066
2355
2737
3140
3494
3783
4017
4095
4095
3930
3548
3096
2645
2202
1803
1555
1571
1875
2316
2613
2519
1946
997
47
36
33
121
866
1797
2621
3236
3632
3796
3733
3479
3062
2520
1941
1426
1048
860
864
1028
1337
1820
2488
3294
4095
4095
4095
4095
4095
3973
3044
2004
915
41
37
35
32
379
1406
2586
3524
3899
3601
2806
1889
1231
1052
1311
1766
2096
2037
1489
616
39
36
33
424
1200
1996
2627
2979
2971
2599
1989
1355
891
681
751
1129
1803
2649
3456
4006
4095
4031
3695
3323
3084
3091
3366
3815
4095
4095
3874
3132
2269
1552
1131
995
1066
1188
1174
912
428
38
35
33
178
762
1492
2127
2522
2715
2866
3133
3510
3826
3934
3846
3661
3499
3386
3293
3228
3232
3299
3332
3217
2930
2540
2150
1796
1459
1149
879
664
495
328
152
44
42
165
510
987
1503
1924
2162
2246
2224
2094
1821
1388
846
333
48
56
351
965
1743
2541
3243
3783
4095
4095
4095
4095
4095
4095
4095
4095
3987
3252
2587
2049
1608
1268
1095
1160
1423
1707
1790
1524
932
235
36
33
376
1285
2362
3284
3784
3749
3283
2665
2177
1967
2054
2357
2770
3215
3634
3973
4095
3927
3302
2274
1038
42
38
36
33
107
789
1650
2422
2964
3237
3270
3101
2834
2617
2541
2632
2866
3130
3275
3220
2949
2469
1858
1232
702
392
370
647
1197
1895
2511
2817
2692
2228
1696
1372
1396
1753
2325
2925
3367
3530
3396
3042
2626
2282
2085
2042
2113
2209
2206
2038
1727
1397
1242
1357
1695
2112
2448
2587
2470
2166
1871
1800
2035
2502
3052
3539
3871
3999
3870
3434
2753
1993
1355
946
725
608
521
450
463
586
794
1062
1330
1551
1742
1915
2060
2145
2139
2060
1967
1926
1965
2112
2356
2683
3069
3418
3604
3539
3204
2658
1973
1253
608
106
35
34
66
446
1155
2101
3095
3888
4095
4061
3367
2422
1552
989
880
1269
2034
2970
3853
4095
4095
4095
4095
4073
3374
2549
1738
1151
972
1282
1997
2877
3596
3926
3811
3355
2710
1999
1346
822
420
77
36
37
37
36
34
74
658
1407
2074
2499
2688
2794
3004
3448
4095
4095
4095
4095
4095
4095
3183
2092
1236
759
677
937
1385
1801
1981
1850
1486
1056
767
773
1133
1781
2549
3214
3578
3571
3252
2829
2516
2412
2479
2569
2505
2217
1770
1284
848
553
489
667
1006
1394
1698
1808
1743
1615
1516
1487
1495
1463
1342
1140
937
889
1177
1851
2743
3581
4095
4095
4095
4015
3949
4084
4095
4095
4095
4095
3914
3246
2462
1732
1217
997
1084
1405
1848
2301
2651
2761
2486
1764
731
39
37
35
33
200
696
1073
1141
953
764
855
1329
2044
2709
3050
2963
2552
2014
1602
1508
1805
2410
3100
3679
4063
4095
4095
3838
3342
2871
2605
2610
2796
2961
2975
2839
2595
2270
1922
1625
1408
1227
996
669
333
145
207
578
1250
2139
3066
3788
4095
3933
3396
2773
2352
2317
2636
3070
3366
3394
3189
2849
2420
1883
1234
535
38
35
34
134
654
1363
2055
2519
2599
2270
1695
1183
1042
1429
2246
3217
4033
4095
4095
3769
3125
2648
2529
2726
3033
3247
3200
2838
2233
1512
850
388
161
164
364
682
971
1078
954
668
355
197
351
841
1566
2337
2907
3163
3173
3065
2916
2741
2570
2504
2600
2798
2977
3074
3125
3213
3348
3416
3331
3117
2817
2451
2001
1474
935
513
359
550
1064
1786
2519
3057
3295
3289
3166
3028
2899
2754
2594
2406
2191
1985
1811
1705
1664
1602
1471
1351
1382
1684
2220
2819
3287
3453
3269
2845
2377
2079
2081
2373
2813
3206
3350
3107
2463
1546
632
49
34
97
449
842
1105
1159
975
614
243
92
258
739
1440
2228
2931
3369
3409
3069
2506
1900
1391
1086
1060
1329
1871
2602
3358
3972
4095
4095
4095
3874
3663
3542
3433
3196
2780
2230
1627
1113
861
995
1532
2332
3107
3566
3555
3099
2396
1727
1339
1362
1710
2102
2226
1899
1158
239
37
35
33
383
1289
2368
3353
4045
4095
4095
4095
4083
3678
3149
2568
2023
1559
1172
885
783
943
1346
1850
2280
2530
2575
2452
2181
1786
1342
969
819
1032
1638
2511
3372
3901
3897
3395
2618
1810
1188
876
864
1073
1362
1567
1611
1574
1634
1912
2407
2995
3445
3587
3326
2707
1895
1113
546
290
353
733
1427
2341
3321
4095
4095
4095
4095
4095
4095
4095
3862
3180
2298
1315
356
38
37
36
35
32
490
1507
2605
3388
3631
3391
2895
2412
2112
2022
2114
2289
2392
2295
1991
1654
1530
1788
2402
3133
3667
3828
3548
2851
1847
754
40
36
35
34
235
557
843
1124
1443
1788
2121
2375
2517
2624
2803
3102
3442
3713
3853
3881
3814
3656
3419
3138
2846
2560
2301
2038
1702
1237
658
78
37
36
35
34
35
34
284
910
1718
2545
3244
3759
4095
4095
4095
3877
3508
3228
3145
3246
3403
3461
3368
3181
3001
2902
2920
3092
3425
3839
4095
4095
4095
3824
3191
2388
1503
683
111
35
108
563
1228
1893
2387
2630
2645
2503
2262
1983
1736
1561
1475
1489
1549
1604
1654
1700
1706
1662
1577
1444
1300
1233
1318
1597
2064
2622
3097
3317
3184
2663
1815
830
45
34
33
399
1211
2080
2719
3011
3013
2836
2585
2367
2265
2282
2312
2214
1949
1664
1572
1778
2237
2816
3328
3624
3613
3247
2627
2002
1635
1640
1965
2466
2937
3177
3022
2417
1501
614
116
171
714
1541
2381
2999
3229
3069
2712
2371
2154
2011
1822
1520
1153
873
869
1273
2108
3195
4095
4095
4095
4095
3984
3386
2802
2297
1981
1889
1965
2085
2095
1946
1729
1575
1533
1545
1503
1320
1004
702
616
847
1367
2070
2804
3387
3638
3479
2998
2383
1846
1505
1386
1487
1741
2018
2172
2067
1661
1024
309
37
35
33
443
1381
2448
3328
3871
4075
4061
3999
3974
3946
3837
3569
3104
2514
1991
1738
1862
2289
2754
2963
2772
2275
1663
1107
748
660
811
1130
1553
1993
2324
2408
2160
1649
1089
675
507
556
773
1133
1622
2242
2936
3581
4015
4095
3805
3218
2533
1965
1621
1530
1655
1923
2265
2628
2929
3108
3143
3049
2911
2815
2788
2763
2614
2219
1590
871
264
36
36
128
337
600
889
1213
1556
1834
1962
1895
1646
1301
979
792
870
1337
2233
3418
4095
4095
4095
4095
4095
4095
3889
3155
2572
2228
2160
2366
2769
3207
3447
3337
2846
2070
1183
320
37
35
34
49
405
820
1119
1324
1533
1800
2130
2515
2940
3392
3821
4095
4035
3549
2726
1793
977
402
96
46
94
223
381
524
635
770
1018
1442
2037
2670
3199
3528
3610
3463
3141
2714
2275
1916
1696
1627
1711
1966
2388
2892
3377
3734
3860
3717
3386
3016
2720
2529
2410
2359
2449
2755
3218
3651
3866
3767
3349
2736
2099
1554
1162
955
914
998
1201
1539
2008
2580
3129
3509
3636
3452
2924
2096
1135
283
37
34
34
280
828
1542
2325
3046
3555
3760
3577
2993
2136
1247
608
435
747
1392
2119
2695
3024
3108
2984
2665
2199
1648
1089
607
272
161
300
655
1136
1596
1926
2081
2089
2012
1886
1732
1620
1611
1720
1937
2247
2666
3194
3771
4095
4095
4095
3847
3165
2388
1704
1311
1310
1648
2181
2725
3115
3209
2934
2359
1673
1063
637
396
291
328
538
895
1350
1860
2356
2774
3084
3280
3407
3569
3838
4095
4095
4095
4095
4095
4095
4095
4095
3914
2892
1608
260
39
36
33
154
926
1664
1956
1668
938
88
36
35
34
154
656
1230
1765
2269
2799
3361
3838
4049
3883
3408
2855
2484
2472
2830
3429
4076
4095
4095
4095
4085
3226
2208
1219
467
80
49
134
230
216
86
33
35
35
33
112
512
1046
1594
2088
2497
2826
3124
3445
3799
4095
4095
4095
3753
2921
1965
1161
670
524
674
1033
1505
2033
2543
2942
3147
3149
3060
3045
3185
3396
3501
3384
3050
2616
2221
1963
1921
2108
2468
2861
3117
3118
2847
2415
1942
1530
1244
1098
1082
1133
1206
1279
1324
1348
1370
1426
1553
1780
2143
2658
3291
3892
4095
4009
3232
2007
661
39
36
33
272
950
1634
2214
2710
3213
3775
4095
4095
4095
4020
3271
2606
2287
2353
2605
2797
2742
2344
1626
788
122
35
96
459
863
1140
1212
1099
929
910
1190
1783
2544
3256
3788
4093
4095
3967
3511
2909
2330
1903
1701
1705
1852
2120
2463
2828
3108
3155
2852
2214
1376
534
37
34
145
781
1612
2343
2751
2740
2403
1980
1684
1579
1605
1686
1831
2105
2501
2868
3016
2882
2580
2325
2311
2602
3114
3633
3883
3683
3061
2258
1534
1026
753
700
809
962
1007
834
502
199
84
171
472
985
1715
2615
3534
4095
4095
4095
4057
3391
2648
2050
1780
1911
2401
3066
3626
3820
3526
2807
1864
976
392
227
481
1101
1960
2839
3499
3763
3542
2930
2142
1416
919
684
638
673
740
907
1278
1866
2565
3180
3492
3358
2818
2095
1481
1194
1333
1870
2688
3587
4095
4095
4095
4095
3825
3401
2985
2519
2012
1546
1227
1115
1145
1184
1106
829
397
38
37
36
35
35
33
45
413
867
1185
1358
1542
1882
2424
3126
3847
4095
4095
4095
3653
2916
2381
2205
2398
2877
3511
4095
4095
4095
4095
3661
2803
1869
1047
555
504
870
1528
2246
2774
2964
2788
2372
1972
1835
2039
2430
2728
2750
2514
2158
1811
1558
1468
1549
1747
1952
2042
1967
1790
1672
1727
1950
2261
2579
2856
3069
3203
3197
2957
2452
1742
968
312
36
34
37
208
542
866
1049
1030
866
736
826
1198
1836
2677
3625
4095
4095
4095
4095
4076
3158
2370
1845
1634
1715
2031
2523
3069
3528
3783
3769
3551
3276
3083
3044
3122
3195
3114
2817
2359
1807
1195
583
93
35
35
35
35
34
51
447
1182
2029
2725
3090
3086
2833
2539
2342
2236
2163
2060
1877
1657
1467
1336
1293
1366
1549
1765
1950
2050
2033
1956
1938
2058
2338
2733
3140
3489
3758
3959
4063
3981
3684
3266
2884
2633
2475
2276
1903
1342
735
260
47
64
280
666
1176
1754
2319
2779
3068
3173
3087
2815
2366
1793
1254
942
961
1290
1787
2287
2660
2888
3017
3107
3194
3251
3256
3232
3206
3165
3062
2849
2501
2052
1571
1182
1009
1078
1384
1891
2491
3014
3341
3459
3461
3473
3518
3469
3171
2590
1871
1224
791
609
626
737
893
1122
1476
2000
2681
3423
4078
4095
4095
3596
2408
1115
192
35
356
1117
1933
2503
2660
2410
1892
1358
1054
1101
1406
1733
1889
1835
1666
1472
1266
1059
906
838
866
987
1181
1395
1565
1614
1474
1156
793
600
722
1172
1858
2623
3305
3790
4036
4078
4013
3929
3873
3875
3932
3989
3961
3791
3447
2960
2450
2044
1847
1889
2093
2261
2181
1710
838
42
39
37
35
32
427
1296
2243
3130
3878
4095
4095
4095
4095
4045
3804
3504
3023
2283
1324
300
38
36
34
144
903
1780
2424
2701
2728
2748
2988
3497
4095
4095
4095
4095
4095
4095
4095
4095
3891
3201
2364
1426
502
38
35
33
183
622
893
774
314
37
36
33
271
1042
2074
3163
4094
4095
4095
4095
3899
3180
2587
2245
2197
2355
2589
2811
2996
3142
3257
3319
3234
2867
2192
1334
467
38
37
37
37
37
36
34
32
355
1061
1873
2674
3380
3940
4095
4095
4095
4095
4095
4095
4045
3784
3624
3494
3309
3029
2673
2338
2112
1983
1838
1574
1160
620
92
35
34
389
1157
2018
2690
2980
2850
2413
1867
1427
1278
1502
2006
2539
2853
2814
2443
1877
1271
803
652
897
1487
2226
2832
3132
3098
2837
2514
2232
2030
1942
1963
2040
2143
2242
2274
2195
2043
1958
2081
2480
3098
3739
4095
4095
4095
3704
2845
1759
641
39
35
33
287
1046
1916
2606
2971
3055
2992
2919
2905
2942
2987
2956
2771
2411
1940
1486
1170
1098
1312
1730
2167
2413
2336
1998
1644
1500
1615
1877
2089
2098
1884
1577
1363
1418
1855
2664
3649
4095
4095
4095
4095
3208
2333
1750
1596
1863
2417
2999
3332
3238
2696
1851
936
186
36
34
288
882
1556
2066
2193
1830
1040
109
36
33
294
1370
2751
3988
4095
4095
3776
2630
1559
818
427
267
216
250
393
608
835
1030
1231
1493
1817
2203
2666
3173
3623
3917
4046
4095
4095
4095
4095
4095
4095
4095
3472
2623
1852
1414
1427
1777
2213
2470
2350
1854
1184
620
364
432
680
964
1229
1503
1822
2192
2516
2644
2473
2033
1504
1098
951
1100
1439
1775
1936
1891
1773
1745
1922
2319
2820
3201
3264
2909
2244
1527
1033
927
1224
1831
2550
3128
3360
3196
2747
2198
1767
1592
1640
1782
1870
1853
1786
1747
1833
2090
2498
3045
3686
4095
4095
4095
4095
4095
3602
3001
2495
2112
1795
1490
1183
883
629
432
335
409
714
1241
1849
2278
2368
2137
1725
1340
1171
1297
1661
2120
2525
2730
2652
2339
1891
1459
1206
1195
1352
1583
1826
2084
2389
2737
3033
3158
3058
2760
2339
1862
1435
1194
1253
1618
2141
2611
2883
2913
2701
2245
1611
958
453
216
297
662
1247
1918
2510
2909
3104
3144
3104
3054
3039
3028
2911
2566
1986
1348
919
909
1336
2061
2881
3601
4095
4095
4095
3944
3472
2877
2251
1703
1292
1017
808
552
233
36
34
41
258
632
1013
1332
1585
1844
2194
2673
3220
3658
3862
3819
3646
3499
3444
3464
3480
3412
3255
3047
2852
2691
2555
2417
2225
1954
1611
1178
661
130
35
33
126
714
1573
2513
3351
3943
4095
4095
4095
4095
4095
3913
3468
2923
2391
1944
1542
1109
591
49
36
35
33
510
1553
2783
3842
4095
4095
3763
2726
1551
509
37
34
198
946
2000
3082
3886
4095
4073
3628
3078
2558
2153
1883
1744
1701
1709
1778
1910
2089
2256
2315
2244
2124
2031
2001
2034
2069
2010
1844
1639
1470
1411
1537
1860
2327
2782
EOF