Process identification data:
2155
2157
2160
2154
2099
1937
1678
1384
1108
889
734
666
780
1194
1904
2731
3408
3713
3615
3262
2845
2511
2318
2232
2207
2261
2481
2898
3471
4095
4095
4095
4095
4095
4095
3888
3540
3332
3233
3160
3002
2697
2275
1770
1168
515
39
36
36
35
34
34
86
354
797
1366
2016
2623
3067
3295
3290
3112
2916
2852
3002
3340
3697
3837
3615
3053
2304
1568
1028
827
1019
1546
2244
2866
3193
3133
2706
2100
1588
1398
1606
2098
2632
2972
2955
2566
1935
1313
954
981
1346
1865
2276
2396
2222
1906
1657
1640
1866
2248
2638
2896
3011
3059
3109
3179
3237
3230
3187
3197
3316
3544
3833
4095
4095
4095
4095
4095
4095
4095
4095
4095
3551
2395
1356
624
264
235
442
727
964
1079
1015
781
490
332
449
830
1330
1792
2141
2380
2585
2800
2982
3054
3004
2875
2754
2728
2778
2833
2859
2913
3070
3373
3803
4095
4095
4095
3596
2574
1449
616
382
790
1580
2384
2881
2892
2450
1761
1122
785
875
1390
2202
3063
3728
4021
3900
3523
3127
2862
2764
2783
2793
2633
2191
1444
499
39
36
35
33
322
965
1629
2209
2651
2979
3240
3443
3622
3802
4001
4095
4095
4095
4095
4095
4095
4095
3279
2579
2212
2281
2704
3218
3529
3483
3114
2575
2050
1673
1445
1247
986
672
412
292
277
250
163
116
264
686
1318
2022
2619
3003
3194
3283
3370
3469
3514
3424
3170
2793
2341
1853
1387
1059
973
1166
1560
1951
2138
2015
1661
1300
1139
1235
1527
1926
2397
2894
3363
3782
4095
4095
4095
4095
4095
4095
4095
4095
3292
2256
1310
614
224
96
120
278
651
1304
2244
3375
4095
4095
4095
4095
4095
3125
2095
1439
1249
1489
1973
2429
2623
2446
1963
1380
957
872
1176
1736
2249
2434
2151
1496
746
161
36
36
133
363
618
857
1109
1435
1870
2437
3091
3714
4095
4095
4095
4095
4095
4095
4095
4095
4095
3888
3557
3460
3665
4041
4095
4095
3534
2440
1193
212
34
226
1064
2112
2969
3404
3351
2910
2311
1733
1265
940
765
688
636
594
643
885
1340
1899
2402
2747
2924
2937
2761
2408
1999
1694
1587
1681
1889
2111
2318
2469
2478
2270
1869
1390
952
652
567
755
1217
1866
2564
3220
3785
4095
4095
4095
4095
3649
3105
2555
2101
1820
1742
1826
1973
2101
2133
2019
1796
1593
1568
1834
2343
2891
3236
3165
2628
1769
905
366
344
833
1694
2715
3695
4095
4095
4095
4095
3560
2554
1544
681
93
36
35
196
630
1201
1779
2213
2419
2458
2498
2678
3033
3490
3895
4095
4095
3913
3463
2982
2688
2735
3088
3547
3865
3861
3543
3041
2538
2204
2063
1981
1838
1611
1387
1265
1247
1259
1207
1017
737
516
468
622
950
1344
1662
1822
1813
1670
1521
1536
1799
2297
2967
3683
4095
4095
4095
4095
3859
3309
2768
2342
2137
2195
2433
2667
2706
2409
1819
1159
685
535
669
920
1113
1155
1017
737
412
220
367
976
1971
3115
4095
4095
4095
4095
4095
4024
3164
2298
1610
1280
1390
1912
2696
3488
4007
4017
3470
2548
1537
722
268
185
410
791
1115
1214
1074
855
756
907
1317
1869
2434
2879
3091
3070
2922
2779
2765
2918
3215
3611
4031
4095
4095
3834
2886
1627
320
39
37
36
34
33
354
1086
2023
2993
3847
4095
4095
4095
4095
4095
4095
4095
4095
4095
4095
4029
3170
2386
1772
1328
985
672
363
112
36
35
36
37
38
37
35
34
128
1202
2718
4095
4095
4095
4095
4095
4095
3875
2871
1940
1270
963
1035
1398
1883
2305
2478
2296
1775
1098
562
410
710
1345
2046
2604
2965
3145
3150
2963
2610
2181
1790
1530
1407
1369
1393
1519
1838
2426
3272
4095
4095
4095
4095
4095
3111
1737
645
121
278
993
1979
2881
3395
3369
2886
2220
1701
1585
1945
2649
3438
4025
4095
3961
3347
2475
1504
645
82
35
88
375
709
1010
1288
1583
1860
1996
1860
1446
915
461
191
148
352
812
1461
2115
2549
2607
2337
1984
1800
1922
2332
2876
3373
3683
3741
3529
3128
2665
2224
1865
1665
1671
1855
2117
2391
2706
3132
3713
4095
4095
4095
4095
4095
3768
2459
1190
275
35
44
381
963
1572
1989
2106
1989
1815
1733
1739
1757
1754
1731
1672
1540
1304
1060
1002
1255
1764
2330
2718
2825
2692
2426
2143
1911
1748
1641
1572
1541
1562
1643
1789
1997
2297
2712
3188
3653
4026
4095
4095
4095
4095
4095
4095
4095
3902
3449
2803
2077
1448
1061
971
1186
1612
2102
2536
2797
2772
2396
1685
763
40
37
33
204
1201
2508
3631
4095
3955
3159
2158
1353
1047
1345
2144
3174
4070
4095
4095
3804
2938
2099
1524
1334
1489
1778
1911
1693
1102
293
38
36
34
35
411
867
1097
1038
814
688
882
1481
2402
3438
4095
4095
4095
4095
3529
2576
1723
1118
813
772
881
1051
1243
1429
1613
1827
2056
2275
2448
2500
2376
2120
1847
1668
1691
1955
2403
2958
3521
3974
4095
4095
3896
3472
3003
2592
2264
2005
1827
1756
1841
2155
2707
3382
3960
4095
3990
3330
2434
1594
1055
923
1099
1351
1449
1271
865
456
347
701
1492
2525
3507
4095
4095
4095
4095
4095
3519
2821
2160
1572
1052
601
294
229
462
971
1640
2352
3002
3540
3945
4095
4095
3857
3466
3089
2847
2777
2830
2903
2831
2427
1584
353
41
40
39
37
34
33
346
1091
1669
1926
1987
2108
2447
3002
3657
4095
4095
4095
4095
4095
4095
3738
3394
3123
2949
2873
2865
2883
2835
2582
2021
1134
71
39
38
36
34
32
577
1478
2366
3016
3366
3505
3552
3576
3612
3636
3590
3471
3335
3248
3253
3311
3387
3489
3611
3686
3607
3277
2692
1947
1266
850
827
1240
1991
2848
3553
3909
3801
3266
2453
1554
769
276
181
484
1128
1966
2811
3529
4030
4095
4095
3769
3212
2583
2051
1742
1702
1844
1996
2020
1845
1499
1080
692
438
375
465
588
649
626
551
534
699
1064
1542
2037
2491
2917
3351
3764
4077
4095
4095
3815
3179
2331
1476
843
595
780
1302
1934
2369
2422
2075
1491
963
686
663
795
946
990
874
648
493
651
1221
2087
2994
3711
4052
3953
3470
2798
2272
2191
2676
3608
4095
4095
4095
4095
3414
2089
1135
863
1316
2280
3368
4095
4095
4075
3266
2302
1429
811
485
389
452
601
779
950
1114
1262
1375
1482
1607
1758
1912
1990
1968
1879
1784
1736
1726
1755
1860
2071
2377
2720
3047
3289
3357
3225
2913
2462
1946
1482
1188
1162
1471
2056
2729
3266
3455
3263
2857
2478
2311
2419
2750
3172
3481
3445
2916
1913
688
39
37
35
34
34
190
605
1229
2052
2977
3800
4095
4095
4095
3924
3786
3845
4001
4095
4095
3858
3452
2945
2435
2033
1745
1470
1141
801
571
517
586
686
721
632
464
361
478
867
1454
2074
2557
2870
3044
3124
3117
3004
2818
2591
2315
1997
1661
1331
1083
987
1093
1447
2048
2774
3410
3738
3622
3122
2435
1795
1438
1436
1713
2136
2558
2887
3116
3275
3403
3479
3453
3321
3099
2774
2295
1600
707
40
38
36
33
33
677
1703
2670
3305
3503
3345
3043
2814
2765
2881
3111
3419
3783
4095
4095
4095
4095
3939
3307
2593
1964
1545
1310
1141
964
814
757
818
975
1173
1410
1662
1884
2033
2085
2034
1863
1553
1185
959
1076
1570
2245
2850
3207
3276
3128
2873
2619
2401
2185
1914
1611
1419
1470
1798
2295
2758
3055
3201
3267
3297
3238
3063
2835
2667
2660
2783
2914
2908
2652
2185
1665
1275
1123
1187
1391
1603
1693
1623
1394
1016
544
106
35
37
192
505
814
1084
1360
1721
2264
3015
3860
4095
4095
4095
4095
3446
2945
2775
2932
3332
3839
4095
4095
4095
4095
3653
2549
1169
42
38
35
33
291
1015
1586
1713
1339
602
38
36
33
166
981
2089
3201
4095
4095
4095
4095
4095
3414
2483
1746
1409
1501
1923
2537
3174
3713
4095
4095
4095
4095
3904
3687
3439
3151
2780
2322
1809
1259
698
172
38
36
36
36
35
33
366
1090
1867
2553
3132
3628
4029
4095
4095
4095
4095
3813
3526
3347
3278
3202
2995
2639
2162
1590
934
247
36
34
33
256
754
1262
1671
1914
1991
1944
1812
1654
1558
1626
1885
2302
2813
3312
3682
3853
3805
3554
3132
2557
1861
1153
561
160
40
64
236
566
1028
1547
2064
2549
2937
3158
3197
3105
2992
3011
3201
3455
3635
3670
3559
3336
3090
2953
3034
3358
3777
4014
3874
3337
2557
1804
1325
1210
1358
1597
1804
1933
2007
2034
2006
1945
1897
1906
1944
1914
1736
1383
920
473
148
38
42
187
548
1050
1661
2328
2959
3434
3635
3482
2990
2271
1521
949
713
851
1227
1631
1878
1884
1750
1642
1654
1787
1963
2086
2126
2165
2321
2682
3291
4052
4095
4095
4095
4095
4095
4095
4095
3335
2601
2042
1743
1686
1746
1737
1497
1030
510
135
58
250
706
1314
1928
2359
2453
2154
1508
671
39
36
33
229
1052
1999
2733
3103
3213
3234
3305
3475
3702
3941
4095
4092
3804
3273
2613
1948
1404
1105
1101
1355
1740
2042
2083
1793
1231
587
121
70
449
1172
1979
2644
3045
3144
2965
2576
2135
1882
1975
2419
3068
3711
4095
4095
4095
4095
3705
3202
2858
2751
2831
2945
2892
2513
1808
915
53
38
36
34
32
425
1155
1809
2236
2433
2456
2399
2340
2293
2270
2256
2187
2012
1781
1642
1772
2268
3070
3966
4095
4095
4095
3413
2162
902
40
36
34
80
509
1013
1455
1840
2240
2662
3003
3127
2996
2679
2323
2066
1915
1812
1688
1555
1485
1576
1933
2577
3421
4095
4095
4095
4095
4095
3709
2729
1900
1349
1076
956
878
836
894
1135
1579
2104
2534
2760
2740
2484
2052
1577
1220
1106
1273
1642
2019
2162
1903
1252
403
37
34
36
628
1545
2377
2876
2976
2841
2721
2833
3269
3930
4095
4095
4095
3745
2603
1416
467
36
34
34
61
271
664
1213
1818
2348
2729
2987
3161
3239
3212
3083
2845
2516
2128
1766
1548
1520
1675
1976
2358
2727
3019
3218
3322
3373
3435
3492
3459
3258
2909
2575
2455
2668
3150
3695
4063
4062
3655
2963
2173
1420
800
342
47
35
35
35
35
34
58
545
1373
2318
3146
3705
3994
4053
3945
3727
3397
2999
2587
2247
2094
2151
2302
2361
2177
1723
1143
686
576
909
1597
2399
3038
3266
3035
2476
1802
1236
911
853
965
1112
1236
1389
1617
1890
2160
2408
2613
2715
2645
2372
1954
1554
1380
1559
2061
2733
3411
3983
4095
4095
4095
4095
3961
3134
2052
863
40
37
34
32
452
1314
2205
2884
3202
3136
2771
2264
1798
1464
1236
1046
857
681
563
584
797
1178
1622
1999
2216
2255
2165
2041
2037
2324
3006
4036
4095
4095
4095
4095
4095
4095
4095
3674
2968
2341
1838
1518
1421
1479
1488
1225
588
40
39
37
35
32
395
1432
2558
3498
4095
4095
4095
4095
3663
3115
2520
1933
1463
1227
1236
1369
1483
1532
1545
1550
1551
1511
1368
1146
925
801
908
1324
1968
2606
2997
3016
2666
2075
1466
1101
1188
1773
2679
3542
4073
4095
3907
3403
2804
2186
1643
1250
998
857
800
850
1087
1528
2118
2715
3129
3266
3170
2952
2755
2709
2818
2971
3044
2988
2809
2563
2305
2061
1841
1686
1675
1874
2272
2739
3104
3268
3167
2789
2223
1602
1071
756
699
848
1104
1356
1488
1478
1438
1505
1776
2267
2898
3542
4036
4095
4095
3739
3056
2169
1213
384
36
34
35
206
548
969
1485
2098
2742
3320
3727
3852
3633
3109
2443
1905
1712
1943
2493
3080
3370
3123
2335
1282
405
80
411
1234
2146
2729
2720
2146
1286
520
199
488
1307
2365
3265
3743
3770
3482
3066
2678
2395
2223
2137
2109
2159
2322
2621
3021
3374
3464
3141
2440
1541
694
114
35
34
67
210
505
1004
1663
2298
2679
2663
2340
1966
1769
1824
2123
2630
3288
3996
4095
4095
4095
4095
4095
3959
3428
2830
2116
1316
546
38
35
34
92
484
1047
1695
2320
2794
3011
2967
2786
2617
2516
2450
2340
2115
1762
1325
879
521
385
612
1197
1960
2642
3065
3233
3244
3220
3216
3183
3097
3010
3017
3214
3605
4030
4095
4011
3419
2597
1706
847
79
37
35
34
190
720
1158
1285
1091
684
245
40
100
520
1222
1997
2672
3150
3386
3382
3194
2960
2859
2977
3266
3648
4055
4095
4095
4095
3995
3393
2883
2666
2784
3096
3376
3479
3364
3068
2637
2111
1553
998
404
39
38
36
34
32
128
678
1184
1370
1149
677
263
201
678
1670
2982
4095
4095
4095
4095
4095
4095
3597
3236
3056
2946
2747
2368
1791
1045
239
38
36
35
34
34
194
534
1026
1757
2760
3930
4095
4095
4095
4095
3583
2193
989
294
233
702
1487
2330
2981
3319
3350
3198
3044
2989
3047
3208
3419
3606
3623
3347
2744
1956
1230
744
595
789
1219
1737
2230
2582
2677
2456
1927
1189
411
37
35
33
324
1124
2153
3140
3842
4095
4095
4095
4095
4095
4095
4095
4095
3652
3064
2615
2360
2269
2297
2404
2567
2738
2790
2604
2176
1563
894
301
36
36
36
35
35
35
201
492
697
753
692
565
460
462
611
951
1521
2267
3051
3728
4095
4095
4095
4095
4095
4092
3722
3311
2956
2707
2572
2559
2659
2792
2810
2598
2131
1498
874
422
235
319
611
1019
1482
1931
2303
2600
2862
3123
3354
3430
3269
2888
2421
2053
1880
1889
2017
2160
2246
2283
2275
2243
2233
2248
2237
2151
1952
1653
1334
1095
1014
1074
1246
1523
1918
2449
3030
3474
3603
3367
2848
2178
1505
968
709
796
1160
1671
2230
2795
3323
3761
4015
3969
3559
2828
1954
1235
916
1052
1534
2152
2698
3058
3203
3196
3157
3208
3406
3668
3814
3687
3239
2604
2000
1553
1236
925
493
38
37
36
33
114
820
1733
2561
3072
3147
2800
2156
1440
926
866
1369
2325
3447
4095
4095
4095
4095
4095
3849
3233
2649
2165
1808
1598
1493
1437
1384
1312
1265
1317
1476
1656
1774
1808
1767
1678
1557
1415
1330
1407
1708
2201
2724
3053
3037
2659
2027
1328
761
442
365
436
535
619
724
912
1242
1693
2178
2609
2938
3115
3113
2977
2791
2640
2630
2778
2985
3112
3096
3012
3014
3186
3445
3639
3627
3380
3035
2776
2753
2956
3257
3506
3549
3287
2729
1931
1007
121
38
37
36
34
33
431
1089
1683
2028
2126
2109
2155
2421
2940
3598
4095
4095
4095
4095
4095
4095
4095
4095
4095
3861
2806
1631
620
39
36
35
35
34
237
632
986
1250
1491
1774
2115
2497
2902
3305
3616
3677
3408
2852
2165
1604
1380
1578
2074
2560
2759
2535
1901
1013
81
38
37
34
33
502
1650
2949
4055
4095
4095
4095
4095
3739
2991
2414
2165
2276
2643
3084
3451
3629
3561
3260
2790
2243
1661
1056
490
116
53
245
696
1278
1913
2548
3119
3523
3623
3338
2739
2043
1464
1114
996
1074
1344
1826
2503
3269
3913
4095
4095
3612
2980
2471
2250
2342
2652
2997
3195
3151
2824
2252
1535
801
168
36
34
43
410
1063
1773
2301
2493
2365
2042
1700
1487
1414
1368
1220
939
650
518
636
989
1472
1960
2360
2635
2801
2933
3071
3176
3169
3023
2795
2595
2500
2472
2420
2317
2248
2304
2529
2918
3362
3729
3942
3997
3917
3697
3329
2806
2180
1544
960
461
106
36
63
312
810
1497
2292
3109
3794
4095
4095
3870
3229
2543
2017
1721
1588
1521
1445
1319
1190
1110
1127
1258
1451
1662
1909
2212
2540
2779
2803
2579
2188
1759
1472
1489
1900
2678
3609
4095
4095
4095
4095
3950
3190
2339
1491
752
169
36
36
34
34
71
293
682
1199
1736
2194
2545
2802
3016
3263
3580
3962
4095
4095
4095
4095
3928
2848
1591
456
37
34
33
282
851
1482
2054
2497
2789
2958
3059
3153
3235
3194
2911
2325
1468
489
38
36
34
35
675
1769
2974
4040
4095
4095
4095
4019
3084
2213
1613
1308
1186
1110
1040
1089
1410
2073
2960
3825
4095
4095
4095
3953
2985
1778
556
39
37
35
34
34
639
1667
2778
3668
4095
3985
3401
2602
1943
1737
2120
3009
4095
4095
4095
4095
4095
4095
3963
2943
1985
1150
442
37
36
35
35
34
64
240
557
1033
1662
2347
2936
3272
3253
2887
2246
1465
662
40
36
35
32
529
1625
2879
3880
4095
4095
3972
3396
2757
2164
1725
1480
1466
1713
2171
2741
3321
3802
4093
4095
3826
3254
2467
1652
1065
852
1037
1542
2217
2839
3170
3039
2478
1768
1273
1180
1400
1679
1817
1801
1704
1602
1580
1706
1969
2268
2497
2584
2537
2471
2466
2545
2721
2963
3223
3454
3590
3550
3269
2747
2061
1351
823
596
658
906
1146
1201
1036
739
451
291
350
679
1205
1743
2080
2071
1723
1181
653
340
401
890
1744
2822
3905
4095
4095
4095
4095
4095
4095
4095
3830
3593
3382
3082
2695
2318
2073
1970
1884
1689
1321
790
193
37
36
35
33
123
596
1158
1593
1760
1636
1368
1194
1315
1798
2565
3438
4095
4095
4095
4095
3934
3384
3080
3152
3540
4036
4095
4095
3693
2694
1462
248
39
38
36
34
100
1006
2293
3597
4095
4095
4095
3380
1878
355
37
34
32
943
2508
4031
4095
4095
4095
4095
4077
2717
1336
206
38
37
34
34
55
445
983
1555
2140
2742
3321
3759
3883
3579
2902
2052
1315
919
898
1145
1532
1977
2408
2780
3081
3273
3279
3029
2502
1815
1239
1033
1334
2089
3034
3786
4086
3897
3332
2567
1806
1200
804
600
496
378
207
73
94
397
1016
1767
2404
2731
2744
2637
2645
2883
3323
3818
4095
4095
4095
4095
4095
3773
3448
3190
2936
2623
2233
1775
1304
929
707
659
806
1124
1500
1755
1767
1506
1001
371
37
36
35
34
249
1022
2001
2936
3579
3778
3514
2919
2267
1823
1707
1898
2309
2820
3276
3553
3612
3483
3240
2955
2723
2679
2934
3441
3964
4095
3917
3209
2340
1642
1360
1521
1932
2342
2567
2556
2385
2187
2086
2102
2161
2167
2060
1874
1659
1455
1287
1157
1108
1169
1295
1420
1459
1313
935
373
37
34
94
800
1782
2625
3072
3144
3057
3062
3274
3633
3938
3944
3543
2813
1985
1363
1099
1143
1372
1693
2043
2333
2417
2172
1587
803
100
35
57
599
1436
2265
2890
3256
3428
3497
3562
3685
3848
3991
4062
3980
3666
3090
2288
1374
555
72
70
515
1319
2191
2814
3033
2916
2648
2420
2306
2251
2188
2077
1876
1570
1172
781
541
513
677
1009
1537
2284
3164
3944
4095
4095
3514
2478
1398
572
185
283
759
1414
2058
2599
3012
3275
3414
3519
3717
4095
4095
4095
4095
4095
4095
3288
2005
937
364
343
700
1189
1622
1889
1966
1872
1627
1318
1036
798
561
267
37
36
35
34
34
244
928
1931
3014
3888
4095
4095
4095
4015
3973
4095
4095
4095
4095
4095
4095
4095
3989
2736
1318
48
40
39
36
35
33
47
286
504
681
950
1419
2013
2509
2745
2732
2616
2585
2716
2961
3231
3396
3332
3011
2495
1924
1493
1306
1356
1545
1685
1619
1334
984
776
846
1201
1725
2312
2893
3392
3741
3923
3966
3892
3714
3409
2925
2264
1545
985
751
896
1319
1786
2106
2249
2300
2346
2426
2519
2582
2613
2641
2695
2746
2753
2670
2429
1999
1405
767
236
35
40
285
809
1464
2152
2792
3308
3668
3877
3961
3994
4034
4095
4095
4095
4095
4026
3560
2885
2140
1537
1270
1424
1893
2442
2862
3058
3033
2807
2351
1656
830
91
36
33
340
1065
1811
2274
2296
1898
1228
534
82
64
500
1391
2527
3582
4095
4095
3579
2443
1173
150
35
90
911
2183
3506
4095
4095
4095
4095
3684
2866
1996
1167
510
154
200
637
1309
2014
2618
3075
3403
3573
3474
3001
2160
1163
352
40
153
637
1211
1621
1773
1772
1769
1838
1945
1979
1860
1620
1386
1334
1626
2283
3168
4084
4095
4095
4095
4095
3843
2656
1516
797
684
1101
1756
2293
2467
2267
1865
1509
1442
1774
2410
3104
3572
3600
3151
2389
1588
1026
872
1167
1777
2472
3001
3132
2759
1953
932
47
37
34
115
850
1797
2584
2943
2807
2308
1695
1268
1283
1803
2663
3583
4095
4095
4095
3846
3342
3079
3171
3501
3770
3668
3073
2103
1052
280
53
286
804
1300
1572
1551
1324
1095
1034
1191
1446
1592
1486
1115
603
200
162
608
1450
2390
3105
3388
3229
2827
2400
2056
1814
1666
1603
1594
1637
1736
1861
2019
2218
2427
2607
2683
2592
2366
2111
1929
1937
2212
2702
3225
3559
3577
3299
2881
2506
2252
2109
2059
2130
2351
2688
3014
3158
2985
2523
1922
1390
1134
1260
1698
2287
2871
3303
3505
3475
3252
2920
2556
2154
1726
1340
1057
929
988
1169
1390
1634
1909
2180
2385
2495
2542
2584
2613
2514
2150
1476
596
38
36
34
34
479
1127
1616
1810
1748
1557
1396
1425
1734
2326
3146
4061
4095
4095
4095
4095
3982
3201
2675
2435
2354
2283
2188
2146
2267
2546
2811
2832
2439
1627
620
39
36
34
33
266
924
1847
2923
3957
4095
4095
4095
4095
4095
3868
3487
3253
3125
3003
2771
2318
1658
931
344
99
218
623
1166
1665
1986
2120
2094
1971
1800
1566
1284
982
663
324
40
36
34
50
453
1157
1983
2774
3433
3938
4095
4095
4095
4095
4095
4095
4095
3023
1906
1105
804
1002
1573
2314
3028
3565
3792
3621
3069
2256
1377
603
99
36
149
441
732
960
1122
1267
1424
1579
1752
1940
2120
2249
2243
2068
1752
1365
1051
1002
1362
2130
3097
3932
4095
4095
4003
3517
3090
2776
2594
2562
2693
2979
3330
3593
3632
3379
2883
2263
1647
1141
794
659
769
1078
1421
1598
1496
1168
796
592
716
1187
1846
2416
2643
2459
2045
1688
1570
1694
1955
2215
2382
2464
2495
2478
2448
2428
2387
2287
2095
1837
1583
1398
1375
1608
2135
2929
3871
4095
4095
4095
4095
4095
3681
2967
2438
2153
2072
2090
2056
1808
1311
635
39
36
34
33
245
854
1416
1683
1629
1401
1158
1005
974
1078
1361
1847
2512
3252
3873
4095
4095
3987
3827
3893
4095
4095
4095
4095
3715
2833
1907
1083
462
122
138
522
1212
2023
2687
2992
2892
2522
2125
1908
1954
2213
2557
2845
2933
2733
2284
1706
1149
721
430
214
42
35
34
68
424
917
1289
1419
1377
1336
1470
1871
2489
3193
3855
4095
4095
4095
3717
2952
2135
1432
936
650
556
623
838
1197
1671
2200
2708
3124
3366
3435
3434
3510
3773
4095
4095
4095
4083
3216
2200
1408
1112
1315
1783
2197
2368
2327
2249
2315
2603
3035
3431
3583
3328
2683
1868
1147
734
743
1151
1838
2625
3310
3735
3826
3611
3176
2598
1936
1282
699
218
36
35
37
145
369
640
956
1349
1830
2352
2833
3156
3243
3090
2719
2174
1560
1037
699
539
526
642
854
1071
1174
1061
726
298
51
173
868
2098
3607
4095
4095
4095
4095
4095
3825
3331
3290
3666
4095
4095
4095
4095
3353
2415
1446
647
215
253
652
1122
1387
1304
885
294
36
35
34
57
349
811
1362
1910
2344
2558
2524
2319
2107
2062
2294
2818
3546
4095
4095
4095
4095
4095
3783
3280
3006
2976
3122
3327
3467
3397
3033
2427
1736
1117
651
344
144
43
35
35
44
310
954
1926
3099
4095
4095
4095
4095
4095
4095
3547
2350
1334
646
326
324
520
828
1213
1678
2205
2673
2881
2699
2183
1497
786
139
37
36
35
34
246
882
1618
2217
2512
2480
2269
2089
2108
2356
2749
3164
3494
3672
3642
3439
3197
3016
2901
2825
2794
2844
2963
3077
3061
2785
2192
1329
350
38
36
33
256
1149
2219
3130
3615
3610
3222
2666
2191
1954
1988
2177
2397
2547
2549
2382
2119
1894
1839
2002
2278
2490
2485
2217
1826
1576
1673
2149
2866
3633
4095
4095
4095
4095
3640
2685
1655
834
465
609
1133
1812
2376
2597
2405
1869
1136
434
52
84
541
1342
2226
2925
3259
3124
2563
1781
1103
844
1153
1910
2771
3395
3631
3521
3208
2799
2333
1803
1230
676
251
69
110
385
903
1593
2304
2859
3153
3199
3067
2882
2774
2784
2847
2886
2828
2611
2280
1929
1628
1416
1283
1240
1367
1732
2290
2844
3157
3125
2840
2494
2276
2260
2353
2389
2232
1857
1349
840
465
362
666
1425
2564
3874
4095
4095
4095
4095
4095
3833
2545
1342
481
77
50
168
410
757
1242
1849
2436
2757
2619
2042
1284
682
437
519
728
847
767
528
311
311
630
1274
2130
2983
3611
3867
3759
3431
3031
2677
2473
2512
2800
3274
3843
4095
4095
4095
4095
3735
2798
1907
1304
1111
1283
1648
1974
2019
1649
882
42
38
37
35
33
129
786
1700
2759
3879
4095
4095
4095
4095
4095
4095
3528
2577
1863
1460
1351
1426
1494
1376
1024
525
57
35
34
337
1053
1860
2442
2582
2290
1769
1253
925
872
1065
1470
2072
2840
3724
4095
4095
4095
4095
4095
4095
3160
2082
1120
473
258
414
790
1211
1548
1780
1911
1922
1804
1606
1451
1409
1454
1533
1601
1649
1707
1812
2012
2301
2589
2783
2825
2732
2576
2379
2169
1990
1902
1983
2215
2452
2532
2391
2094
1791
1670
1826
2196
2585
2763
2577
2078
1520
1239
1443
2119
3036
3843
4095
4095
3855
3398
3063
2879
2705
2397
1926
1339
702
98
36
34
33
283
804
1323
1706
1916
1983
1958
1859
1699
1536
1436
1421
1471
1555
1695
1972
2425
3036
3689
4095
4095
4095
3882
3371
2983
2835
2962
3251
3497
3496
3187
2677
2176
1872
1883
2194
2685
3146
3364
3233
2748
2011
1201
493
76
56
362
993
1761
2493
3045
3334
3300
2947
2371
1689
1035
554
327
324
461
617
717
796
953
1266
1691
2034
2085
1742
1089
392
48
223
989
2121
3258
4026
4095
3967
3396
2803
2394
2248
2296
2444
2646
2866
3065
3198
3195
3060
2837
2600
2417
2308
2255
2195
2126
2113
2194
2365
2590
2758
2786
2685
2502
2292
2103
1957
1860
1763
1656
1588
1597
1660
1703
1670
1574
1491
1498
1590
1744
1938
2174
2504
2969
3566
4095
4095
4095
4095
3794
2696
1494
478
36
85
740
1755
2675
3158
3118
2669
2036
1425
916
532
258
72
36
36
110
503
1245
2277
3405
4095
4095
4095
4095
3586
2399
1260
453
114
251
802
1615
2496
3228
3657
3746
3520
3085
2562
2061
1668
1450
1461
1683
2051
2504
2972
3370
3573
3461
3012
2329
1624
1135
1001
1219
1624
1990
2189
2217
2180
2182
2261
2365
2414
2380
2259
2013
1573
887
50
38
38
36
34
40
801
1885
2865
3456
3539
3153
2487
1826
1465
1599
2232
3182
4095
4095
4095
4095
4095
4095
4095
4095
3749
2567
1608
1095
1056
1331
1681
1903
1863
1539
1020
452
41
36
35
35
34
62
441
1053
1739
2352
2792
3065
3218
3272
3261
3194
3048
2796
2450
2115
1964
2151
2706
3524
4095
4095
4095
4095
4095
4059
3406
2734
2123
1676
1444
1372
1324
1201
953
577
111
37
36
36
35
34
35
170
442
744
1076
1470
1941
2449
2958
3423
3806
4077
4095
4074
3858
3679
3674
3859
4095
4095
4095
3765
3113
2304
1539
1047
969
1304
1913
2564
3026
3147
2926
2442
1849
1350
1083
1036
1066
1041
944
866
928
1140
1372
1471
1361
1065
677
359
251
384
694
1123
1667
2305
2972
3581
4049
4095
4095
4095
3987
3732
3464
3144
2735
2292
1918
1689
1639
1781
2061
2395
2690
2850
2868
2791
2645
2460
2265
2102
2062
2219
2566
2965
3193
3100
2656
1948
1201
677
505
638
894
1056
1033
870
645
462
428
645
1195
2052
3086
4095
4095
4095
4095
4095
4095
4095
3989
3224
2536
1973
1485
979
368
38
37
36
35
33
125
598
1168
1698
2060
2207
2200
2173
2283
2621
3090
3450
3452
2984
2176
1377
947
1053
1624
2453
3223
3633
3556
3055
2339
1679
1273
1190
1356
1618
1804
1847
1779
1688
1654
1704
1854
2162
2670
3368
4095
4095
4095
4095
4095
3484
2570
1800
1273
1044
1090
1296
1488
1529
1399
1221
1131
1142
1180
1183
1153
1167
1358
1805
2496
3256
3825
4021
3841
3437
3007
2641
2354
2122
1936
1808
1733
1702
1710
1750
1821
1929
2040
2135
2245
2418
2668
2916
2993
2745
2156
1390
693
238
117
296
693
1197
1699
2113
2388
2520
2545
2510
2438
2369
2321
2266
2160
1972
1748
1590
1553
1689
2047
2589
3179
3623
3782
3635
3272
2837
2464
2281
2343
2557
2718
2605
2115
1395
773
524
705
1208
1835
2398
2768
2901
2874
2844
2940
3149
3284
3128
2566
1726
927
487
542
992
1602
2126
2414
2453
2313
2143
2095
2206
2378
2502
2546
2550
2544
2497
2387
2256
2148
2041
1859
1540
1103
666
368
257
320
557
1003
1616
2314
2989
3532
3852
3868
3600
3158
2670
2283
2130
2270
2657
3160
3620
3858
3770
3387
2818
2209
1690
1374
1320
1503
1785
1937
1818
1447
979
593
359
308
460
785
1181
1493
1649
1710
1788
1972
2299
2699
3060
3277
3231
2857
2203
1463
910
747
1082
1815
2661
3293
3516
3332
2885
2398
2048
1875
1873
2035
2317
2649
2978
3244
3400
3434
3343
3147
2887
2620
2360
2129
1962
1844
1718
1558
1360
1147
963
814
725
729
811
943
1126
1367
1641
1910
2138
2287
2404
2609
2967
3459
3966
4095
4095
3998
3519
3063
2756
2618
2549
2457
2305
2123
2003
1983
2013
2051
2076
2100
2133
2174
2222
2221
2084
1804
1490
1296
1344
1647
2070
2422
2555
2419
2113
1753
1398
1093
903
853
921
1048
1158
1205
1154
1006
854
869
1214
1931
2856
3713
4095
4095
3657
2770
1851
1242
1128
1480
2080
2624
2904
2889
2653
2332
2106
2116
2422
2945
3472
3771
3747
3429
2899
2220
1490
860
445
298
405
696
1050
1297
1297
1039
659
368
322
504
785
1029
1192
1336
1535
1880
2465
3310
4095
4095
4095
4095
4095
3896
2942
2250
1998
2176
2607
3005
3121
2888
2458
2051
1850
1895
2082
2238
2204
1955
1623
1390
1377
1597
1956
2327
2595
2645
2400
1865
1214
689
515
822
1568
2527
3370
3845
3880
3598
3244
3028
2994
2995
2837
2431
1832
1157
565
241
296
701
1307
1904
2314
2476
2404
2128
1683
1131
631
367
428
749
1171
1499
1619
1570
1495
1540
1778
2146
2546
2930
3271
3571
3864
4095
4095
4095
4095
4095
3888
3315
2622
1888
1176
556
106
35
60
357
847
1392
1909
2352
2644
2675
2423
2000
1602
1399
1454
1701
1959
2043
1850
1440
995
722
754
1093
1679
2443
3296
4086
4095
4095
4095
4095
3544
2805
2214
1903
1912
2120
2317
2325
2068
1583
951
288
37
36
33
185
957
1982
2893
3408
3424
3025
2439
1906
1604
1611
1948
2564
3335
4031
4095
4095
3492
2581
1813
1447
1508
1820
2135
2266
2162
1892
1586
1375
1366
1592
1957
2304
2503
2496
2325
2056
1718
1338
927
479
50
36
35
32
355
1285
2405
3388
4051
4095
4095
3959
3529
3117
2847
2805
2967
3220
3424
3455
3268
2889
2407
1906
1445
1068
849
835
1012
1295
1519
1552
1360
1011
619
319
264
618
1453
2656
3910
4095
4095
4095
4095
3805
3230
2860
2667
2587
2530
2390
2099
1642
1079
578
334
483
1061
1940
2877
3626
4014
4062
3898
3636
3313
2940
2528
2088
1670
1327
1095
984
961
991
1065
1156
1245
1363
1554
1854
2233
2598
2816
2795
2559
2225
1933
1784
1816
2009
2281
2517
2575
2312
1677
785
40
37
35
35
34
35
35
34
128
599
1398
2423
3532
4095
4095
4095
4095
4095
4095
3677
3068
2735
2614
2573
2501
2346
2097
1833
1712
1866
2345
3054
3750
4095
4095
3810
3165
2356
1475
596
39
37
35
32
333
1092
1875
2427
2597
2358
1805
1128
583
402
696
1455
2499
3539
4095
4095
4095
4095
4095
4095
4095
4095
4086
3912
3457
2689
1705
675
39
36
35
34
101
455
911
1358
1708
1900
1934
1864
1734
1621
1606
1725
2010
2441
2945
3410
3674
3670
3466
3201
2984
2832
2691
2511
2289
2054
1844
1632
1381
1071
731
421
246
316
697
1350
2113
2762
3100
3030
2602
1975
1388
1097
1304
2048
3186
4095
4095
4095
4095
4095
4030
3150
2271
1417
596
39
36
34
32
408
1497
2899
4095
4095
4095
4095
4095
3055
1785
619
38
37
35
33
393
1040
1713
2340
2914
3446
3859
3996
3768
3220
2518
1929
1668
1781
2148
2557
2825
2897
2797
2580
2304
2012
1769
1597
1471
1352
1163
887
571
293
143
146
298
577
937
1370
1842
2307
2706
2985
3115
3133
3059
2907
2688
2446
2286
2271
2408
2662
2932
3096
3083
2877
2483
1986
1496
1085
832
779
864
995
1131
1309
1576
1974
2532
3230
3995
4095
4095
4095
4095
4095
3882
3127
2540
2088
1673
1217
706
211
36
35
33
103
520
1050
1460
1611
1483
1162
856
820
1181
1910
2869
3855
4095
4095
4095
4095
4095
4095
3988
3766
3628
3532
3430
3293
3094
2817
2450
1963
1323
524
39
40
40
38
36
34
34
149
525
826
962
949
903
971
1244
1766
2509
3362
4095
4095
4095
4095
4095
4095
4095
4095
4095
4095
4095
4095
3821
3503
3208
2958
2733
2453
2088
1702
1406
1263
1259
1359
1511
1613
1537
1221
688
60
37
35
33
165
812
1657
2470
3090
3482
3641
3545
3221
2752
2295
1993
1913
2059
2350
2684
2950
3016
2856
2581
2332
2193
2174
2208
2196
2103
1941
1769
1697
1816
2095
2360
2409
2152
1655
1075
622
491
727
1207
1718
2099
2332
2478
2621
2829
3134
3529
3924
4095
4095
3693
2963
2190
1659
1562
1899
2473
2994
3245
3148
2723
2040
1232
447
37
35
35
35
34
39
182
605
1261
2004
2632
3021
3206
3337
3580
3976
4095
4095
4095
3945
3243
2535
1959
1566
1370
1365
1562
1945
2417
2829
3025
2904
2486
1922
1435
1157
1062
1046
1004
876
664
474
470
744
1247
1859
2426
2818
2985
2970
2875
2808
2824
2887
2904
2780
2488
2124
1834
1707
1790
2109
2657
3361
4029
4095
4095
3640
2725
1918
1560
1804
2551
3494
4095
4095
3882
2901
1772
821
269
120
188
243
111
36
36
35
33
210
872
1810
2796
3547
3853
3674
3178
2618
2171
1888
1785
1900
2240
2710
3188
3583
3819
3822
3540
2990
2288
1563
918
443
227
342
818
1530
2214
2610
2570
2114
1408
703
280
357
987
1997
3019
3678
3759
3318
2604
1908
1495
1481
1765
2141
2453
2694
2947
3267
3576
3756
3709
3409
2947
2490
2165
2043
2111
2273
2404
2371
2146
1832
1535
1288
1050
765
469
256
178
233
431
781
1278
1884
2533
3179
3740
4087
4095
3885
3380
2733
2093
1594
1305
1253
1424
1736
2041
2226
2289
2328
2422
2607
2840
3059
3248
3417
3579
3691
3643
3353
2805
2093
1423
998
954
1302
1925
2617
3103
3186
2853
2248
1616
1165
939
811
594
147
39
39
38
37
34
32
517
1688
2906
3791
4095
3976
3574
3220
3121
3358
3831
4095
4095
4095
4095
3986
3364
2782
2339
2066
1931
1860
1767
1565
1220
809
466
279
315
563
906
1206
1359
1404
1529
1936
2706
3697
4095
4095
4095
4095
4095
3593
2812
2059
1359
733
206
36
35
35
34
50
347
918
1640
2409
3125
3724
4095
4095
4095
4095
4095
4095
4095
4095
4001
3657
3283
2952
2726
2575
2385
2042
1502
843
293
77
248
720
1200
1408
1213
680
77
34
49
603
1524
2456
3097
3328
3173
2729
2174
1672
1305
1134
1209
1481
1818
2094
2199
2085
1793
1462
1253
1288
1598
2117
2703
3225
3574
3703
3624
3395
3099
2780
2495
2312
2249
2268
2294
2222
1969
1524
1004
620
540
780
1258
1871
2530
3181
3786
4095
4095
4095
4095
4050
3480
2711
1819
881
50
37
36
34
34
140
545
980
1371
1756
2196
2697
3191
3607
3903
4044
3967
3626
3023
2309
1754
1554
1756
2234
2728
3026
3079
2932
2696
2509
2410
2349
2289
2240
2208
2184
2136
2028
1854
1604
1254
793
258
36
34
134
668
1326
1904
2342
2642
2821
2912
2952
2989
3055
3100
3041
2874
2672
2543
2603
2900
3356
3750
3855
3573
3009
2362
1818
1461
1301
1298
1367
1456
1584
1804
2122
2424
2545
2406
2112
1873
1882
2206
2706
3099
3111
2594
1609
414
39
35
32
350
1492
2864
3990
4095
4095
4053
3315
2502
1710
1025
565
417
554
886
1355
1942
2602
3232
3690
3882
3852
3736
3661
3641
3540
3204
2554
1637
622
38
35
34
623
1603
2520
3007
2882
2208
1242
316
36
33
226
852
1687
2621
3557
4095
4095
4095
4095
4095
3884
3098
2238
1446
869
607
717
1138
1722
2329
2831
3145
3215
2982
2471
1816
1220
881
859
1025
1203
1266
1144
843
468
163
84
281
711
1234
1706
2011
2128
2152
2214
2431
2891
3581
4095
4095
4095
4095
4095
4095
3966
3649
3223
2664
2065
1529
1092
753
493
306
219
237
333
412
389
282
234
383
752
1284
1897
2481
2926
3188
3302
3335
3369
3446
3529
3601
3682
3807
3999
4095
4095
4095
3837
3100
2148
1230
598
377
523
847
1096
1081
741
196
37
34
33
202
709
1388
2164
2901
3451
3721
3667
3294
2656
1845
1007
374
143
393
1062
1954
2864
3626
4095
4095
3923
3450
2950
2581
2397
2403
2527
2627
2576
2373
2163
2081
2134
2206
2144
1919
1643
1477
1571
1932
2400
2748
2774
2411
1807
1232
950
1124
1755
2703
3732
4095
4095
4095
4033
3188
2380
1739
1313
1161
1297
1637
2040
2385
2562
2498
2230
1891
1645
1597
1742
1958
2104
2125
2025
1839
1596
1315
1019
688
288
37
37
36
34
32
506
1473
2597
3606
4095
4095
4095
3945
3514
3213
3057
2955
2759
2401
1959
1602
1496
1733
2214
2672
2835
2602
2130
1711
1598
1841
2308
2821
3240
3480
3481
3194
2634
1887
1099
381
37
36
35
34
37
372
1036
1839
2625
3265
3653
3741
3536
3119
2684
2499
2753
3452
4095
4095
4095
4095
4095
3355
2798
2588
2634
2770
2780
2480
1854
1080
425
132
262
680
1089
1206
945
478
118
98
451
1069
1720
2201
2356
2132
1590
954
535
546
975
1623
2212
2592
2813
2980
3135
3239
3221
3024
2689
2348
2183
2305
2706
3288
3869
4095
4095
4095
4051
3440
2628
1707
854
251
54
258
864
1652
2313
2608
2513
2211
1928
1814
1885
2065
2234
2253
2024
1551
995
633
715
1263
2073
2863
3383
3488
3228
2832
2567
2582
2840
3164
3359
3368
3260
3134
3007
2796
2431
1911
1308
719
189
36
36
34
33
86
399
768
1097
1386
1730
2183
2747
3386
4013
4095
4095
4095
3845
2859
1707
700
122
79
408
907
1390
1824
2236
2622
2935
3124
3165
3044
2796
2488
2179
1972
2001
2341
2962
3718
4095
4095
4095
4027
3290
2581
2034
1675
1439
1227
967
654
333
58
35
35
34
34
233
903
1888
3020
4049
4095
4095
4095
3461
2369
1428
948
1083
1729
2569
3188
3311
2933
2339
1892
1855
2251
2900
3559
4023
4095
3980
3460
2760
2018
1350
823
397
68
35
34
35
36
36
36
36
36
36
33
197
896
1865
2895
3780
4095
4095
4095
4095
3939
3971
4095
4095
4095
4095
4095
4095
4095
4095
4095
4095
4095
4026
3429
2457
1125
44
41
43
41
35
32
32
568
1348
2020
2549
2966
3289
3481
3541
3543
3547
3599
3725
3913
4095
4095
4095
4095
3903
3635
3376
3172
3037
2896
2630
2154
1465
662
39
37
37
36
36
34
33
382
1146
2103
3040
3698
3902
3661
3140
2521
1942
1472
1163
1056
1113
1268
1493
1832
2313
2865
3366
3692
3751
3528
3119
2731
2578
2777
3293
3895
4095
4095
4095
3740
3046
2216
1353
584
61
34
86
400
788
1083
1158
995
713
490
459
725
1291
2077
2973
3794
4095
4095
4095
3738
3057
2396
1913
1676
1648
1729
1812
1881
2000
2192
2395
2514
2528
2534
2634
2873
3245
3651
3987
4095
4095
4037
3633
3010
2238
1470
892
615
593
669
717
685
570
452
483
779
1338
2033
2654
2978
2946
2659
2313
2084
2060
2240
2518
2782
2993
3161
3291
3315
3114
2637
1945
1221
683
469
591
975
1447
1790
1881
1732
1417
1085
861
769
819
1050
1508
2177
2957
3651
4066
4091
3738
3130
2394
1640
948
416
185
378
971
1747
2412
2746
2766
2655
2591
2610
2640
2621
2604
2699
2948
3270
3508
3497
3212
2787
2391
2154
2150
2387
2802
3240
3510
3461
3062
2458
1825
1262
782
395
190
292
774
1576
2505
3334
3895
4095
3964
3505
2871
2214
1610
1044
454
38
36
34
34
175
631
1165
1606
1811
1722
1454
1251
1348
1866
2710
3624
4095
4095
4095
4095
3613
3046
2650
2445
2397
2455
2517
2465
2255
1919
1529
1196
999
984
1197
1612
2131
2666
3154
3569
3871
4006
3951
3664
3115
2370
1560
844
346
101
104
343
765
1204
1481
1528
1466
1518
1853
2437
3015
3314
3224
2874
2519
2342
2351
2470
2617
2731
2789
2800
2749
2598
2291
1797
1142
428
37
34
207
1025
2112
3112
3772
4018
3927
3692
3437
3172
2853
2469
2102
1828
1646
1547
1561
1739
2103
2566
2917
2986
2734
2262
1804
1581
1702
2082
2456
2543
2226
1611
955
505
348
473
842
1356
1859
2251
2526
2753
2955
3048
2935
2632
2285
2033
1897
1838
1839
1939
2146
2407
2615
2630
2355
1786
1077
485
276
605
1370
2244
2864
3007
2716
2212
1748
1511
1588
2002
2697
3550
4095
4095
4095
4036
3058
2081
1324
857
652
638
724
891
1171
1565
2031
2500
2875
3078
3029
2708
2215
1714
1343
1166
1214
1522
2107
2903
3702
4095
4095
3592
2535
1373
523
237
544
1261
2104
2855
3423
3811
4015
4014
3793
3336
2617
1663
608
39
38
36
35
34
35
353
908
1517
2038
2438
2731
2919
3027
3096
3179
3310
3451
3581
3730
3920
4095
4095
4095
4095
3939
3319
2614
1971
1458
1040
661
333
122
114
335
762
1340
2008
2658
3175
3484
3524
3241
2638
1785
870
134
36
35
42
223
547
989
1610
2452
3478
4095
4095
4095
4095
3714
2666
1957
1832
2294
3080
3766
3962
3461
2338
951
40
36
34
64
588
1209
1734
2100
2293
2326
2231
2083
2023
2124
2327
2546
2749
2938
3160
3444
3723
3880
3811
3418
2682
1745
895
435
534
1111
1866
2469
2736
2693
2519
2416
2489
2657
2703
2467
1913
1119
281
37
35
34
130
489
952
1494
2079
2580
2894
3006
3001
3007
3109
3322
3565
3710
3695
3503
3187
2871
2607
2348
2041
1694
1364
1118
977
888
791
651
523
543
795
1241
1783
2319
2784
3160
3396
3420
3173
2718
2273
2087
2275
2780
3409
3906
4053
3734
2970
1958
996
385
277
651
1328
2028
2542
2841
3033
3263
3556
3776
3773
3515
3051
2459
1858
1420
1263
1417
1785
2129
2259
2128
1752
1210
600
82
35
34
151
629
1316
2031
2626
2986
3065
2946
2775
2656
2633
2688
2783
2884
2910
2811
2625
2440
2311
2243
2158
1987
1762
1586
1538
1630
1794
1968
2116
2199
2253
2385
2688
3154
3665
4031
4095
3915
3501
2913
2187
1426
762
285
55
58
245
641
1147
1606
1884
1972
2004
2109
2340
2670
2979
3178
3219
3090
2850
2604
2487
2592
2894
3253
3452
3315
2832
2108
1301
623
274
363
885
1707
2557
3124
3208
2777
1950
991
179
36
34
101
661
1502
2367
2959
3129
2951
2613
2323
2249
2455
2909
3494
4001
4095
4025
3514
2809
2065
1357
759
334
97
76
275
692
1185
1567
1716
1680
1634
1781
2224
2923
3728
4095
4095
4095
4020
3236
2523
2038
1750
1549
1337
1086
871
740
685
712
802
878
867
748
561
387
366
665
1385
2463
3692
4095
4095
4095
4095
4095
4095
3540
2772
2317
2274
2558
2928
3119
2959
2456
1790
1178
765
608
712
1019
1417
1742
1849
1658
1267
917
793
922
1193
1474
1727
1955
2140
2271
2344
2360
2323
2286
2292
2352
2444
2509
2540
2616
2797
3051
3274
3374
3345
3216
3039
2839
2570
2176
1638
1001
382
40
46
374
970
1555
1905
1937
1700
1326
975
802
957
1533
2518
3757
4095
4095
4095
4095
4095
4095
4095
3415
2976
2767
2621
2381
2010
1563
1147
882
768
685
513
216
37
36
34
59
368
794
1185
1464
1617
1642
1576
1525
1631
1943
2348
2652
2675
2361
1802
1245
1012
1333
2235
3522
4095
4095
4095
4095
4095
4095
3351
2186
1050
101
36
34
33
351
878
1296
1475
1424
1265
1145
1134
1201
1271
1327
1459
1793
2345
2979
3481
3678
3492
3027
2496
2115
2023
2233
2668
3226
3802
4095
4095
4095
3849
2971
1928
937
174
36
34
272
813
1367
1770
1974
2031
2077
2184
2306
2336
2157
1743
1185
638
258
152
408
1097
2185
3477
4095
4095
4095
4095
4095
4095
4095
4035
3416
2785
2231
1767
1387
1092
885
795
846
991
1158
1292
1318
1170
819
307
37
36
35
33
102
771
1795
2907
3827
4095
4095
4095
3762
3578
3588
3678
3716
3614
3340
2910
2377
1869
1600
1749
2368
3325
4095
4095
4095
4095
3991
2748
1440
271
38
37
37
36
35
35
33
38
257
723
1407
2249
3072
3673
3931
3856
3617
3420
3436
3729
4095
4095
4095
4095
3613
2373
1014
41
38
36
34
33
414
996
1430
1641
1741
1879
2113
2401
2667
2854
2936
2981
3111
3381
3774
4095
4095
4095
4095
4095
3967
3006
1930
958
240
36
34
105
545
1225
2022
2759
3290
3583
3676
3656
3630
3653
3725
3722
3506
2983
2122
998
41
38
36
34
141
926
1756
2288
2408
2176
1789
1506
1527
1938
2664
3461
4049
4095
4095
3807
3332
2860
2501
2308
2222
2112
1855
1425
939
542
334
311
342
264
42
36
36
34
34
337
1015
1755
2398
2871
3146
3285
3388
3551
3867
4095
4095
4095
4095
4095
4095
3647
2949
2356
1956
1780
1765
1816
1874
1933
1975
1976
1960
2023
2276
2778
3468
4095
4095
4095
4095
4095
3413
2439
1638
1118
880
816
744
544
224
36
34
38
184
452
694
858
962
1056
1216
1494
1876
2266
2594
2841
2997
3008
2801
2338
1733
1255
1172
1594
2390
3231
3762
3743
3147
2225
1380
933
975
1389
1924
2313
2400
2207
1928
1770
1820
2019
2202
2209
2028
1775
1607
1640
1898
2356
2910
3384
3660
3746
3745
3750
3787
3786
3622
3257
2779
2300
1887
1540
1196
788
308
37
36
35
34
72
596
1436
2461
3539
4095
4095
4095
4095
4095
3882
3309
2865
2634
2673
2969
3379
3675
3647
3156
2202
943
40
38
35
32
233
914
1609
2196
2668
3024
3210
3152
2845
2363
1803
1257
804
520
517
865
1514
2283
2963
3438
3705
3842
3944
4046
4072
3936
3632
3238
2882
2648
2495
2315
2001
1483
813
121
37
36
36
35
34
56
358
839
1410
1981
2465
2842
3085
3143
2984
2651
2314
2157
2244
2488
2738
2875
2866
2751
2573
2397
2271
2183
2141
2192
2339
2566
2874
3249
3674
4095
4095
4095
4095
3649
2885
2025
1142
344
36
34
74
650
1559
2560
3428
4004
4095
4076
3611
2835
1876
959
351
194
433
864
1203
1248
1007
680
497
615
1032
1556
1932
1989
1770
1518
1484
1803
2421
3100
3555
3593
3187
2521
1871
1460
1402
1712
2361
3250
4095
4095
4095
4095
4095
3960
3018
2221
1687
1372
1198
1080
935
731
524
402
420
579
814
1051
1303
1647
2099
2576
2983
3293
3498
3599
3573
3429
3253
3120
3073
3138
3295
3459
3509
3319
2793
1946
973
188
35
122
681
1461
2230
2820
3148
3230
3082
2744
2300
1815
1353
955
578
214
36
35
37
208
584
967
1200
1249
1182
1136
1283
1684
2299
3037
3712
4095
4062
3628
2997
2390
1953
1760
1858
2241
2808
3387
3806
3922
3665
3113
2458
1912
1660
1774
2126
2450
2557
2416
2090
1655
1180
726
397
326
548
992
1542
2030
2357
2502
2509
2441
2348
2259
2227
2290
2482
2830
3304
3770
4014
3855
3242
2338
1424
728
357
278
382
596
885
1206
1512
1811
2135
2518
2988
3492
3949
4095
4095
4095
4095
3519
2716
1955
1406
1147
1164
1392
1791
2278
2700
2883
2700
2131
1309
529
114
211
757
1558
2370
3028
3454
3615
3559
3372
3117
2824
2474
2092
1807
1759
1986
2395
2866
3293
3603
3714
3488
2827
1758
506
39
35
32
450
1424
2387
2996
3046
2508
1515
347
38
35
32
603
1725
2815
3474
3519
3034
2285
1615
1321
1525
2116
2796
3226
3253
2981
2661
2492
2487
2546
2599
2644
2728
2860
2961
2897
2573
2032
1457
1056
931
1049
1263
1470
1654
1820
1978
2136
2293
2463
2610
2665
2558
2227
1678
1037
458
79
42
271
827
1542
2267
2885
3343
3691
4003
4095
4095
4095
3665
2852
1931
1168
821
989
1589
2435
3252
3761
3782
3319
2539
1672
981
683
870
1458
2243
2994
3494
3573
3181
2398
1410
446
38
36
34
226
959
1893
2778
3404
3702
3720
3605
3466
3303
3047
2635
2112
1663
1513
1752
2303
2948
3438
3596
3345
2764
2027
1346
887
676
643
716
870
1116
1484
1968
2503
2979
3263
3260
2911
2255
1463
775
397
467
960
1709
2436
2857
2829
2390
1713
1070
706
749
1226
1983
2735
3208
3268
3016
2716
2607
2748
3004
3162
3050
2647
2112
1703
1599
1792
2144
2458
2604
2556
2360
2078
1742
1426
1249
1279
1506
1845
2166
2376
2449
2458
2513
2648
2819
2927
2893
2752
2614
2597
2741
2982
3141
2999
2472
1687
914
452
443
793
1213
1435
1315
839
144
37
36
34
84
756
1700
2625
3332
3693
3714
3494
3179
2899
2720
2642
2646
2745
2950
3209
3386
3388
3239
3053
2902
2733
2411
1836
1030
188
36
35
33
436
1259
2206
3068
3691
4005
4017
3801
3493
3270
3268
3515
3924
4095
4095
4095
4073
3527
2992
2613
2426
2361
2270
2014
1547
893
113
38
37
36
35
34
44
347
735
1062
1230
1196
981
691
484
533
981
1814
2843
3832
4095
4095
4095
4095
3786
3234
2804
2574
2574
2757
3032
3334
3609
3839
4052
4095
4095
4095
3875
3158
2239
1331
701
515
764
1277
1775
1983
1754
1128
338
36
34
72
615
1328
1957
2417
2705
2870
2948
2904
2695
2302
1783
1293
1014
1077
1517
2253
3152
4035
4095
4095
4095
4095
3412
2579
1926
1577
1520
1600
1639
1533
1287
1003
806
818
1104
1632
2276
2807
2976
2680
1992
1068
113
38
37
35
33
309
1349
2678
3929
4095
4095
4095
3658
2661
1972
1793
2098
2681
3268
3626
3601
3154
2379
1511
818
447
454
800
1332
1906
2445
2929
3337
3625
3741
3634
3314
2853
2360
1927
1642
1546
1645
1918
2269
2511
2456
2005
1189
181
38
36
34
60
903
2072
3201
4049
4095
4095
4095
4095
3917
3683
3436
3113
2713
2339
2138
2219
2594
3156
3711
3998
3764
2900
1506
47
41
40
37
34
33
242
956
1647
2127
2378
2497
2619
2882
3336
3907
4095
4095
4095
4095
4095
3680
2998
2414
2012
1758
1580
1458
1468
1718
2241
2910
3502
3827
3764
3273
2423
1413
548
85
88
448
1044
1667
2117
2261
2102
1784
1468
1234
1110
1070
1059
1053
1081
1228
1604
2283
3220
4095
4095
4095
4095
3618
2400
1430
1035
1264
1893
2594
3111
3341
3265
2889
2296
1644
1081
720
628
815
1233
1722
2050
2054
1772
1396
1119
1038
1130
1290
1416
1410
1267
1070
946
1012
1276
1633
1945
2113
2098
1961
1807
1713
1706
1773
1913
2141
2428
2719
2986
3284
3691
4095
4095
4095
4095
4095
4095
4095
3587
3004
2338
1637
1067
806
957
1500
2283
3064
3598
3684
3281
2467
1393
256
38
37
35
34
50
362
799
1278
1779
2247
2574
2654
2452
2017
1496
1127
1165
1739
2753
3921
4095
4095
4095
4095
4020
3029
2056
1287
885
885
1172
1563
1861
1927
1782
1555
1343
1190
1093
1065
1193
1581
2223
2988
3693
4095
4095
4095
4095
4095
4095
3904
3551
3141
2755
2458
2208
1860
1270
373
40
40
39
37
34
32
394
1531
2871
4039
4095
4095
4095
4095
3930
3399
2802
2163
1574
1202
1180
1538
2122
2613
2696
2212
1292
328
36
32
352
1016
1642
1966
1893
1487
932
506
448
872
1770
3000
4095
4095
4095
4095
4095
4095
4095
3959
3177
2291
1386
592
46
35
34
145
646
1352
2093
2679
2949
2866
2570
2278
2135
2124
2112
1949
1586
1094
623
367
458
885
1529
2231
2875
3401
3859
4095
4095
4095
4095
4095
4095
4095
4095
3604
2540
1497
514
39
37
37
35
35
34
41
275
679
1200
1785
2308
2601
2623
2513
2495
2741
3284
4014
4095
4095
4095
4095
3595
2535
1700
1258
1196
1401
1723
2027
2185
2106
1835
1493
1178
929
717
465
161
36
36
36
36
36
34
33
423
1307
2404
3443
4095
4095
4095
4095
4095
4045
3621
3176
2782
2519
2461
2647
3060
3591
4051
4095
3961
3337
2467
1530
752
366
504
1101
1881
2541
2931
3087
3153
3257
3380
3377
3124
2586
1844
1076
422
38
35
40
398
1088
1831
2400
2715
2848
2904
2897
2792
2609
2418
2309
2332
2469
2636
2711
2633
2416
2139
1904
1778
1767
1833
1926
1989
1962
1789
1496
1229
1161
1378
1855
2434
2875
3009
2803
2340
1838
1559
1656
2075
2599
3014
3215
3177
2911
2482
2025
1697
1619
1796
2125
2491
2777
2909
2888
2725
2423
1972
1360
624
40
35
33
468
1326
2208
2882
3284
3484
3560
3554
3472
3259
2914
2503
2152
2018
2157
2459
2753
2883
2794
2565
2321
2130
2007
1982
2066
2194
2225
2048
1682
1248
899
730
703
705
641
535
538
815
1437
2350
3376
4095
4095
4095
4095
4095
3439
2250
1128
225
36
36
34
57
459
1099
1809
2431
2834
2969
2919
2816
2757
2801
2973
3216
3395
3402
3186
2805
2381
2001
1734
1672
1875
2356
3026
3655
3991
3860
3209
2143
917
40
36
35
34
120
862
1977
3247
4095
4095
4095
4095
4095
3101
2012
1103
493
264
414
865
1506
2159
2619
2786
2652
2302
1885
1481
1108
746
392
96
39
226
891
1909
3003
3895
4095
4095
4095
4095
3913
3624
3300
2932
2559
2304
2273
2502
2926
3406
3778
3860
3490
2649
1495
283
38
36
34
33
264
597
779
747
599
480
492
692
1113
1764
2588
3453
4095
4095
4095
4095
3461
2609
1812
1285
1156
1405
1904
2494
2993
3245
3178
2829
2307
1796
1479
1471
1806
2383
3001
3497
3789
3859
3731
3442
3042
2644
2375
2266
2245
2185
1989
1706
1456
1322
1320
1432
1567
1635
1575
1327
874
268
37
37
36
35
33
494
1305
2167
2923
3551
4095
4095
4095
4095
4095
3739
3002
2566
2618
3106
3769
4095
4095
4095
3555
2815
2155
1727
1540
1448
1237
743
56
37
34
33
403
1130
1752
2052
1998
1729
1494
1470
1735
2284
3021
3800
4095
4095
4095
4095
3393
2597
2100
2031
2337
2813
3153
3065
2411
1319
172
36
34
59
542
998
1112
842
382
53
89
618
1533
2503
3222
3563
3569
3389
3180
3010
2896
2804
2633
2318
1886
1428
1071
957
1152
1618
2240
2848
3288
3492
3532
3498
3464
3484
3551
3639
3697
3661
3455
3055
2571
2157
1914
1808
1728
1550
1177
590
40
38
37
36
33
225
1293
2636
3821
4095
4095
4095
4095
4095
4095
3473
2853
2374
2090
1961
1842
1615
1290
988
865
980
1296
1727
2136
2387
2396
2167
1828
1571
1555
1779
2072
2241
2162
1813
1337
920
717
795
1063
1348
1495
1448
1300
1210
1261
1458
1777
2190
2667
3173
3613
3937
4095
4095
4095
4095
4015
3744
3499
3365
3331
3318
3213
2891
2347
1734
1290
1140
1245
1479
1727
1903
1934
1737
1280
685
218
106
392
990
1710
2407
2948
3233
3250
3047
2728
2439
2253
2144
2074
2039
2022
1965
1873
1818
1897
2135
2442
2682
2747
2654
2464
2249
2069
1919
1791
1698
1626
1580
1619
1779
1999
2121
2010
1665
1193
707
283
49
73
452
1222
2235
3240
4003
4095
4095
4095
3997
3656
3340
3042
2751
2498
2306
2171
2093
2055
1988
1787
1361
697
41
37
35
33
227
956
1828
2621
3225
3592
3731
3737
3717
3755
3839
3879
3759
3361
2654
1781
1024
665
815
1317
1864
2197
2237
2063
1844
1784
1995
2437
2907
3206
3261
3152
3043
3068
3247
3468
3574
3419
2902
2077
1156
357
37
35
34
72
489
1196
2064
2893
3489
3725
3582
3133
2490
1838
1409
1377
1783
2514
3299
3798
3813
3381
2669
1871
1178
699
486
584
941
1438
1969
2450
2839
3137
3308
3285
3023
2545
1954
1402
1020
872
989
1329
1769
2164
2388
2395
2248
2021
1753
1505
1367
1388
1538
1775
2078
2392
2617
2643
2437
2080
1739
1577
1667
1986
2457
3002
3496
3803
3848
3640
3245
2781
2384
2133
2054
2142
2299
2357
2227
1953
1645
1372
1152
966
771
593
546
740
1194
1785
2343
2714
2789
2580
2183
1727
1383
1311
1598
2242
3090
3875
4095
4095
3793
3114
2510
2211
2261
2523
2761
2767
2458
1889
1260
796
595
625
772
924
1027
1078
1169
1459
2072
3014
4087
4095
4095
4095
4095
3746
3090
2578
2246
2102
2096
2149
2160
2068
1925
1830
1861
1982
2030
1825
1290
564
38
36
35
34
34
300
892
1589
2241
2779
3155
3301
3217
3005
2830
2839
3018
3175
3088
2678
2076
1489
1099
969
1013
1074
1019
820
603
601
987
1735
2651
3519
4095
4095
4095
3793
2960
2165
1701
1714
2185
2917
3647
4095
4095
3781
2888
1785
811
264
276
738
1340
1773
1870
1661
1368
1188
1176
1316
1581
1933
2300
2588
2694
2534
2120
1594
1177
1066
1315
1791
2297
2655
2739
2573
2323
2189
2273
2523
2815
3049
3218
3377
3524
3600
3566
3392
3097
2739
2376
2030
1665
1291
985
866
1040
1518
2141
2652
2820
2542
1924
1225
735
601
809
1259
1815
2330
2658
2718
2543
2221
1834
1432
1041
704
516
601
993
1608
2263
2716
2827
2645
2365
2169
2093
2064
2018
2017
2184
2557
3010
3337
3412
3232
2915
2625
2439
2323
2225
2092
1933
1841
1861
1930
1921
1716
1301
765
258
36
34
138
727
1721
2935
4095
4095
4095
4095
4095
4095
4095
4095
3707
3293
2886
2443
1934
1353
773
290
37
34
34
183
646
1308
2022
2620
2966
2957
2594
1984
1315
813
630
754
1061
1394
1680
1921
2130
2360
2637
2971
3371
3792
4095
4095
4095
4095
4095
3923
3517
3142
2874
2754
2715
2598
2276
1694
865
42
39
39
37
35
33
94
815
1732
2565
3137
3326
3130
2647
2073
1629
1484
1690
2133
2646
3094
3394
3532
3489
3234
2772
2184
1660
1434
1598
2088
2759
3482
4095
4095
4095
4095
4095
4095
4058
3529
2945
2243
1385
392
39
37
36
34
33
117
429
715
924
1069
1148
1179
1221
1393
1818
2542
3463
4095
4095
4095
4095
4095
4095
4061
3703
3323
2930
2519
2046
1507
937
422
115
87
289
679
1117
1443
1585
1590
1522
1415
1324
1332
1514
1855
2213
2431
2426
2233
1969
1722
1579
1650
2011
2659
3414
3978
4095
3706
2963
2187
1644
1475
1695
2170
2663
2976
3055
2963
2782
2571
2384
2210
1976
1590
1026
358
37
35
33
318
1099
2124
3194
4066
4095
4095
3621
2699
1815
1210
995
1162
1652
2344
3031
3487
3589
3356
2924
2512
2254
2121
2004
1820
1552
1225
902
681
638
775
1056
1436
1851
2197
2400
2477
2505
2588
2824
3198
3608
3927
4058
3967
3686
3320
2997
2851
2939
3228
3593
3874
3945
3694
3094
2212
1204
262
37
36
34
34
256
656
1033
1309
1514
1723
2006
2376
2763
3083
3218
3092
2692
2036
1259
603
302
483
1099
1910
2619
3036
3119
2904
2444
1793
1068
489
283
581
1348
2394
3453
4095
4095
4095
3849
2865
1746
658
38
37
35
33
217
790
1346
1720
1909
2015
2162
2379
2608
2766
2857
2986
3258
3685
4095
4095
4095
3980
3494
3144
3088
3355
3793
4095
4095
3895
3355
2720
2163
1722
1351
1030
812
733
758
800
759
641
532
498
557
664
768
869
1020
1303
1824
2621
3591
4095
4095
4095
4095
4095
3369
2466
1815
1548
1702
2206
2890
3562
4037
4095
3839
3166
2273
1293
329
38
38
37
35
33
220
1236
2448
3430
3910
3796
3152
2210
1269
589
315
396
661
959
1210
1375
1457
1520
1680
1998
2425
2869
3212
3342
3214
2924
2667
2601
2750
3005
3215
3277
3131
2799
2405
2132
2107
2369
2871
3471
3974
4095
3922
3284
2409
1528
838
459
395
596
1002
1560
2193
2766
3102
3109
2842
2451
2068
1716
1357
946
493
131
62
323
886
1569
2162
2485
2512
2369
2178
1998
1848
1753
1739
1789
1869
1967
2082
2252
2542
2974
3482
3934
4095
4095
4095
4095
4095
4095
4087
3833
3310
2568
1706
808
42
37
36
36
35
33
44
518
1299
2194
3014
3602
3835
3628
2993
2108
1287
821
901
1529
2537
3650
4095
4095
4095
3969
2808
1522
381
37
34
60
601
1352
2102
2733
3176
3377
3281
2919
2414
1937
1689
1789
2199
2759
3234
3394
3139
2560
1909
1418
1172
1157
1277
1396
1470
1570
1811
2277
2928
3599
4089
4095
4095
3757
3186
2528
1891
1327
850
480
250
189
305
574
943
1358
1829
2372
2914
3286
3313
2916
2200
1399
738
353
285
545
1143
2008
2940
3684
4079
4095
4087
4071
4095
4095
4095
4095
3920
3369
2721
2029
1378
878
592
485
502
602
729
811
777
628
495
557
922
1559
2286
2891
3269
3419
3360
3100
2682
2220
1830
1558
1411
1363
1385
1514
1797
2213
2652
2963
3001
2677
2030
1265
680
526
858
1500
2190
2683
2808
2522
1923
1257
856
964
1606
2608
3714
4095
4095
4095
4095
4095
4069
2930
1623
440
37
34
36
300
583
632
386
38
36
34
32
533
1584
2893
4095
4095
4095
4095
4095
4095
4095
4095
4095
3931
3266
2290
1062
42
38
37
34
42
538
1143
1618
1871
1911
1817
1686
1597
1545
1488
1450
1541
1881
2522
3392
4095
4095
4095
4095
3241
2203
1457
1158
1214
1432
1621
1683
1674
1667
1713
1836
2024
2274
2533
2732
2814
2734
2475
2089
1675
1366
1288
1453
1772
2099
2263
2218
2077
2016
2156
2503
2932
3257
3341
3158
2828
2524
2334
2191
1947
1499
909
397
165
285
727
1398
2192
3011
3733
4095
4095
3733
2907
2052
1496
1435
1827
2406
2868
3043
2884
2419
1759
1045
422
67
51
281
790
1465
2139
2599
2682
2397
1964
1680
1701
1982
2375
2714
2856
2777
2526
2160
1785
1497
1287
1108
926
766
737
935
1390
2079
2909
3710
4095
4095
3895
3056
2045
1197
774
908
1552
2490
3435
4095
4095
4095
3889
3253
2606
2125
1884
1835
1876
1902
1903
1959
2122
2337
2516
2594
2564
2440
2204
1826
1300
689
155
35
43
292
783
1444
2239
3083
3836
4095
4095
3965
3135
2162
1416
1139
1373
1972
2670
3202
3417
3287
2912
2508
2279
2286
2441
2564
2479
2116
1540
891
278
37
36
36
36
35
33
151
754
1560
2377
3097
3674
4095
4095
4095
4095
4095
4095
4095
4017
3474
2745
1919
1192
781
774
1100
1600
2067
2340
2373
2236
2053
1904
1810
1726
1601
1412
1156
863
618
564
797
1270
1787
2091
2010
1538
837
191
35
192
986
2240
3635
4095
4095
4095
4095
4095
3302
2096
1048
395
320
858
1818
2841
3574
3811
3510
2789
1839
889
158
35
73
529
1248
2097
2987
3882
4095
4095
4095
4095
4095
4095
3100
1934
969
322
43
35
36
38
50
121
337
743
1295
1905
2456
2802
2899
2794
2596
2432
2396
2564
2943
3432
3882
4095
4095
4069
3609
2908
2109
1355
719
198
36
35
34
285
875
1520
1977
2144
2083
1910
1719
1592
1609
1780
2073
2457
2858
3201
3460
3631
3670
3490
3014
2275
1495
969
910
1303
1922
2472
2749
2740
2566
2338
2110
1871
1539
1054
417
38
37
35
33
311
1342
2637
3828
4095
4095
4095
4095
3884
3494
3240
3028
2742
2337
1836
1363
1057
968
1097
1365
1643
1858
1999
2053
2084
2211
2529
3019
3514
3782
3698
3315
2834
2519
2541
2877
3297
3502
3266
2603
1775
1099
766
845
1276
1884
2437
2743
2699
2295
1698
1184
1004
1262
1880
2610
3173
3412
3291
2904
2438
2017
1647
1309
998
721
523
445
480
636
890
1156
1387
1613
1861
2150
2503
2851
3073
3105
2938
2574
2061
1488
1009
776
865
1255
1802
2331
2715
2896
2895
2794
2701
2719
2858
3040
3200
3326
3444
3523
3431
3037
2304
1390
605
181
209
657
1394
2185
2740
2842
2432
1692
990
626
696
1147
1794
2441
2973
3368
3675
3899
3967
3814
3417
2799
2050
1319
761
464
474
762
1232
1806
2426
2998
3383
3474
3251
2755
2135
1616
1386
1545
2089
2897
3766
4095
4095
4055
2932
1512
242
37
34
34
186
592
1050
1445
1736
1970
2249
2676
3271
3950
4095
4095
4095
4095
3498
2564
1783
1271
1003
875
784
620
363
124
52
171
565
1097
1551
1782
1786
1622
1415
1270
1218
1228
1242
1232
1286
1570
2200
3105
4021
4095
4095
4095
4095
3747
3317
3012
2807
2634
2445
2250
2092
1998
1968
1970
1914
1719
1390
1005
642
360
172
77
73
229
702
1519
2574
3697
4095
4095
4095
4095
4095
4095
4095
3539
2561
1509
471
38
37
36
35
33
151
609
1167
1706
2185
2596
2958
3292
3578
3762
3766
3558
3178
2722
2350
2203
2352
2813
3517
4095
4095
4095
4095
4095
3237
1766
408
39
37
34
34
58
417
893
1375
1785
2058
2159
2106
1983
1929
2011
2180
2339
2430
2446
2421
2425
2517
2754
3147
3609
4009
4095
4095
3714
2870
1780
719
42
34
177
704
1294
1740
1893
1689
1157
425
37
36
35
34
65
512
1103
1647
2076
2471
3002
3792
4095
4095
4095
4095
4095
4095
4095
4095
4095
3413
2756
2272
2038
2040
2117
2072
1771
1192
422
38
37
36
35
34
180
852
1589
2110
2242
2006
1602
1241
1035
1034
1263
1702
2265
2822
3240
3479
3549
3489
3377
3233
3037
2795
2506
2134
1676
1214
920
922
1245
1838
2583
3331
3899
4095
3880
3204
2245
1233
350
37
35
34
149
570
987
1253
1358
1453
1747
2370
3314
4095
4095
4095
4095
4095
4095
3684
2655
1800
1305
1247
1592
2144
2577
2614
2144
1299
385
36
34
167
813
1588
2219
2519
2474
2213
1936
1868
2126
2681
3352
3838
3873
3349
2382
1314
565
440
940
1773
2528
2906
2828
2466
2060
1805
1792
1955
2180
2360
2429
2363
2148
1848
1592
1470
1522
1753
2091
2440
2690
2727
2499
2049
1496
958
517
229
174
418
930
1559
2124
2472
2496
2188
1655
1120
792
755
948
1220
1438
1556
1582
1559
1552
1630
1879
2346
2962
3620
4095
4095
4095
4095
4095
4095
4095
3718
3179
2638
2219
2012
2077
2333
2592
2649
2403
1930
1441
1125
1083
1274
1520
1635
1552
1342
1168
1222
1569
2149
2846
3495
3888
3871
3387
2504
1437
495
36
36
414
1258
2292
3241
3827
3868
3356
2431
1306
271
37
35
34
70
406
887
1406
1875
2185
2316
2380
2528
2827
3185
3407
3345
2979
2430
1899
1558
1529
1793
2184
2500
2614
2512
2288
2064
1893
1775
1676
1605
1600
1694
1920
2305
2834
3442
4000
4095
4095
4095
3513
2733
1871
1075
478
157
110
210
322
334
224
116
201
598
1300
2226
3210
4091
4095
4095
4095
3800
2877
2054
1560
1539
1993
2798
3672
4095
4095
3535
2418
1164
83
36
35
34
137
673
1350
1972
2386
2548
2520
2432
2403
2478
2625
2797
2973
3156
3376
3607
3786
3829
3618
3098
2301
1358
509
42
40
410
1141
1965
2632
2926
2770
2274
1669
1223
1161
1555
2269
3038
3594
3763
3567
3173
2804
2561
2375
2102
1675
1194
802
571
534
706
1036
1430
1806
2122
2366
2561
2748
2922
3025
2979
2762
2432
2057
1700
1390
1094
771
412
104
45
272
861
1593
2254
2741
3027
3144
3137
3052
2986
3022
3175
3374
3496
3452
3276
3058
2853
2660
2450
2209
1982
1846
1865
2029
2255
2416
2415
2185
1694
955
80
38
37
36
34
68
836
1979
3218
4095
4095
4095
4095
4095
4095
4095
3742
3047
2248
1496
980
833
1002
1269
1426
1401
1217
961
729
595
649
941
1390
1794
1943
1768
1383
1010
855
967
1265
1615
1943
2285
2688
3168
3709
4095
4095
4095
4095
4095
4095
4028
3742
3556
3502
3539
3578
3519
3285
2828
2153
1376
643
57
37
36
36
35
35
32
258
935
1797
2616
3161
3328
3189
2939
2792
2863
3137
3446
3543
3272
2614
1661
594
39
38
37
34
32
581
1829
3316
4095
4095
4095
4095
4095
3674
3029
2545
2146
1724
1227
693
290
234
671
1575
2712
3750
4095
4095
4095
3971
3368
2817
2403
2098
1850
1670
1583
1581
1641
1756
1902
2050
2130
2031
1733
1370
1152
1235
1595
2002
2182
1950
1334
598
122
188
842
1883
2876
3452
3466
3013
2351
1760
1398
1278
1344
1505
1664
1790
1918
2118
2465
2943
3419
3733
3712
3270
2455
1510
809
674
1227
2325
3569
4095
4095
4095
3620
2609
1774
1213
891
691
486
259
77
45
177
595
1228
1944
2542
2874
2936
2847
2762
2736
2668
2405
1840
1012
135
37
35
33
240
895
1623
2195
2522
2693
2823
2955
3056
3104
3116
3155
3323
3657
4095
4095
4095
4095
4095
4095
3563
2584
1435
223
39
38
36
33
93
1016
2236
3293
3895
3982
3648
3037
2296
1549
964
679
726
1060
1593
2238
2893
3457
3877
4095
4095
3971
3755
3492
3146
2690
2148
1602
1191
991
990
1098
1146
996
614
130
36
34
200
950
2041
3199
4072
4095
4095
3542
2770
2209
2061
2341
2905
3525
3922
3844
3192
2096
904
49
34
80
634
1386
2014
2293
2190
1850
1512
1373
1457
1659
1851
1899
1744
1405
983
606
330
150
79
112
283
572
894
1214
1607
2162
2895
3722
4095
4095
4095
4095
4095
3697
2873
2163
1670
1431
1460
1772
2335
3005
3586
3952
4063
3909
3476
2814
2024
1259
680
353
245
324
597
1030
1554
2095
2566
2902
3048
3014
2878
2724
2602
2549
2558
2574
2495
2220
1690
953
215
36
34
136
766
1728
2784
3649
4095
4070
3608
2945
2384
2160
2326
2735
3158
3416
3449
3281
2956
2518
2031
1576
1233
1085
1108
1171
1110
810
298
37
35
33
330
1187
2258
3318
4095
4095
4095
4095
3980
3069
2163
1505
1197
1195
1400
1733
2134
2518
2729
2613
2104
1285
421
36
49
642
1623
2564
3164
3372
3299
3132
3041
3088
3238
3430
3589
3671
3672
3612
3473
3176
2653
1931
1110
333
37
36
36
35
34
33
324
950
1670
2319
2811
3105
3205
3159
3022
2896
2827
2780
2708
2561
2286
1872
1386
976
831
1075
1717
2633
3568
4095
4095
4095
3877
3090
2300
1683
1284
1036
886
876
1085
1502
1980
2350
2485
2320
1938
1550
1373
1501
1817
2089
2147
1979
1725
1547
1507
1634
1943
2427
3023
3607
4018
4095
3893
3446
2940
2585
2519
2718
2982
3081
2870
2358
1669
942
290
36
35
34
33
72
384
871
1404
1897
2300
2606
2834
3011
3194
3439
3780
4095
4095
4095
4095
4095
3532
2716
1838
1072
614
592
958
1496
1929
2074
1952
1708
1526
1558
1851
2339
2826
3057
2888
2372
1715
1180
983
1200
1764
2497
3160
3511
3377
2726
1652
342
41
38
36
33
146
1168
2389
3390
3947
4060
3836
3386
2794
2114
1460
992
863
1175
1845
2641
3279
3526
3298
2699
1933
1223
734
562
747
1288
2084
2959
3725
4095
4095
4095
3928
3366
2740
2189
1826
1653
1617
1677
1817
2046
2398
2832
3223
3442
3378
2999
2411
1778
1292
1088
1188
1519
1926
2277
2545
2780
3063
3379
3645
3787
3767
3563
3190
2729
2287
1910
1558
1155
676
219
35
35
48
222
491
681
652
342
37
36
35
34
94
637
1467
2467
3477
4095
4095
4095
4095
4095
4095
4001
3670
3186
2603
2112
1868
1926
2190
2420
2403
2065
1478
803
254
51
213
782
1549
2245
2659
2729
2517
2158
1770
1434
1205
1112
1150
1296
1561
1960
2455
2965
3425
3845
4095
4095
4095
4095
4095
4095
4095
4095
4095
4095
3183
2133
1043
55
38
37
36
35
32
95
677
1422
2062
2393
2303
1794
991
164
36
33
541
1635
2942
4095
4095
4095
4095
3764
2634
1677
1177
1242
1793
2545
3098
3114
2469
1322
93
36
33
209
1150
2150
2718
2616
1908
897
45
35
70
869
2049
3150
3803
3908
3670
3436
3494
3895
4095
4095
4095
4095
4095
3471
2714
1848
1020
455
331
632
1136
1531
1584
1295
899
649
663
896
1173
1318
1269
1119
1047
1204
1678
2427
3293
4081
4095
4095
4095
4095
4095
3984
3314
2598
1904
1248
629
119
35
132
704
1525
2330
2880
3086
2993
2756
2533
2442
2510
2675
2790
2714
2395
1882
1330
873
537
299
118
40
47
222
631
1100
1409
1384
988
353
37
35
33
258
1065
2087
3127
4063
4095
4095
4095
4095
4095
4095
4095
4095
3653
2955
2233
1517
862
352
75
60
226
553
932
1241
1447
1629
1910
2378
3031
3742
4095
4095
4089
3301
2255
1229
549
424
837
1537
2213
2660
2833
2769
2503
2102
1689
1380
1256
1300
1400
1482
1568
1692
1896
2243
2733
3331
3946
4095
4095
4095
3645
2626
1479
518
52
137
712
1493
2139
2434
2293
1771
1057
426
82
62
264
677
1244
1932
2632
3142
3312
3173
2886
2638
2500
2403
2259
2013
1644
1220
846
589
495
611
951
1462
2061
2656
3116
3315
3227
2942
2615
2403
2414
2673
3134
3678
4095
4095
4095
3654
2861
2028
1377
997
840
806
790
727
667
712
947
1385
1962
2611
3270
3859
4095
4095
4095
3692
3139
2572
2123
1896
1878
1922
1827
1463
903
401
192
349
819
1478
2142
2596
2681
2345
1705
998
431
158
274
795
1623
2614
3610
4095
4095
4095
4095
4095
3304
2352
1635
1356
1553
2088
2692
3065
2969
2356
1434
542
41
46
468
1213
2017
2698
3194
3522
3687
3657
3389
2871
2208
1591
1171
1015
1123
1396
1712
1992
2136
2023
1584
828
42
38
37
35
33
153
589
1013
1389
1831
2482
3366
4095
4095
4095
4095
4095
4095
4095
4095
3753
2902
2118
1562
1322
1406
1683
1971
2120
2045
1775
1425
1143
1024
1048
1123
1188
1251
1352
1512
1747
2060
2425
2741
2839
2636
2218
1783
1492
1343
1214
975
586
153
35
34
177
702
1432
2211
2929
3532
4021
4095
4095
4095
3773
3357
2945
2503
1990
1480
1176
1257
1787
2668
3622
4095
4095
4058
3040
1700
417
37
33
252
1136
2184
3031
3457
3428
3017
2392
1737
1165
730
437
320
411
694
1132
1666
2225
2745
3158
3411
3466
3342
3078
2699
2236
1758
1391
1246
1341
1658
2191
2913
3767
4095
4095
4095
4095
4095
4095
3569
2766
2203
1923
1853
1849
1718
1268
416
41
40
40
38
36
34
33
299
960
1617
2160
2572
2894
3164
3425
3731
4095
4095
4095
4095
4095
4095
4095
3686
2284
881
40
36
34
33
398
1179
2105
2935
3410
3369
2808
1927
1092
614
609
1033
1759
2642
3545
4095
4095
4095
4095
4068
3385
2866
2616
2556
2479
2231
1755
1085
364
37
35
34
35
218
521
811
1070
1315
1534
1742
2002
2383
2924
3591
4095
4095
4095
4095
3369
2342
1527
1228
1548
2369
3402
4095
4095
4095
3206
1921
789
173
218
819
1652
2312
2519
2245
1633
910
270
36
34
124
600
1168
1612
1831
1881
1939
2155
2521
2865
2964
2660
1989
1170
532
368
764
1576
2499
3270
3768
3981
3980
3894
3795
3694
3585
3407
3115
2700
2156
1523
880
320
43
96
594
1482
2505
3313
3668
3558
3116
2565
2140
1975
2046
2196
2238
2084
1768
1370
1020
842
898
1177
1539
1794
1849
1772
1735
1910
2317
2792
3120
3165
2910
2474
2044
1805
1897
2296
2851
3339
3571
3473
3098
2627
2234
2016
1969
1995
1966
1771
1410
962
507
122
35
36
146
453
798
1093
1338
1597
1942
2408
3002
3663
4095
4095
4095
4095
4095
4095
3480
2612
1791
1150
759
602
645
839
1126
1472
1813
2052
2134
2050
1813
1525
1350
1377
1621
1998
2333
2509
2501
2311
1990
1659
1439
1433
1731
2335
3140
3914
4095
4095
3750
2899
2001
1312
1006
1132
1601
2212
2757
3061
3048
2748
2248
1662
1059
522
135
36
56
203
401
588
783
1033
1353
1667
1869
1887
1745
1589
1585
1787
2152
2569
2963
3323
3662
4034
4095
4095
4095
4095
4095
3536
2366
1220
332
36
64
548
1339
2167
2798
3133
3216
3133
2935
2643
2306
1993
1757
1656
1764
2067
2462
2842
3154
3391
3537
3562
3458
3215
2809
2272
1649
1019
477
100
37
128
591
1377
2365
3335
4018
4095
3701
2793
1715
750
98
35
81
506
1105
1674
2102
2340
2388
2272
2056
1866
1842
2031
2318
2471
2303
1816
1237
864
918
1427
2191
2858
3147
2954
2369
1654
1104
890
1064
1506
2044
2547
2956
3278
3488
3492
3229
2718
2033
1354
903
809
1076
1610
2247
2773
3053
3078
2877
2482
1921
1230
506
38
34
239
922
1783
2566
3134
3512
3747
3830
3739
3447
2972
2448
2094
2068
2410
3057
3851
4095
4095
4095
4095
3917
2854
1820
1020
595
529
698
941
1082
975
610
106
36
35
33
168
932
1962
2938
3639
3988
4038
3863
3514
3092
2728
2514
2423
2318
2079
1739
1461
1412
1613
1949
2272
2471
2460
2167
1591
873
284
68
228
652
1148
1597
1938
2128
2195
2249
2415
2765
3236
3669
3886
3733
3154
2247
1277
556
248
370
780
1249
1595
1759
1784
1780
1864
2070
2378
2763
3155
3490
3763
3990
4095
4095
3931
3563
3120
2675
2234
1825
1550
1530
1808
2253
2585
2542
2003
1058
56
37
34
103
842
1783
2628
3260
3659
3816
3745
3477
3035
2460
1848
1325
970
826
870
1056
1364
1831
2480
3275
4095
4095
4095
4095
4095
3978
3030
1975
876
40
37
36
33
367
1411
2617
3575
3967
3677
2882
1948
1260
1038
1258
1686
1999
1940
1415
581
38
35
33
422
1197
2003
2645
2999
2989
2616
1995
1335
830
577
629
1025
1739
2634
3484
4063
4095
4085
3719
3317
3060
3066
3350
3807
4095
4095
3862
3117
2256
1547
1139
1010
1073
1171
1136
870
399
38
35
33
168
724
1422
2037
2446
2680
2883
3189
3579
3879
3950
3814
3585
3400
3301
3251
3241
3279
3353
3375
3250
2962
2573
2181
1821
1478
1162
883
652
462
281
107
37
37
148
491
965
1473
1882
2120
2220
2220
2104
1829
1380
820
289
36
39
301
916
1706
2511
3207
3733
4095
4095
4095
4095
4095
4095
4095
4095
4015
3274
2602
2050
1602
1257
1079
1140
1400
1689
1787
1541
957
254
36
33
342
1236
2317
3249
3762
3742
3288
2678
2188
1952
1997
2263
2666
3129
3588
3968
4095
3974
3349
2304
1037
42
37
36
33
81
746
1610
2394
2950
3240
3284
3117
2836
2600
2504
2583
2820
3095
3250
3205
2935
2452
1830
1189
645
328
318
621
1203
1922
2542
2835
2686
2197
1638
1297
1327
1707
2307
2921
3360
3510
3371
3027
2620
2273
2063
2003
2064
2166
2185
2041
1748
1423
1255
1342
1648
2043
2372
2521
2424
2148
1884
1837
2077
2530
3054
3518
3828
3943
3812
3391
2728
1976
1334
911
682
573
499
439
454
578
791
1064
1333
1546
1724
1879
2010
2094
2104
2048
1974
1938
1972
2109
2350
2672
3049
3383
3559
3497
3186
2674
2019
1312
660
129
35
34
43
392
1115
2089
3111
3913
4095
4062
3353
2398
1526
969
866
1261
2026
2958
3837
4095
4095
4095
4095
4069
3375
2547
1720
1115
925
1239
1978
2893
3638
3975
3847
3367
2692
1962
1313
811
430
92
38
37
37
35
34
52
620
1386
2077
2519
2717
2821
3022
3454
4095
4095
4095
4095
4095
4095
3197
2112
1254
763
660
902
1345
1768
1959
1840
1484
1052
754
753
1111
1758
2522
3185
3549
3545
3231
2810
2499
2396
2465
2562
2502
2212
1766
1287
860
566
492
650
964
1337
1639
1759
1706
1588
1500
1482
1498
1473
1353
1147
934
874
1152
1819
2716
3571
4095
4095
4095
4055
3972
4085
4095
4095
4095
4095
3886
3247
2486
1763
1230
973
1026
1335
1790
2269
2648
2776
2499
1763
709
40
37
36
33
188
676
1037
1089
897
721
833
1332
2068
2740
3069
2958
2519
1960
1546
1467
1781
2396
3087
3660
4040
4095
4095
3844
3373
2920
2652
2640
2809
2959
2956
2805
2550
2225
1888
1610
1403
1217
974
632
280
84
136
512
1207
2127
3080
3821
4095
3973
3416
2760
2308
2255
2576
3024
3329
3357
3148
2801
2373
1851
1225
546
39
35
33
137
666
1390
2089
2554
2632
2297
1715
1191
1038
1412
2218
3175
3980
4095
4095
3753
3138
2682
2562
2736
3010
3193
3128
2775
2201
1519
889
429
172
129
289
597
909
1059
975
709
383
185
286
731
1439
2227
2844
3155
3205
3115
2967
2782
2598
2509
2573
2745
2922
3047
3139
3258
3405
3480
3400
3181
2866
2474
1999
1452
903
474
314
510
1042
1781
2524
3065
3297
3283
3151
3009
2886
2758
2612
2421
2180
1942
1745
1628
1588
1537
1430
1339
1398
1711
2240
2822
3274
3427
3237
2812
2354
2068
2080
2378
2826
3226
3373
3127
2475
1549
626
44
34
84
437
844
1119
1172
979
610
239
93
262
742
1440
2221
2914
3339
3369
3033
2480
1877
1366
1057
1028
1290
1822
2549
3318
3951
4095
4095
4095
3861
3637
3505
3388
3157
2760
2229
1640
1133
878
999
1512
2286
3048
3523
3545
3119
2431
1759
1358
1360
1683
2056
2173
1864
1153
261
38
35
32
382
1265
2320
3288
3983
4095
4095
4095
4095
3699
3154
2547
1979
1500
1113
841
763
947
1368
1883
2322
2576
2615
2475
2182
1766
1305
918
762
973
1581
2458
3323
3856
3858
3360
2587
1785
1176
879
874
1070
1331
1507
1537
1506
1588
1891
2406
3002
3457
3585
3306
2671
1855
1078
521
276
348
727
1410
2315
3298
4095
4095
4095
4095
4095
4095
4095
3855
3132
2221
1226
279
38
37
36
34
32
473
1479
2582
3379
3635
3402
2897
2398
2083
1983
2064
2223
2310
2207
1914
1608
1523
1811
2440
3170
3693
3836
3537
2825
1816
724
39
35
34
34
218
552
854
1150
1478
1827
2153
2393
2515
2599
2763
3058
3406
3688
3847
3890
3825
3655
3402
3114
2819
2535
2281
2021
1681
1209
627
58
36
36
35
35
35
34
256
858
1649
2477
3189
3721
4064
4095
4095
3834
3473
3196
3114
3221
3392
3468
3384
3189
2990
2877
2898
3085
3436
3853
4095
4095
4095
3813
3181
2381
1494
665
90
35
103
558
1226
1896
2394
2640
2655
2500
2233
1929
1672
1502
1434
1467
1543
1600
1640
1668
1654
1596
1513
1403
1289
1244
1330
1591
2027
2561
3025
3249
3125
2616
1778
795
41
35
33
373
1187
2069
2726
3020
3012
2819
2555
2330
2227
2240
2265
2166
1911
1636
1544
1752
2212
2793
3311
3606
3591
3224
2610
1992
1622
1617
1929
2420
2890
3135
2990
2408
1518
643
132
161
678
1485
2317
2932
3164
3021
2691
2377
2172
2028
1829
1516
1136
844
836
1246
2090
3186
4095
4095
4095
4095
3935
3333
2755
2265
1959
1870
1953
2088
2112
1962
1722
1535
1473
1491
1476
1323
1020
710
601
798
1285
1969
2707
3319
3614
3505
3066
2473
1925
1543
1368
1425
1655
1944
2138
2080
1703
1063
318
37
35
32
432
1383
2459
3340
3862
4039
4002
3935
3932
3936
3850
3582
3101
2491
1945
1678
1803
2244
2732
2965
2791
2291
1662
1083
701
598
747
1075
1514
1971
2315
2400
2150
1638
1071
650
481
539
770
1132
1608
2204
2880
3527
3978
4088
3811
3235
2554
1986
1639
1540
1655
1911
2248
2616
2932
3131
3173
3068
2901
2778
2739
2722
2596
2222
1600
862
226
35
35
101
321
601
898
1219
1551
1815
1923
1839
1570
1210
885
715
819
1312
2218
3399
4095
4095
4095
4095
4095
4095
3913
3173
2572
2205
2128
2339
2757
3210
3461
3356
2869
2092
1198
326
37
35
34
46
392
807
1105
1303
1498
1758
2093
2499
2947
3404
3821
4077
4006
3521
2702
1766
938
343
49
36
76
210
380
533
649
786
1031
1443
2017
2628
3145
3475
3563
3426
3119
2707
2281
1928
1699
1611
1676
1926
2357
2879
3383
3750
3872
3717
3373
2992
2691
2501
2390
2347
2441
2743
3202
3638
3869
3788
3383
2767
2114
1544
1131
908
865
953
1163
1506
1984
2569
3135
3529
3664
3478
2941
2108
1147
288
36
34
34
260
817
1545
2332
3047
3549
3741
3539
2938
2073
1185
556
398
723
1379
2114
2693
3012
3083
2951
2631
2171
1632
1079
593
247
123
246
592
1077
1550
1887
2044
2047
1969
1853
1722
1630
1632
1745
1952
2247
2650
3161
3719
4095
4095
4095
3832
3155
2374
1686
1296
1292
1619
2146
2696
3101
3211
2947
2379
1693
1074
630
365
237
256
456
814
1284
1817
2333
2757
3063
3260
3402
3579
3851
4095
4095
4095
4095
4095
4095
4095
4095
3915
2876
1570
214
39
36
33
164
938
1668
1945
1643
906
68
37
35
34
151
639
1194
1717
2224
2770
3354
3846
4069
3908
3435
2872
2484
2454
2798
3381
4011
4095
4095
4095
4052
3220
2215
1228
474
83
48
130
227
214
75
37
35
35
34
89
476
1014
1576
2079
2483
2793
3067
3375
3734
4093
4095
4095
3790
2954
1974
1140
634
492
662
1040
1514
2036
2537
2926
3124
3126
3042
3030
3171
3377
3482
3373
3049
2620
2230
1980
1951
2149
2512
2898
3139
3116
2819
2363
1872
1457
1178
1045
1044
1107
1187
1263
1308
1326
1350
1412
1544
1765
2113
2607
3224
3822
4095
3989
3240
2027
669
39
36
33
237
919
1627
2235
2754
3264
3823
4095
4095
4095
3988
3207
2525
2214
2310
2600
2817
2761
2342
1601
751
98
34
93
450
850
1122
1184
1058
879
862
1150
1746
2507
3216
3743
4041
4095
3924
3482
2897
2324
1889
1676
1673
1828
2106
2459
2831
3115
3159
2849
2202
1363
529
37
34
132
745
1559
2291
2716
2726
2407
1989
1684
1559
1567
1641
1794
2085
2495
2873
3026
2884
2560
2274
2241
2529
3057
3602
3874
3686
3066
2258
1528
1013
739
685
788
929
964
795
474
176
59
123
418
953
1719
2644
3570
4095
4095
4095
4018
3338
2596
2004
1737
1861
2343
3006
3576
3790
3519
2823
1893
997
392
210
458
1078
1938
2820
3491
3772
3567
2954
2136
1364
828
577
540
608
714
910
1294
1882
2575
3190
3497
3357
2809
2082
1469
1188
1331
1865
2668
3548
4095
4095
4095
4095
3833
3418
3007
2541
2026
1543
1202
1070
1093
1137
1069
804
390
37
37
36
36
35
34
38
376
820
1139
1316
1507
1847
2384
3082
3800
4095
4095
4095
3589
2876
2366
2203
2397
2867
3494
4095
4095
4095
4095
3690
2807
1836
990
495
458
845
1521
2252
2777
2951
2755
2325
1922
1798
2022
2429
2740
2768
2529
2166
1811
1554
1458
1528
1708
1898
1988
1922
1743
1610
1650
1872
2201
2553
2864
3098
3232
3216
2957
2435
1717
946
298
36
34
36
182
505
830
1024
1020
864
728
800
1149
1768
2604
3562
4095
4095
4095
4095
4095
3168
2335
1767
1533
1616
1948
2465
3043
3530
3799
3785
3552
3253
3043
3003
3096
3192
3133
2846
2383
1811
1176
554
75
36
35
35
34
34
56
461
1191
2023
2697
3042
3027
2776
2493
2307
2210
2141
2036
1849
1625
1434
1312
1284
1366
1544
1741
1901
1992
1985
1925
1915
2028
2294
2677
3084
3445
3729
3944
4057
3979
3679
3254
2858
2594
2435
2251
1903
1356
744
248
40
54
268
669
1184
1759
2318
2773
3052
3140
3039
2754
2304
1749
1240
952
981
1311
1808
2307
2674
2893
3011
3094
3179
3236
3234
3199
3168
3133
3049
2857
2521
2066
1570
1166
983
1056
1369
1885
2486
3005
3322
3431
3424
3428
3466
3417
3127
2555
1842
1198
765
591
624
751
915
1145
1499
2022
2700
3435
4078
4095
4095
3562
2382
1103
188
35
352
1112
1939
2524
2692
2449
1937
1408
1101
1137
1423
1727
1865
1799
1620
1423
1224
1028
876
795
807
922
1124
1357
1548
1617
1487
1163
776
548
645
1092
1798
2586
3276
3753
3983
4020
3962
3894
3852
3861
3914
3959
3917
3744
3413
2957
2485
2113
1928
1961
2140
2281
2182
1707
839
41
38
37
35
32
381
1234
2185
3095
3883
4095
4095
4095
4095
4085
3805
3472
2972
2227
1269
248
38
36
34
131
885
1767
2419
2711
2750
2771
2998
3487
4095
4095
4095
4095
4095
4095
4095
4095
3859
3175
2358
1444
539
38
35
33
167
601
883
777
318
36
35
33
234
1003
2048
3152
4091
4095
4095
4095
3918
3215
2631
2287
2231
2385
2619
2842
3017
3146
3245
3299
3217
2858
2189
1331
460
38
37
37
37
37
36
34
33
358
1059
1859
2648
3342
3897
4095
4095
4095
4095
4095
4095
3994
3739
3592
3481
3315
3039
2675
2329
2105
1989
1858
1605
1189
635
94
35
35
395
1164
2021
2688
2978
2853
2425
1885
1446
1291
1503
1999
2534
2864
2847
2486
1900
1252
743
567
810
1416
2183
2823
3153
3139
2879
2543
2239
2014
1907
1911
1975
2073
2178
2223
2154
2006
1921
2039
2431
3047
3698
4095
4095
4095
3693
2841
1769
662
39
35
33
274
1034
1908
2605
2974
3061
2996
2920
2902
2931
2971
2935
2749
2401
1956
1526
1217
1135
1333
1738
2172
2428
2363
2034
1683
1534
1632
1869
2054
2039
1806
1487
1282
1356
1825
2661
3657
4095
4095
4095
4087
3180
2317
1748
1600
1860
2395
2953
3270
3172
2634
1801
893
144
35
33
286
890
1571
2076
2186
1804
998
72
36
34
298
1388
2775
4007
4095
4095
3779
2637
1572
829
434
268
208
228
359
580
827
1046
1254
1502
1802
2166
2625
3135
3587
3882
4014
4076
4095
4095
4095
4095
4095
4092
3395
2558
1814
1402
1429
1776
2193
2424
2285
1781
1118
575
343
425
678
958
1214
1472
1779
2148
2487
2638
2487
2048
1511
1090
931
1079
1424
1764
1926
1879
1756
1730
1911
2321
2833
3220
3282
2918
2243
1518
1014
906
1211
1826
2544
3111
3329
3157
2704
2153
1718
1541
1588
1725
1807
1785
1719
1696
1809
2091
2506
3035
3637
4095
4095
4095
4095
4095
3628
3015
2482
2074
1742
1435
1138
858
626
444
352
427
732
1263
1870
2294
2380
2146
1733
1345
1172
1302
1671
2129
2524
2714
2626
2311
1872
1451
1208
1199
1355
1582
1821
2072
2365
2696
2976
3095
3001
2713
2297
1822
1397
1156
1202
1544
2043
2506
2800
2869
2690
2253
1621
954
429
179
259
636
1232
1900
2476
2858
3047
3093
3070
3046
3055
3059
2938
2575
1974
1323
897
899
1343
2084
2913
3628
4095
4095
4095
3947
3490
2903
2274
1715
1288
997
775
515
195
36
34
37
238
622
1009
1314
1537
1766
2103
2591
3158
3618
3837
3805
3631
3481
3423
3442
3457
3385
3226
3025
2841
2690
2547
2391
2172
1880
1531
1115
631
138
36
34
112
678
1532
2491
3359
3976
4095
4095
4095
4095
4095
3910
3442
2871
2319
1872
1498
1107
619
62
36
35
32
486
1531
2771
3839
4095
4095
3730
2680
1502
467
36
33
163
881
1923
3005
3822
4095
4046
3615
3074
2562
2163
1885
1725
1657
1656
1735
1886
2079
2251
2305
2226
2090
1985
1953
1997
2050
2007
1848
1641
1469
1409
1531
1848
2305
2754
EOF