Process identification data:
2110
2112
2116
2109
2054
1891
1633
1339
1067
851
697
626
741
1159
1871
2695
3363
3657
3553
3207
2802
2475
2279
2188
2162
2224
2452
2870
3435
4049
4095
4095
4095
4095
4095
3829
3475
3261
3166
3102
2947
2643
2217
1705
1103
452
38
36
35
35
34
34
72
335
778
1343
1987
2590
3034
3259
3250
3070
2872
2805
2957
3294
3652
3797
3582
3021
2267
1525
979
777
975
1510
2212
2829
3147
3071
2638
2036
1537
1354
1568
2062
2592
2926
2908
2519
1889
1269
911
938
1310
1839
2256
2374
2193
1865
1609
1591
1821
2203
2594
2854
2963
3003
3046
3113
3165
3155
3111
3129
3257
3492
3779
4038
4095
4095
4095
4095
4095
4095
4095
4095
3443
2311
1291
566
197
155
350
636
883
1013
966
748
469
319
436
811
1302
1757
2107
2359
2578
2798
2969
3015
2934
2786
2668
2660
2735
2800
2828
2882
3037
3335
3756
4095
4095
4095
3539
2532
1417
578
323
705
1478
2277
2782
2810
2388
1713
1071
726
811
1330
2150
3027
3706
4003
3877
3489
3081
2805
2701
2721
2734
2580
2147
1402
448
39
37
34
33
305
954
1628
2210
2642
2949
3187
3377
3558
3751
3960
4095
4095
4095
4095
4095
4095
3996
3166
2466
2110
2198
2649
3193
3517
3464
3073
2511
1974
1602
1389
1211
966
658
392
252
213
167
80
57
215
667
1316
2018
2598
2962
3145
3235
3323
3418
3462
3381
3138
2768
2305
1786
1286
936
857
1083
1520
1941
2125
1978
1603
1238
1082
1193
1498
1910
2389
2890
3352
3752
4095
4095
4095
4095
4095
4095
4095
4095
3220
2190
1258
580
208
90
114
266
626
1269
2196
3311
4095
4095
4095
4095
4095
3029
1991
1342
1167
1425
1925
2391
2576
2373
1864
1271
853
787
1112
1689
2212
2398
2107
1443
692
116
35
34
105
318
568
811
1068
1393
1830
2407
3077
3714
4095
4095
4095
4095
4095
4095
4095
4095
4095
3803
3474
3381
3584
3958
4095
4095
3463
2379
1138
156
34
195
1028
2082
2941
3367
3288
2812
2180
1588
1129
838
705
661
621
564
573
772
1202
1761
2292
2679
2901
2945
2773
2400
1963
1639
1536
1646
1871
2101
2309
2455
2447
2206
1768
1268
839
570
523
740
1221
1881
2581
3228
3780
4095
4095
4095
4059
3572
3014
2464
2018
1748
1677
1767
1913
2031
2045
1920
1702
1517
1517
1808
2328
2878
3206
3107
2543
1677
822
298
286
775
1628
2639
3606
4095
4095
4095
4095
3474
2493
1501
643
64
35
34
188
630
1200
1765
2176
2358
2378
2420
2621
2999
3469
3868
4095
4095
3856
3415
2949
2674
2738
3096
3541
3828
3790
3451
2946
2453
2133
2003
1937
1803
1576
1341
1207
1174
1163
1088
888
618
424
401
564
886
1274
1598
1773
1775
1629
1467
1471
1725
2216
2879
3590
4095
4095
4095
4095
3780
3252
2724
2304
2102
2166
2415
2653
2687
2377
1775
1105
628
483
627
890
1098
1151
1019
742
410
202
340
948
1947
3091
4095
4095
4095
4095
4095
3930
3070
2223
1562
1257
1384
1901
2655
3406
3884
3864
3307
2396
1405
613
179
118
351
738
1065
1159
1009
783
684
839
1257
1819
2389
2832
3032
2999
2838
2688
2682
2860
3186
3607
4041
4095
4095
3776
2800
1533
247
39
37
36
34
33
348
1070
1996
2958
3805
4095
4095
4095
4095
4095
4095
4095
4095
4095
4095
3936
3068
2281
1669
1229
888
579
272
50
35
35
36
37
37
38
36
34
119
1181
2678
4095
4095
4095
4095
4095
4095
3789
2789
1880
1239
956
1041
1409
1888
2294
2446
2243
1702
1015
484
349
671
1320
2022
2575
2932
3115
3127
2948
2604
2182
1798
1538
1397
1331
1329
1441
1761
2357
3210
4095
4095
4095
4095
4095
3037
1638
523
39
170
894
1911
2842
3370
3339
2839
2152
1623
1508
1873
2579
3365
3943
4095
3858
3233
2350
1380
536
41
34
83
370
698
992
1265
1557
1836
1974
1841
1432
913
471
207
161
351
799
1442
2090
2511
2555
2277
1931
1763
1899
2311
2842
3317
3610
3657
3447
3060
2620
2205
1866
1664
1650
1798
2019
2257
2548
2976
3579
4095
4095
4095
4095
4095
3692
2393
1133
224
35
38
353
934
1547
1969
2079
1942
1749
1655
1653
1660
1646
1625
1591
1496
1295
1070
1026
1288
1794
2336
2686
2764
2630
2386
2130
1908
1742
1623
1539
1492
1499
1577
1726
1942
2245
2657
3128
3585
3944
4095
4095
4095
4095
4088
4095
4079
3844
3366
2706
1975
1357
988
913
1132
1549
2019
2433
2681
2654
2290
1602
702
39
36
34
176
1153
2455
3583
4095
3930
3136
2129
1311
990
1279
2080
3124
4037
4095
4095
3738
2847
1994
1423
1247
1425
1739
1899
1699
1116
300
38
35
34
34
370
837
1087
1036
803
654
825
1404
2312
3352
4095
4095
4095
4095
3497
2532
1668
1053
734
686
801
982
1191
1387
1568
1767
1978
2180
2346
2403
2295
2060
1804
1630
1646
1891
2320
2857
3415
3871
4095
4080
3839
3433
2976
2561
2217
1943
1762
1707
1818
2153
2709
3365
3907
4095
3860
3190
2315
1516
1022
923
1107
1349
1426
1227
813
413
316
681
1475
2497
3452
4095
4095
4095
4095
4030
3419
2746
2106
1525
993
522
201
134
375
902
1585
2298
2943
3476
3879
4091
4057
3799
3411
3038
2798
2725
2763
2813
2721
2312
1485
281
41
40
39
36
35
32
342
1094
1681
1937
1991
2097
2419
2957
3600
4095
4095
4095
4095
4095
4038
3655
3305
3035
2873
2807
2813
2844
2800
2541
1965
1057
46
40
38
36
34
33
589
1466
2311
2913
3228
3357
3423
3494
3583
3651
3619
3493
3332
3209
3181
3219
3289
3401
3541
3634
3561
3222
2615
1852
1162
744
730
1160
1932
2810
3534
3898
3784
3235
2409
1500
721
248
174
489
1126
1938
2747
3432
3914
4095
4029
3676
3139
2526
2005
1699
1656
1801
1960
1991
1825
1486
1065
666
398
317
395
516
578
556
480
465
636
1014
1507
2015
2477
2904
3322
3706
3984
4095
4035
3723
3132
2320
1481
848
583
740
1240
1860
2300
2364
2025
1448
923
646
618
746
901
957
858
648
499
652
1217
2080
2982
3688
4018
3912
3418
2734
2200
2122
2620
3566
4095
4095
4095
4095
3324
1986
1030
762
1225
2206
3308
4095
4095
4018
3201
2225
1345
731
413
325
392
538
706
865
1024
1178
1314
1448
1590
1746
1897
1967
1940
1853
1765
1725
1715
1735
1823
2023
2331
2682
3020
3271
3344
3205
2876
2402
1865
1394
1108
1100
1436
2044
2721
3235
3383
3154
2736
2380
2254
2401
2748
3161
3446
3382
2823
1803
591
39
37
36
35
33
147
532
1148
1981
2923
3765
4095
4095
4095
3905
3756
3798
3938
4058
4041
3820
3420
2892
2344
1912
1616
1354
1048
734
524
484
557
648
677
597
452
369
493
873
1442
2036
2495
2795
2974
3074
3091
2994
2810
2576
2289
1958
1608
1267
1022
947
1073
1437
2030
2735
3348
3663
3547
3061
2397
1774
1419
1406
1669
2084
2502
2824
3045
3202
3334
3417
3405
3284
3066
2739
2250
1543
643
40
38
36
34
33
650
1656
2616
3259
3470
3321
3021
2791
2744
2871
3117
3439
3803
4095
4095
4095
4095
3854
3230
2527
1904
1484
1247
1074
900
766
729
808
966
1156
1382
1634
1861
2012
2052
1989
1804
1480
1101
872
1000
1521
2228
2856
3221
3286
3127
2851
2571
2331
2113
1862
1582
1403
1446
1750
2224
2674
2979
3151
3252
3298
3226
3012
2742
2560
2570
2717
2868
2874
2635
2188
1683
1296
1129
1164
1336
1527
1616
1561
1352
981
504
73
34
36
190
503
800
1054
1318
1674
2218
2970
3817
4095
4095
4095
4072
3387
2886
2720
2882
3289
3802
4095
4095
4095
4095
3541
2427
1056
42
38
34
32
282
980
1527
1652
1290
571
38
37
34
155
962
2065
3176
4095
4095
4095
4095
4095
3366
2438
1707
1375
1468
1885
2481
3101
3628
4015
4095
4095
4068
3889
3685
3428
3105
2695
2210
1695
1168
644
150
37
37
37
36
35
32
331
1052
1837
2539
3135
3640
4030
4095
4095
4095
4047
3751
3480
3305
3230
3141
2926
2568
2106
1555
913
227
36
35
34
223
698
1188
1594
1851
1945
1910
1786
1637
1545
1608
1859
2262
2754
3237
3602
3780
3753
3531
3136
2570
1869
1142
534
126
35
46
190
513
975
1491
2006
2490
2880
3106
3147
3048
2926
2940
3136
3405
3606
3661
3560
3333
3066
2895
2940
3244
3657
3896
3761
3233
2467
1734
1271
1160
1306
1545
1752
1886
1965
1990
1958
1897
1854
1870
1913
1886
1703
1346
883
437
115
36
37
144
493
1000
1625
2307
2945
3418
3611
3446
2951
2233
1486
912
667
800
1174
1577
1820
1825
1686
1572
1584
1723
1911
2053
2115
2169
2326
2676
3262
3995
4095
4095
4095
4095
4095
4095
4036
3264
2538
1979
1674
1612
1671
1666
1433
969
445
74
37
192
638
1253
1888
2342
2447
2140
1477
630
39
36
33
225
1038
1964
2667
3014
3121
3156
3241
3415
3640
3882
4057
4045
3753
3212
2546
1893
1373
1094
1098
1346
1712
1983
1995
1693
1136
508
71
50
418
1144
1955
2613
3005
3094
2903
2506
2064
1818
1930
2394
3047
3672
4095
4095
4095
4095
3623
3128
2799
2707
2789
2890
2814
2414
1694
793
40
38
36
34
33
415
1135
1778
2192
2381
2406
2353
2297
2251
2233
2231
2174
2002
1757
1598
1709
2198
3001
3905
4095
4095
4095
3346
2069
799
39
36
34
90
540
1054
1490
1850
2213
2598
2908
3013
2873
2563
2230
1995
1862
1767
1647
1516
1445
1529
1873
2506
3346
4095
4095
4095
4095
4095
3619
2626
1796
1263
1023
934
870
824
864
1082
1497
1993
2402
2628
2636
2421
2028
1581
1233
1119
1282
1648
2019
2153
1884
1219
353
37
35
33
566
1467
2311
2833
2963
2850
2735
2838
3254
3898
4095
4095
4095
3648
2505
1328
396
37
34
34
70
281
657
1174
1744
2248
2616
2876
3062
3154
3141
3020
2787
2467
2091
1738
1524
1504
1661
1952
2314
2658
2925
3105
3202
3263
3349
3437
3431
3241
2890
2551
2433
2650
3131
3660
3999
3972
3551
2855
2070
1334
735
301
41
35
35
36
36
34
54
530
1345
2261
3054
3589
3869
3942
3860
3666
3352
2960
2552
2209
2048
2097
2239
2291
2105
1658
1095
659
554
880
1551
2342
2979
3212
2985
2419
1728
1139
798
738
867
1052
1217
1397
1628
1887
2131
2358
2557
2670
2618
2352
1927
1512
1325
1492
1983
2646
3324
3909
4095
4095
4095
4095
3902
3062
1979
798
40
36
34
32
444
1289
2158
2815
3113
3035
2672
2186
1749
1439
1220
1021
813
615
486
507
733
1131
1592
1976
2186
2211
2108
1977
1970
2261
2952
3994
4095
4095
4095
4095
4095
4095
4095
3529
2820
2222
1761
1482
1411
1472
1464
1177
525
40
39
37
34
32
368
1373
2474
3402
4045
4095
4095
4077
3622
3081
2489
1903
1432
1194
1204
1340
1451
1491
1497
1499
1499
1455
1308
1089
871
747
847
1253
1894
2543
2958
2996
2655
2062
1437
1045
1110
1693
2615
3503
4049
4095
3881
3369
2761
2128
1566
1166
920
794
748
799
1035
1478
2066
2655
3064
3203
3121
2925
2742
2697
2800
2942
3006
2936
2749
2499
2237
1981
1747
1587
1588
1802
2209
2666
3015
3165
3070
2717
2179
1581
1064
753
686
813
1048
1288
1413
1405
1379
1465
1751
2247
2865
3486
3965
4095
4081
3681
3005
2127
1177
358
36
34
36
196
527
942
1449
2050
2681
3246
3643
3774
3567
3055
2398
1863
1669
1891
2423
2994
3278
3041
2271
1238
372
60
373
1178
2074
2658
2666
2116
1272
504
169
438
1245
2304
3212
3701
3735
3445
3018
2621
2335
2173
2108
2103
2166
2326
2609
2984
3311
3385
3065
2380
1499
663
89
36
34
59
194
481
965
1603
2218
2585
2576
2281
1950
1789
1858
2142
2619
3258
3960
4095
4095
4095
4095
4095
3876
3323
2703
1974
1176
428
37
34
34
96
475
1017
1651
2275
2755
2974
2923
2731
2554
2449
2378
2265
2049
1721
1320
903
548
394
589
1140
1880
2556
2990
3182
3225
3226
3229
3186
3080
2976
2977
3176
3572
3998
4095
3931
3309
2469
1582
745
47
37
35
33
197
708
1108
1205
1008
632
233
44
102
506
1186
1946
2614
3095
3338
3338
3152
2923
2831
2957
3245
3609
3988
4095
4095
4095
3940
3351
2856
2652
2772
3061
3307
3384
3261
2970
2542
2013
1453
906
340
38
37
37
35
33
118
652
1149
1336
1121
655
245
190
670
1652
2946
4095
4095
4095
4095
4095
4089
3555
3208
3030
2908
2684
2275
1675
923
135
38
36
36
34
34
160
453
913
1639
2658
3856
4095
4095
4095
4095
3555
2162
955
258
200
674
1462
2299
2935
3250
3256
3092
2945
2914
3000
3171
3384
3567
3586
3309
2703
1916
1199
723
573
749
1154
1655
2141
2489
2579
2351
1821
1091
331
37
35
34
315
1111
2134
3114
3802
4095
4095
4095
4095
4095
4095
4095
4095
3648
3037
2551
2262
2149
2181
2319
2519
2711
2753
2530
2062
1432
780
224
36
36
36
35
34
36
189
468
667
727
673
548
433
412
537
870
1457
2234
3049
3740
4095
4095
4095
4095
4095
3973
3616
3231
2910
2685
2560
2546
2637
2763
2774
2551
2068
1417
779
317
129
213
519
944
1423
1881
2255
2553
2816
3081
3317
3403
3247
2865
2387
2005
1819
1820
1947
2097
2194
2241
2236
2195
2171
2172
2150
2059
1865
1569
1255
1022
947
1016
1202
1498
1907
2440
3007
3429
3529
3269
2737
2073
1415
893
647
743
1109
1615
2164
2719
3248
3700
3967
3930
3523
2787
1907
1186
869
1013
1508
2139
2691
3045
3177
3157
3102
3140
3331
3588
3732
3601
3144
2507
1910
1476
1174
873
451
38
37
36
34
92
760
1642
2452
2962
3053
2729
2106
1402
897
840
1345
2294
3405
4095
4095
4095
4095
4095
3767
3169
2606
2144
1808
1604
1486
1406
1335
1255
1214
1281
1444
1612
1702
1708
1653
1574
1473
1353
1287
1384
1703
2203
2724
3037
3005
2616
1977
1272
696
364
279
356
474
581
704
903
1226
1653
2106
2507
2815
2994
3008
2898
2741
2620
2630
2784
2978
3080
3041
2954
2969
3153
3410
3581
3531
3256
2900
2658
2660
2888
3210
3470
3517
3256
2692
1883
955
85
38
36
36
34
33
394
1032
1615
1962
2070
2065
2125
2397
2915
3563
4095
4095
4095
4095
4095
4095
4095
4095
4095
3788
2739
1563
543
38
36
35
35
34
224
612
954
1209
1453
1746
2090
2462
2848
3241
3555
3630
3374
2825
2144
1589
1369
1564
2054
2532
2722
2486
1850
971
64
38
36
35
32
472
1605
2896
3998
4095
4095
4095
4095
3643
2900
2347
2128
2261
2632
3052
3387
3532
3443
3138
2677
2151
1585
987
426
66
40
218
665
1237
1868
2513
3102
3516
3606
3295
2666
1950
1365
1018
909
1005
1303
1813
2503
3256
3868
4095
4000
3505
2887
2395
2184
2275
2580
2926
3137
3111
2797
2230
1513
770
129
36
35
36
361
996
1694
2212
2401
2284
1981
1663
1466
1395
1346
1193
906
610
469
581
928
1407
1893
2301
2591
2768
2899
3023
3113
3098
2960
2748
2560
2468
2434
2366
2250
2180
2240
2469
2856
3300
3670
3894
3958
3880
3648
3262
2727
2095
1463
893
409
73
35
53
288
775
1447
2222
3016
3681
4079
4095
3797
3194
2536
2019
1712
1563
1479
1394
1272
1145
1059
1064
1182
1360
1561
1803
2106
2440
2690
2725
2512
2136
1724
1443
1454
1850
2612
3538
4095
4095
4095
4095
3859
3090
2240
1409
696
141
36
35
35
34
46
226
604
1129
1688
2173
2548
2820
3044
3292
3589
3935
4095
4095
4095
4095
3854
2755
1480
339
37
35
33
254
814
1442
2008
2449
2734
2889
2974
3055
3132
3099
2830
2263
1430
473
38
36
35
32
632
1714
2917
3986
4095
4095
4095
3936
3013
2163
1589
1301
1183
1100
1024
1070
1381
2025
2887
3729
4095
4095
4095
3891
2931
1722
497
39
37
36
34
33
610
1620
2715
3585
3996
3871
3290
2511
1883
1711
2119
3016
4095
4095
4095
4095
4095
4095
3858
2831
1880
1057
357
37
36
35
35
34
56
217
530
1008
1635
2308
2881
3204
3184
2834
2223
1471
689
42
36
35
33
512
1581
2802
3771
4095
4095
3905
3363
2742
2153
1714
1471
1465
1712
2160
2717
3281
3744
4015
4016
3709
3116
2315
1506
944
775
1007
1554
2252
2881
3204
3050
2453
1708
1186
1079
1296
1578
1733
1745
1680
1598
1571
1674
1922
2229
2479
2578
2526
2442
2410
2464
2623
2867
3148
3411
3574
3539
3245
2712
2017
1301
765
530
586
834
1077
1137
982
698
420
269
327
649
1170
1701
2027
2007
1657
1126
617
323
395
883
1728
2789
3854
4095
4095
4095
4095
4095
4095
4095
3769
3542
3331
3020
2615
2222
1970
1868
1779
1584
1228
724
161
37
36
35
34
94
539
1091
1536
1729
1634
1385
1213
1320
1780
2519
3367
4095
4095
4095
4095
3906
3351
3041
3111
3499
3991
4095
4095
3632
2629
1400
192
38
37
36
34
94
985
2251
3523
4095
4095
4095
3297
1828
333
38
34
32
960
2512
4027
4095
4095
4095
4095
4016
2653
1276
152
38
36
35
33
52
449
990
1556
2132
2722
3290
3711
3819
3509
2838
2007
1291
910
894
1134
1511
1946
2374
2744
3039
3219
3208
2946
2422
1749
1194
1011
1331
2099
3050
3795
4080
3868
3283
2505
1737
1131
747
566
480
368
190
56
75
378
1004
1757
2388
2698
2683
2550
2539
2769
3214
3730
4095
4095
4095
4095
4095
3721
3355
3069
2814
2517
2146
1699
1230
845
611
565
734
1087
1498
1778
1799
1527
1003
349
37
36
35
33
233
1000
1978
2912
3564
3773
3513
2918
2258
1804
1681
1866
2270
2771
3221
3494
3548
3413
3162
2871
2642
2605
2873
3391
3919
4095
3857
3145
2282
1588
1304
1455
1857
2271
2511
2506
2323
2097
1967
1967
2032
2074
2013
1871
1682
1473
1272
1107
1045
1115
1262
1400
1436
1269
865
287
37
34
83
796
1791
2641
3088
3152
3050
3034
3222
3558
3852
3863
3479
2766
1951
1338
1084
1136
1369
1687
2025
2292
2339
2057
1454
691
55
35
55
578
1392
2212
2845
3227
3411
3481
3537
3646
3799
3936
4004
3916
3591
3004
2203
1305
514
64
68
497
1273
2119
2727
2945
2835
2576
2350
2236
2185
2138
2059
1893
1604
1195
768
489
435
588
922
1461
2224
3124
3915
4095
4095
3458
2422
1347
529
159
278
778
1442
2068
2567
2937
3178
3316
3441
3670
4087
4095
4095
4095
4095
4095
3195
1909
841
268
249
617
1122
1563
1830
1905
1808
1560
1253
985
765
537
230
37
36
36
34
34
234
917
1925
3012
3880
4095
4095
4095
3956
3902
4095
4095
4095
4095
4095
4095
4095
3966
2704
1282
45
40
38
37
35
34
39
260
474
645
907
1366
1954
2456
2707
2716
2622
2600
2716
2935
3180
3332
3268
2956
2445
1872
1437
1243
1280
1454
1584
1513
1234
905
724
821
1193
1712
2280
2839
3329
3676
3866
3918
3851
3673
3361
2868
2200
1482
930
707
861
1290
1762
2083
2220
2262
2297
2370
2456
2518
2558
2604
2680
2743
2745
2648
2398
1971
1395
778
256
37
38
249
741
1381
2068
2709
3225
3593
3816
3909
3947
3982
4035
4095
4095
4095
3948
3482
2810
2068
1470
1208
1366
1840
2387
2801
2982
2946
2710
2253
1568
764
68
35
33
342
1048
1776
2225
2244
1850
1192
515
80
68
509
1393
2509
3543
4095
4095
3509
2401
1164
160
35
76
868
2124
3440
4095
4095
4095
4095
3615
2815
1968
1161
516
159
192
606
1252
1941
2545
3013
3355
3523
3405
2904
2052
1067
293
37
155
636
1197
1596
1751
1755
1750
1809
1898
1922
1806
1586
1378
1339
1625
2261
3123
4022
4095
4095
4095
4095
3767
2588
1473
788
702
1124
1756
2254
2395
2185
1798
1468
1419
1753
2375
3047
3492
3501
3048
2293
1509
972
851
1175
1800
2488
2986
3081
2683
1870
863
42
36
33
115
840
1771
2540
2888
2746
2244
1636
1211
1229
1755
2626
3551
4095
4095
4095
3766
3254
2991
3094
3444
3735
3651
3069
2108
1049
249
36
200
693
1197
1502
1517
1316
1091
1018
1155
1395
1543
1455
1113
634
251
210
643
1459
2362
3037
3291
3125
2739
2342
2026
1797
1644
1567
1540
1570
1658
1779
1941
2152
2379
2572
2647
2546
2310
2049
1872
1899
2192
2686
3200
3508
3498
3204
2785
2418
2177
2052
2025
2123
2363
2697
2992
3095
2897
2435
1864
1376
1159
1298
1724
2284
2829
3230
3415
3384
3172
2856
2505
2114
1689
1293
990
849
910
1106
1350
1618
1903
2165
2345
2424
2448
2488
2536
2456
2092
1406
513
38
36
34
34
497
1157
1636
1799
1700
1482
1313
1357
1699
2332
3186
4095
4095
4095
4095
4095
3891
3141
2648
2428
2342
2243
2112
2046
2162
2452
2736
2777
2405
1615
622
38
36
35
34
228
887
1822
2901
3923
4095
4095
4095
4095
4095
3823
3437
3189
3054
2938
2715
2267
1605
871
276
49
157
566
1122
1634
1964
2100
2071
1940
1757
1514
1227
926
617
292
39
36
34
55
454
1136
1940
2717
3380
3900
4095
4095
4095
4095
4095
4095
4077
2972
1850
1043
738
937
1514
2263
2979
3511
3726
3540
2976
2162
1294
543
73
36
146
436
715
923
1064
1188
1326
1473
1653
1869
2089
2251
2257
2076
1749
1353
1039
995
1356
2121
3084
3906
4095
4095
3920
3434
3011
2705
2537
2528
2689
2996
3345
3579
3586
3306
2796
2176
1567
1073
738
613
732
1051
1398
1575
1461
1118
739
540
674
1149
1803
2357
2567
2371
1963
1631
1552
1709
1989
2251
2405
2462
2456
2396
2326
2284
2249
2176
2019
1789
1551
1372
1347
1575
2096
2891
3837
4095
4095
4095
4095
4095
3608
2904
2390
2118
2045
2060
2021
1764
1268
597
39
37
35
33
238
832
1377
1635
1588
1378
1156
1017
990
1087
1353
1820
2462
3180
3783
4095
4095
3920
3777
3849
4095
4095
4095
4095
3619
2738
1816
996
379
64
103
504
1203
2006
2650
2929
2813
2444
2059
1858
1917
2181
2525
2814
2901
2697
2240
1650
1092
678
412
222
51
35
34
73
429
915
1274
1389
1337
1289
1413
1802
2410
3120
3798
4095
4095
4095
3668
2889
2070
1375
885
598
492
544
746
1103
1586
2134
2658
3084
3334
3407
3410
3479
3724
4095
4095
4095
3974
3133
2153
1393
1107
1298
1745
2139
2298
2262
2198
2272
2561
2988
3379
3541
3301
2666
1843
1104
668
661
1064
1753
2547
3240
3671
3765
3553
3127
2553
1883
1220
637
172
36
35
37
124
326
576
880
1273
1763
2297
2783
3106
3193
3044
2684
2155
1550
1032
697
539
518
622
824
1036
1133
1014
676
257
42
169
863
2081
3580
4095
4095
4095
4095
4095
3762
3258
3216
3599
4095
4095
4095
4048
3269
2310
1336
554
154
223
640
1102
1334
1218
794
222
36
35
34
58
345
797
1340
1885
2325
2547
2515
2300
2073
2009
2222
2733
3461
4095
4095
4095
4095
4095
3723
3200
2923
2907
3076
3300
3441
3351
2952
2320
1629
1037
610
333
146
41
35
34
36
248
884
1865
3054
4095
4095
4095
4095
4095
4095
3472
2274
1284
629
333
334
514
790
1135
1566
2078
2548
2771
2609
2113
1446
751
111
37
36
35
33
267
901
1618
2189
2460
2411
2195
2020
2048
2307
2708
3130
3473
3670
3658
3458
3202
3000
2861
2764
2720
2764
2890
3018
3016
2749
2165
1315
347
38
35
33
250
1137
2192
3077
3532
3497
3089
2530
2073
1871
1941
2153
2370
2499
2473
2285
2019
1804
1770
1960
2255
2469
2453
2169
1766
1507
1601
2078
2801
3575
4095
4095
4095
4095
3566
2593
1558
753
416
594
1141
1830
2397
2620
2428
1876
1108
373
37
50
488
1304
2202
2905
3231
3080
2499
1704
1026
777
1105
1882
2755
3382
3607
3477
3141
2711
2230
1695
1135
610
217
58
90
332
818
1486
2190
2753
3073
3147
3041
2872
2763
2759
2809
2839
2773
2557
2238
1905
1616
1406
1264
1209
1326
1685
2238
2788
3098
3063
2785
2454
2251
2240
2327
2355
2194
1817
1305
791
415
317
632
1408
2557
3859
4095
4095
4095
4095
4095
3725
2425
1225
375
40
38
146
385
728
1204
1801
2372
2677
2534
1966
1224
644
416
500
702
810
724
487
274
273
583
1220
2077
2938
3577
3837
3727
3394
2998
2658
2470
2519
2807
3266
3809
4095
4095
4095
4095
3652
2722
1847
1264
1088
1267
1628
1940
1971
1591
820
42
38
37
35
34
122
764
1666
2716
3831
4095
4095
4095
4095
4095
4095
3453
2495
1766
1348
1241
1337
1438
1349
1011
519
56
36
33
302
993
1787
2367
2515
2241
1743
1246
924
860
1038
1436
2041
2820
3714
4095
4095
4095
4095
4095
4095
3110
2020
1054
416
226
409
796
1198
1498
1696
1812
1824
1720
1545
1411
1386
1434
1505
1559
1599
1659
1768
1967
2252
2536
2727
2764
2662
2495
2290
2080
1911
1846
1958
2214
2456
2511
2332
2004
1698
1594
1774
2166
2564
2739
2544
2038
1488
1224
1453
2145
3064
3856
4095
4095
3758
3266
2919
2756
2624
2362
1927
1361
724
99
36
35
32
252
773
1288
1658
1858
1918
1887
1788
1632
1476
1383
1373
1427
1513
1652
1930
2383
2990
3643
4095
4095
4095
3762
3244
2871
2754
2909
3222
3481
3483
3159
2624
2099
1784
1795
2117
2623
3099
3322
3186
2690
1950
1150
459
63
54
363
990
1749
2461
2987
3256
3218
2870
2302
1631
984
509
284
280
414
578
684
765
919
1225
1634
1962
2006
1674
1043
372
44
195
921
2018
3141
3919
4095
3923
3377
2792
2371
2203
2232
2378
2597
2836
3048
3184
3174
3026
2794
2553
2370
2260
2203
2141
2071
2060
2144
2318
2540
2706
2739
2653
2483
2276
2078
1913
1797
1693
1585
1517
1527
1593
1639
1617
1533
1458
1467
1548
1680
1855
2087
2429
2912
3521
4095
4095
4095
4095
3683
2604
1434
448
36
82
734
1737
2638
3095
3028
2562
1932
1335
842
477
227
65
36
36
105
497
1249
2295
3430
4095
4095
4095
4095
3490
2305
1194
428
122
273
817
1607
2455
3152
3549
3614
3386
2964
2459
1974
1595
1389
1418
1660
2044
2496
2945
3309
3475
3335
2875
2206
1529
1072
959
1179
1575
1930
2122
2160
2144
2172
2268
2370
2401
2342
2196
1927
1467
777
41
38
38
36
34
44
798
1863
2828
3413
3489
3096
2418
1748
1386
1526
2171
3136
4095
4095
4095
4095
4095
4095
4095
4095
3635
2452
1503
998
960
1230
1577
1807
1789
1493
996
433
38
35
35
35
34
45
402
1021
1721
2346
2797
3082
3234
3273
3240
3153
2992
2730
2379
2046
1909
2109
2669
3482
4095
4095
4095
4095
4095
3989
3333
2660
2054
1613
1391
1324
1274
1148
898
530
87
37
36
36
35
34
34
150
400
689
1024
1428
1913
2435
2958
3428
3806
4067
4095
4044
3818
3621
3596
3763
4005
4095
4063
3698
3066
2261
1481
967
878
1221
1853
2524
2996
3109
2865
2354
1743
1246
1002
987
1046
1034
937
854
908
1106
1320
1410
1310
1039
676
373
269
393
691
1107
1639
2273
2943
3552
4017
4095
4095
4095
3970
3701
3408
3064
2641
2200
1846
1637
1604
1753
2025
2342
2618
2762
2767
2682
2537
2364
2193
2057
2041
2210
2553
2939
3152
3049
2610
1913
1170
632
436
554
813
994
1001
869
665
481
424
613
1149
2014
3067
4095
4095
4095
4095
4095
4095
4095
3895
3132
2456
1911
1442
943
328
38
37
36
35
33
112
583
1157
1688
2043
2173
2153
2126
2255
2614
3096
3449
3434
2953
2138
1340
909
1010
1575
2400
3171
3591
3528
3033
2313
1644
1230
1145
1312
1576
1760
1797
1725
1635
1612
1677
1840
2151
2653
3338
4095
4095
4095
4095
4095
3404
2508
1747
1219
987
1039
1258
1463
1506
1371
1192
1102
1114
1153
1151
1118
1137
1334
1783
2464
3207
3763
3954
3784
3399
2985
2619
2312
2050
1843
1711
1646
1627
1640
1691
1779
1907
2031
2122
2220
2377
2614
2856
2927
2677
2090
1328
634
182
71
240
640
1152
1670
2098
2376
2502
2512
2462
2381
2313
2274
2235
2146
1971
1755
1594
1545
1658
1981
2493
3071
3517
3684
3542
3187
2765
2410
2249
2328
2555
2720
2596
2084
1345
716
467
645
1138
1754
2316
2699
2843
2817
2781
2877
3094
3239
3088
2529
1697
906
462
497
922
1513
2037
2345
2410
2290
2130
2080
2181
2336
2444
2476
2476
2476
2429
2316
2184
2083
1982
1801
1471
1024
590
308
221
304
554
1005
1622
2312
2965
3474
3763
3767
3505
3088
2630
2268
2121
2250
2617
3108
3567
3813
3730
3340
2758
2136
1609
1292
1243
1443
1752
1927
1813
1429
942
541
301
244
392
721
1128
1454
1614
1676
1755
1941
2267
2659
3019
3244
3205
2827
2153
1382
804
637
983
1733
2598
3255
3498
3316
2850
2332
1955
1773
1778
1967
2279
2631
2963
3212
3343
3358
3267
3087
2847
2592
2331
2087
1899
1767
1639
1483
1290
1084
908
769
691
701
785
919
1103
1337
1595
1851
2068
2210
2329
2542
2906
3397
3899
4095
4095
3904
3433
2988
2692
2565
2499
2404
2245
2053
1923
1901
1940
1990
2033
2071
2108
2140
2164
2139
1994
1727
1437
1269
1334
1630
2032
2359
2476
2341
2054
1718
1380
1079
880
818
881
1002
1101
1134
1080
942
803
827
1167
1871
2783
3629
4095
4095
3603
2729
1810
1190
1065
1414
2023
2578
2864
2844
2593
2248
1999
2006
2329
2886
3441
3749
3714
3382
2841
2150
1410
777
373
249
380
689
1048
1298
1295
1024
625
320
273
463
748
995
1167
1322
1528
1863
2422
3237
4095
4095
4095
4095
4095
3856
2888
2176
1903
2071
2509
2925
3056
2835
2412
2004
1789
1809
1969
2113
2091
1871
1573
1370
1379
1605
1951
2295
2538
2575
2329
1802
1160
652
496
813
1555
2500
3324
3788
3827
3559
3220
3012
2969
2952
2772
2351
1748
1079
498
180
242
658
1274
1869
2267
2419
2348
2081
1644
1101
601
330
379
687
1103
1437
1577
1551
1489
1534
1763
2117
2506
2889
3237
3546
3838
4095
4095
4095
4095
4095
3821
3238
2540
1814
1121
530
101
34
48
297
758
1300
1840
2324
2650
2692
2427
1977
1555
1340
1397
1653
1925
2023
1839
1423
961
663
673
997
1590
2376
3258
4069
4095
4095
4095
4095
3482
2771
2218
1931
1937
2115
2264
2227
1941
1453
839
209
36
35
33
185
939
1937
2827
3342
3378
3011
2456
1939
1627
1608
1915
2511
3272
3967
4095
4094
3389
2476
1722
1379
1465
1790
2110
2246
2144
1872
1558
1330
1305
1522
1892
2250
2456
2444
2260
1977
1634
1259
864
441
45
35
36
33
358
1278
2377
3335
3977
4095
4095
3881
3456
3055
2809
2791
2962
3204
3381
3390
3197
2827
2358
1866
1409
1033
808
782
944
1218
1441
1478
1297
962
584
285
217
553
1380
2590
3862
4095
4095
4095
4095
3753
3161
2776
2584
2519
2484
2359
2066
1591
1000
472
212
363
964
1874
2836
3594
3975
4009
3830
3557
3228
2861
2472
2069
1684
1348
1087
929
864
882
967
1088
1209
1341
1525
1804
2161
2509
2726
2720
2510
2204
1932
1786
1804
1973
2224
2452
2509
2252
1628
748
40
37
35
35
34
34
34
33
97
540
1325
2351
3480
4095
4095
4095
4095
4095
4095
3582
3011
2718
2618
2571
2478
2294
2017
1732
1599
1750
2239
2965
3679
4095
4095
3758
3118
2311
1434
560
39
37
35
32
304
1053
1829
2379
2546
2305
1742
1047
492
320
640
1431
2501
3543
4095
4095
4095
4095
4095
4095
4054
4055
4044
3881
3426
2643
1636
592
38
36
35
34
87
412
839
1268
1613
1817
1872
1830
1728
1632
1618
1730
2003
2427
2931
3394
3647
3620
3389
3108
2886
2740
2611
2442
2231
2010
1807
1590
1328
1009
664
354
184
259
640
1292
2051
2696
3030
2967
2553
1949
1378
1096
1302
2037
3158
4095
4095
4095
4095
4095
3922
3028
2146
1303
509
37
36
35
32
422
1484
2851
4095
4095
4095
4095
4095
2971
1705
546
38
36
34
33
397
1039
1698
2304
2856
3368
3767
3896
3672
3140
2466
1906
1668
1786
2145
2542
2794
2850
2735
2501
2207
1896
1644
1478
1371
1272
1098
832
532
281
166
200
367
633
965
1355
1782
2210
2586
2860
3006
3057
3023
2903
2697
2444
2264
2232
2365
2623
2899
3062
3044
2829
2427
1928
1443
1045
809
769
856
970
1074
1220
1473
1879
2457
3174
3943
4095
4095
4095
4095
4095
3838
3119
2562
2119
1689
1192
639
117
36
35
34
82
504
1054
1475
1619
1478
1143
826
787
1150
1881
2833
3803
4095
4095
4095
4095
4095
4095
3933
3711
3572
3476
3378
3247
3055
2780
2405
1898
1238
424
40
40
39
38
36
34
33
144
501
789
918
905
872
962
1254
1784
2524
3362
4095
4095
4095
4095
4095
4095
4095
4095
4095
4095
4095
4073
3737
3414
3123
2888
2686
2426
2070
1680
1373
1219
1205
1297
1443
1546
1475
1162
634
46
36
35
33
168
805
1635
2436
3050
3441
3605
3517
3200
2731
2264
1955
1871
2017
2311
2648
2921
2994
2833
2554
2295
2140
2108
2130
2117
2033
1890
1731
1660
1774
2050
2317
2370
2116
1620
1038
580
440
663
1136
1654
2053
2305
2466
2618
2830
3132
3521
3910
4095
4089
3650
2921
2161
1651
1562
1891
2445
2946
3186
3087
2666
1985
1177
391
37
35
34
34
34
37
169
594
1252
1989
2601
2972
3141
3269
3516
3916
4095
4095
4095
3885
3187
2475
1887
1488
1295
1309
1538
1950
2430
2827
2996
2850
2424
1870
1400
1136
1049
1034
992
865
657
465
452
719
1220
1833
2402
2791
2945
2912
2804
2740
2771
2858
2896
2779
2476
2087
1765
1614
1687
2015
2583
3309
3991
4095
4095
3574
2661
1874
1542
1800
2544
3473
4095
4095
3804
2810
1676
735
202
85
170
238
108
37
36
35
33
207
875
1811
2788
3522
3807
3616
3120
2580
2151
1873
1758
1860
2193
2666
3143
3528
3752
3747
3462
2914
2212
1497
869
410
200
321
805
1519
2191
2554
2482
2008
1308
624
218
304
937
1950
2972
3626
3707
3277
2589
1920
1521
1506
1775
2129
2410
2625
2868
3192
3512
3699
3659
3368
2914
2455
2117
1978
2042
2219
2372
2354
2128
1794
1479
1221
982
706
422
220
145
192
377
720
1218
1832
2485
3130
3690
4040
4087
3828
3314
2666
2036
1554
1288
1257
1435
1734
2012
2165
2202
2234
2348
2563
2818
3038
3216
3369
3519
3625
3573
3284
2741
2038
1378
957
911
1256
1878
2569
3052
3136
2801
2203
1578
1136
912
781
561
115
38
39
38
37
34
32
501
1667
2886
3773
4095
3952
3544
3189
3095
3336
3811
4095
4095
4095
4095
3921
3268
2665
2219
1962
1854
1811
1738
1541
1193
778
434
253
289
523
847
1136
1294
1352
1493
1915
2689
3674
4095
4095
4095
4095
4095
3575
2801
2043
1338
712
189
36
36
35
34
41
318
881
1595
2352
3053
3642
4095
4095
4095
4095
4095
4095
4095
4095
3941
3605
3240
2918
2690
2529
2323
1962
1408
750
215
48
231
712
1191
1387
1179
639
53
35
46
610
1545
2484
3114
3325
3149
2685
2118
1616
1261
1111
1203
1477
1801
2055
2140
2009
1713
1391
1197
1246
1565
2082
2659
3170
3514
3643
3567
3345
3059
2749
2467
2281
2217
2238
2269
2202
1952
1502
976
580
485
718
1198
1825
2499
3166
3772
4095
4095
4095
4095
4000
3467
2728
1847
900
51
37
36
35
33
111
504
944
1341
1728
2159
2645
3125
3535
3842
4009
3959
3632
3029
2305
1734
1517
1701
2163
2647
2944
3005
2865
2633
2444
2341
2277
2228
2203
2198
2193
2150
2029
1838
1578
1230
772
235
36
34
118
651
1319
1912
2366
2676
2852
2921
2927
2939
3003
3058
3013
2856
2655
2520
2569
2851
3291
3682
3790
3513
2951
2307
1767
1413
1251
1246
1317
1417
1557
1780
2089
2373
2476
2330
2045
1826
1861
2202
2701
3081
3078
2557
1575
391
39
36
32
376
1523
2880
3977
4095
4095
3956
3224
2433
1672
1010
565
424
557
873
1320
1890
2545
3182
3649
3849
3828
3724
3654
3620
3495
3137
2482
1578
581
38
34
35
634
1611
2508
2969
2819
2125
1154
243
36
33
289
956
1797
2703
3594
4095
4095
4095
4095
4095
3801
3037
2193
1413
846
588
695
1111
1696
2310
2820
3135
3198
2954
2424
1746
1131
798
803
1004
1209
1285
1159
850
466
147
64
244
668
1186
1659
1967
2089
2123
2197
2435
2919
3626
4095
4095
4095
4095
4095
4095
3866
3539
3108
2556
1979
1476
1070
754
508
329
243
251
319
363
314
204
174
349
739
1274
1877
2450
2893
3162
3291
3340
3385
3457
3521
3569
3630
3748
3938
4095
4095
4095
3805
3081
2138
1219
579
354
500
824
1067
1047
702
154
37
36
34
177
682
1368
2154
2905
3455
3713
3644
3261
2616
1797
954
328
120
394
1076
1956
2837
3569
4021
4095
3851
3394
2918
2571
2396
2394
2507
2601
2549
2342
2122
2030
2081
2157
2102
1886
1619
1460
1552
1892
2333
2667
2707
2375
1803
1249
968
1131
1746
2677
3692
4095
4095
4095
3931
3085
2294
1677
1271
1126
1267
1617
2023
2355
2509
2429
2160
1827
1593
1560
1714
1931
2062
2061
1939
1743
1503
1235
961
660
288
37
36
36
35
32
484
1454
2585
3603
4095
4095
4095
3931
3492
3186
3023
2907
2701
2337
1893
1537
1437
1685
2178
2640
2797
2553
2071
1651
1542
1787
2258
2782
3212
3455
3444
3130
2538
1774
991
300
37
36
35
34
36
349
1008
1819
2612
3252
3628
3700
3477
3041
2594
2405
2669
3392
4095
4095
4095
4095
4095
3290
2723
2503
2541
2678
2699
2414
1797
1021
363
81
221
652
1066
1179
904
418
62
59
398
1019
1677
2166
2331
2111
1562
915
486
499
951
1628
2232
2606
2804
2937
3051
3124
3094
2913
2612
2309
2163
2276
2653
3211
3778
4095
4095
4095
4013
3393
2564
1638
800
224
53
257
843
1598
2227
2497
2392
2100
1841
1756
1857
2053
2231
2252
2019
1538
976
621
717
1273
2076
2839
3321
3391
3110
2709
2456
2500
2794
3143
3346
3353
3235
3093
2942
2701
2311
1791
1208
640
119
36
36
35
34
96
428
800
1107
1359
1669
2101
2664
3321
3974
4095
4095
4095
3776
2767
1621
647
120
114
469
947
1376
1755
2134
2511
2832
3033
3091
2988
2755
2447
2126
1908
1938
2289
2920
3675
4095
4095
4095
3915
3182
2485
1957
1611
1381
1169
914
610
292
41
36
36
35
33
210
868
1841
2958
3978
4095
4095
4095
3446
2371
1430
936
1045
1671
2499
3116
3245
2878
2290
1843
1790
2163
2792
3448
3930
4095
3932
3416
2706
1954
1285
771
364
58
35
34
34
34
35
36
36
36
35
33
194
885
1840
2851
3717
4095
4095
4095
4069
3901
3947
4095
4095
4095
4095
4095
4095
4095
4095
4095
4095
4095
3943
3327
2334
995
44
41
43
41
35
33
32
582
1345
1990
2491
2887
3207
3417
3509
3544
3566
3613
3717
3874
4035
4095
4095
4060
3852
3581
3304
3076
2921
2775
2529
2087
1437
662
40
37
37
37
36
34
33
341
1076
2006
2929
3583
3800
3591
3111
2529
1968
1480
1135
999
1057
1233
1489
1853
2340
2871
3333
3610
3631
3399
3011
2656
2532
2752
3273
3868
4095
4095
4095
3669
2978
2149
1286
524
44
34
93
408
788
1067
1123
943
647
411
377
644
1215
2011
2919
3751
4095
4095
4095
3698
3030
2374
1884
1630
1589
1661
1741
1813
1942
2146
2361
2486
2502
2517
2626
2864
3219
3596
3904
4095
4095
3949
3550
2938
2181
1429
869
605
585
657
695
654
541
437
481
778
1328
2005
2601
2902
2860
2580
2252
2044
2037
2225
2503
2767
2973
3128
3243
3258
3047
2562
1868
1147
621
420
545
925
1398
1748
1850
1702
1380
1034
802
710
768
1018
1495
2176
2954
3636
4034
4046
3686
3070
2330
1576
896
387
180
387
980
1739
2376
2688
2705
2613
2572
2601
2614
2564
2526
2623
2890
3231
3473
3457
3165
2740
2343
2100
2085
2311
2717
3156
3436
3396
3000
2389
1748
1182
709
339
153
265
751
1546
2461
3279
3838
4063
3929
3476
2837
2164
1544
968
379
37
36
35
34
171
612
1138
1582
1789
1696
1421
1220
1333
1866
2716
3622
4095
4095
4095
4095
3566
2982
2567
2353
2312
2387
2472
2438
2225
1871
1461
1123
942
951
1189
1620
2139
2656
3113
3497
3784
3921
3870
3587
3042
2310
1520
823
334
87
81
302
712
1145
1420
1471
1423
1494
1845
2430
2997
3272
3161
2806
2465
2307
2331
2453
2599
2709
2757
2744
2656
2472
2154
1679
1073
422
37
34
237
1038
2090
3059
3700
3942
3862
3638
3384
3113
2787
2403
2045
1788
1621
1521
1521
1685
2043
2506
2853
2920
2675
2222
1779
1555
1653
2001
2354
2442
2152
1579
964
534
360
440
766
1265
1786
2207
2498
2722
2917
3007
2892
2586
2242
1999
1872
1809
1800
1896
2105
2370
2574
2573
2284
1720
1029
461
274
616
1380
2237
2828
2956
2667
2173
1716
1463
1519
1927
2640
3516
4095
4095
4095
3969
2996
2029
1284
816
602
577
664
838
1127
1516
1968
2416
2779
2984
2953
2652
2167
1668
1291
1110
1159
1474
2068
2868
3657
4095
4095
3519
2490
1365
537
251
538
1228
2051
2796
3373
3769
3972
3955
3712
3234
2515
1582
558
39
37
36
35
34
36
357
902
1494
2002
2399
2696
2881
2973
3020
3086
3218
3377
3526
3690
3892
4095
4095
4095
4095
3826
3208
2516
1894
1403
1009
651
333
119
98
294
697
1265
1940
2608
3140
3444
3460
3147
2529
1683
798
108
36
35
48
236
556
996
1612
2439
3443
4095
4095
4095
4095
3662
2621
1920
1798
2258
3045
3736
3932
3420
2275
863
40
36
34
52
573
1204
1736
2096
2272
2287
2178
2025
1965
2064
2262
2471
2659
2836
3055
3350
3650
3833
3788
3411
2682
1738
869
389
471
1037
1782
2380
2648
2610
2450
2360
2442
2617
2674
2443
1884
1079
232
36
34
34
121
477
933
1464
2033
2520
2824
2940
2958
2995
3114
3323
3544
3663
3630
3433
3121
2810
2551
2300
1996
1651
1321
1070
923
832
740
613
506
539
783
1201
1710
2222
2684
3079
3344
3382
3128
2655
2193
2006
2212
2742
3385
3879
4015
3685
2913
1898
936
331
233
618
1299
1986
2480
2752
2921
3148
3459
3708
3740
3510
3062
2470
1846
1371
1178
1325
1709
2078
2234
2112
1733
1179
554
49
35
34
130
597
1273
1979
2570
2929
3009
2895
2741
2639
2624
2668
2744
2822
2843
2754
2583
2408
2286
2217
2113
1911
1662
1481
1445
1555
1728
1902
2050
2140
2206
2345
2653
3124
3637
3997
4068
3861
3446
2857
2130
1367
711
254
50
54
214
576
1058
1513
1803
1917
1982
2117
2363
2680
2960
3127
3144
3011
2779
2544
2444
2560
2857
3194
3368
3220
2741
2033
1243
570
213
291
800
1613
2465
3044
3147
2737
1921
961
146
36
34
92
651
1492
2349
2927
3080
2888
2548
2270
2214
2426
2875
3452
3946
4095
3953
3440
2737
2004
1313
728
312
83
64
239
634
1110
1483
1640
1620
1597
1767
2224
2919
3700
4095
4095
4095
3912
3145
2459
2002
1736
1545
1331
1069
835
678
599
618
719
820
836
732
539
349
310
594
1307
2394
3644
4095
4095
4095
4095
4095
4095
3445
2681
2246
2226
2525
2895
3064
2876
2354
1683
1078
680
536
645
953
1351
1682
1798
1620
1241
900
781
908
1168
1432
1672
1901
2099
2244
2322
2331
2284
2234
2228
2281
2379
2454
2494
2580
2765
3013
3222
3296
3238
3099
2940
2770
2522
2135
1600
967
357
38
42
354
938
1513
1856
1878
1633
1250
889
715
887
1500
2520
3773
4095
4095
4095
4095
4095
4095
4036
3357
2917
2697
2538
2291
1924
1487
1078
809
681
587
412
124
36
35
34
43
318
737
1141
1444
1619
1656
1588
1520
1608
1902
2291
2578
2589
2271
1726
1194
987
1320
2221
3497
4095
4095
4095
4095
4095
4095
3286
2136
1021
90
36
34
33
284
782
1199
1399
1380
1242
1124
1094
1136
1192
1255
1413
1776
2346
2975
3457
3634
3444
2986
2458
2070
1961
2151
2574
3133
3722
4095
4095
4095
3789
2921
1891
905
133
36
34
211
741
1305
1722
1933
1994
2043
2153
2279
2309
2132
1722
1166
617
230
118
365
1049
2135
3426
4095
4095
4095
4095
4095
4095
4095
3925
3317
2720
2208
1773
1390
1062
810
692
738
893
1072
1210
1229
1070
716
210
37
36
36
34
85
735
1749
2854
3764
4095
4095
4051
3731
3555
3558
3635
3656
3547
3273
2849
2316
1804
1531
1683
2308
3262
4095
4095
4095
4095
3915
2685
1397
256
38
36
36
37
36
35
34
34
194
645
1336
2197
3038
3647
3908
3833
3593
3393
3402
3685
4095
4095
4095
4095
3538
2282
914
41
38
36
34
33
431
1001
1405
1586
1667
1797
2028
2313
2576
2768
2870
2942
3095
3378
3768
4095
4095
4095
4095
4095
3929
2951
1860
884
172
35
34
84
515
1204
2013
2753
3282
3568
3652
3623
3586
3602
3659
3653
3440
2925
2072
957
41
38
36
33
118
877
1685
2203
2319
2093
1713
1431
1450
1866
2611
3432
4039
4095
4095
3783
3286
2797
2429
2241
2170
2073
1821
1385
889
486
275
252
285
217
38
37
36
34
33
325
1002
1749
2405
2888
3165
3294
3379
3520
3816
4095
4095
4095
4095
4095
4095
3560
2887
2315
1924
1745
1717
1753
1799
1851
1892
1895
1884
1953
2213
2713
3400
4095
4095
4095
4095
4095
3370
2398
1594
1066
817
741
667
477
176
36
35
35
148
405
656
843
969
1078
1243
1513
1876
2247
2555
2787
2931
2935
2722
2249
1637
1169
1108
1559
2377
3230
3769
3755
3161
2224
1349
866
881
1287
1834
2247
2359
2176
1883
1704
1737
1932
2116
2131
1966
1734
1586
1629
1883
2329
2871
3340
3618
3704
3701
3710
3750
3747
3571
3196
2709
2226
1805
1449
1097
695
237
37
36
36
34
69
581
1409
2427
3507
4095
4095
4095
4095
4095
3802
3231
2791
2573
2626
2931
3330
3602
3548
3045
2104
881
40
37
34
33
207
855
1534
2128
2622
3000
3200
3144
2833
2345
1774
1215
746
450
449
815
1486
2272
2953
3414
3658
3771
3858
3951
3983
3860
3570
3187
2836
2604
2451
2273
1964
1459
795
103
37
37
36
34
34
60
384
868
1424
1974
2442
2814
3067
3142
2991
2652
2297
2121
2196
2425
2662
2793
2796
2705
2546
2376
2244
2151
2111
2162
2300
2506
2789
3149
3570
4008
4095
4095
4095
3553
2799
1956
1101
332
36
35
74
630
1510
2486
3341
3915
4095
4004
3546
2777
1822
916
325
182
430
854
1171
1192
938
609
433
559
984
1517
1908
1981
1770
1514
1469
1775
2383
3055
3519
3570
3171
2495
1823
1393
1323
1634
2292
3192
4095
4095
4095
4095
4095
3930
2983
2175
1626
1302
1128
1026
899
700
475
324
317
469
716
980
1264
1629
2091
2564
2967
3271
3480
3583
3557
3403
3214
3074
3024
3085
3231
3382
3419
3221
2690
1852
905
152
35
126
672
1427
2174
2756
3084
3166
3025
2703
2283
1817
1361
950
551
165
35
34
36
220
609
983
1189
1209
1125
1085
1255
1681
2316
3060
3730
4095
4049
3597
2957
2352
1920
1729
1821
2191
2737
3291
3689
3795
3556
3042
2422
1901
1655
1757
2085
2387
2476
2328
2010
1590
1122
664
337
280
523
983
1530
2005
2323
2475
2493
2431
2336
2245
2213
2281
2480
2834
3305
3750
3961
3766
3138
2247
1373
724
377
299
389
584
853
1153
1443
1732
2055
2448
2934
3451
3912
4095
4095
4095
4095
3460
2667
1921
1381
1117
1118
1330
1717
2200
2626
2812
2633
2072
1265
498
96
196
738
1531
2336
2990
3416
3573
3506
3301
3035
2745
2407
2044
1775
1739
1967
2377
2842
3263
3572
3687
3456
2778
1689
433
38
36
32
427
1385
2346
2965
3030
2501
1509
338
38
35
32
619
1749
2829
3458
3464
2945
2180
1511
1235
1465
2084
2785
3226
3250
2959
2616
2424
2401
2457
2523
2603
2721
2873
2966
2869
2512
1952
1380
994
886
1015
1233
1436
1619
1786
1937
2075
2206
2359
2516
2608
2548
2252
1714
1061
458
64
37
252
813
1535
2263
2873
3316
3647
3935
4095
4095
4095
3609
2831
1937
1183
827
972
1547
2372
3180
3695
3731
3279
2495
1614
907
597
788
1396
2202
2966
3470
3552
3164
2378
1376
388
38
35
33
208
955
1909
2799
3418
3697
3691
3558
3410
3248
3001
2597
2080
1630
1478
1714
2260
2900
3387
3549
3300
2716
1968
1272
802
596
585
689
873
1136
1506
1978
2494
2952
3220
3198
2833
2172
1390
724
373
465
969
1708
2414
2814
2773
2335
1675
1056
707
749
1209
1948
2687
3151
3214
2969
2679
2582
2726
2972
3110
2979
2568
2034
1636
1547
1755
2117
2433
2576
2526
2330
2045
1705
1384
1208
1244
1476
1812
2121
2320
2392
2414
2486
2630
2801
2902
2862
2725
2602
2597
2743
2974
3119
2966
2438
1652
868
386
358
699
1130
1385
1309
867
177
38
36
34
64
726
1684
2624
3334
3683
3674
3426
3100
2833
2679
2627
2645
2745
2938
3177
3327
3302
3143
2971
2851
2708
2395
1808
983
134
37
34
33
453
1284
2229
3077
3674
3960
3950
3729
3427
3222
3243
3505
3912
4095
4095
4095
4017
3469
2935
2555
2374
2312
2225
1973
1513
870
94
38
38
37
35
34
38
327
724
1063
1232
1186
952
650
445
512
980
1828
2859
3837
4095
4095
4095
4095
3724
3194
2790
2578
2582
2754
3009
3288
3542
3760
3975
4095
4095
4095
3829
3119
2207
1310
680
484
719
1229
1736
1959
1747
1128
330
37
34
47
546
1252
1899
2390
2709
2893
2974
2916
2688
2284
1762
1272
992
1050
1478
2207
3107
3991
4095
4095
4095
4095
3341
2522
1889
1560
1519
1604
1642
1527
1271
977
770
769
1045
1573
2222
2760
2932
2636
1949
1039
112
38
36
35
33
324
1337
2625
3839
4095
4095
4095
3626
2659
1988
1810
2099
2657
3221
3569
3538
3084
2301
1434
750
397
424
780
1312
1883
2411
2879
3268
3548
3666
3575
3281
2849
2371
1932
1622
1495
1570
1842
2210
2480
2452
2017
1213
208
38
37
34
56
890
2058
3180
4023
4095
4095
4095
4095
3894
3678
3443
3115
2694
2293
2070
2142
2513
3076
3629
3913
3675
2810
1420
45
40
40
36
34
33
237
944
1625
2092
2331
2440
2562
2832
3294
3871
4095
4095
4095
4095
4095
3674
2987
2393
1977
1709
1517
1394
1407
1665
2194
2858
3437
3754
3704
3240
2418
1423
560
89
78
418
1000
1618
2074
2230
2073
1746
1418
1176
1040
989
974
977
1024
1197
1595
2287
3220
4095
4095
4095
4095
3532
2324
1369
987
1222
1852
2546
3051
3267
3186
2815
2224
1575
1024
679
600
786
1192
1671
2001
2022
1755
1389
1114
1025
1094
1236
1363
1382
1271
1090
957
1001
1248
1596
1911
2092
2099
1980
1837
1735
1710
1753
1873
2085
2362
2653
2935
3251
3671
4095
4095
4095
4095
4095
4095
4044
3541
2973
2304
1589
1008
740
889
1426
2200
2979
3524
3630
3247
2442
1366
222
39
37
35
34
56
372
791
1252
1744
2213
2545
2635
2444
2020
1502
1124
1141
1698
2703
3875
4095
4095
4095
4095
4000
2975
1969
1188
793
811
1120
1530
1841
1907
1759
1525
1309
1155
1053
1016
1139
1531
2183
2954
3657
4095
4095
4095
4095
4095
4095
3882
3518
3096
2699
2393
2133
1776
1183
296
40
40
38
38
35
32
379
1511
2842
3995
4095
4095
4095
4095
3926
3391
2774
2112
1512
1145
1140
1512
2100
2587
2659
2163
1238
280
36
33
349
1013
1638
1966
1901
1494
931
498
443
873
1773
2990
4095
4095
4095
4095
4095
4095
4095
3926
3127
2217
1295
496
37
35
34
141
645
1351
2077
2641
2889
2794
2499
2215
2084
2084
2075
1906
1540
1053
596
350
444
863
1491
2176
2802
3318
3778
4095
4095
4095
4095
4095
4095
4095
4095
3530
2453
1407
436
38
38
37
36
35
33
36
241
646
1173
1763
2279
2556
2563
2453
2458
2739
3305
4036
4095
4095
4095
4095
3482
2396
1561
1145
1124
1361
1700
2002
2137
2029
1735
1394
1107
899
719
476
167
36
36
36
36
35
34
33
405
1278
2364
3404
4095
4095
4095
4095
4095
4050
3615
3155
2751
2486
2421
2596
2997
3527
3992
4095
3900
3277
2420
1502
743
366
504
1090
1844
2468
2826
2975
3061
3191
3327
3321
3058
2515
1773
1010
358
37
35
40
416
1119
1859
2401
2677
2778
2818
2806
2707
2530
2349
2256
2295
2435
2592
2656
2577
2373
2114
1890
1764
1740
1785
1861
1923
1913
1764
1487
1223
1147
1358
1831
2402
2833
2964
2763
2310
1810
1526
1615
2026
2546
2957
3159
3132
2881
2458
1997
1670
1607
1800
2128
2473
2729
2837
2799
2622
2309
1852
1249
538
38
35
34
494
1334
2174
2801
3176
3379
3478
3497
3433
3239
2910
2506
2148
1999
2124
2410
2690
2810
2718
2495
2258
2067
1942
1923
2032
2196
2254
2081
1702
1252
900
730
696
685
611
498
500
779
1402
2308
3320
4095
4095
4095
4095
4095
3408
2226
1113
217
37
36
35
42
409
1038
1744
2365
2769
2906
2856
2757
2708
2768
2949
3194
3373
3376
3156
2765
2337
1955
1694
1640
1853
2339
3001
3613
3928
3788
3152
2117
921
41
37
35
33
116
845
1945
3203
4095
4095
4095
4095
4095
3089
2002
1083
458
220
374
838
1486
2135
2584
2734
2577
2205
1771
1361
991
646
317
64
38
224
881
1889
2976
3864
4095
4095
4095
4095
3822
3515
3193
2849
2515
2299
2292
2519
2917
3369
3723
3798
3423
2581
1425
211
38
36
34
34
284
624
805
770
615
484
480
669
1079
1716
2526
3383
4086
4095
4095
4095
3422
2590
1808
1283
1144
1378
1855
2422
2906
3154
3089
2739
2215
1709
1406
1419
1776
2370
2995
3488
3767
3814
3661
3358
2953
2564
2309
2214
2202
2146
1950
1667
1426
1306
1317
1435
1569
1632
1558
1285
799
171
37
36
35
34
37
535
1338
2167
2884
3485
4026
4095
4095
4095
4095
3689
2962
2527
2574
3050
3707
4095
4095
4089
3487
2731
2053
1616
1440
1378
1196
721
51
37
35
32
420
1143
1746
2018
1936
1641
1389
1373
1667
2256
3024
3823
4095
4095
4095
4095
3303
2510
2039
1997
2311
2777
3105
3010
2352
1255
112
37
34
56
531
981
1086
804
328
37
58
567
1480
2453
3177
3525
3543
3377
3180
3013
2895
2793
2605
2265
1808
1334
981
887
1104
1584
2209
2807
3234
3428
3467
3445
3433
3472
3551
3635
3674
3604
3358
2929
2437
2042
1837
1768
1705
1524
1131
521
39
38
37
36
33
233
1274
2572
3713
4095
4095
4095
4095
4095
4095
3456
2797
2286
1989
1862
1762
1564
1266
980
858
962
1254
1660
2056
2312
2345
2143
1817
1556
1527
1739
2025
2190
2109
1763
1296
887
682
745
998
1278
1437
1416
1302
1234
1284
1455
1735
2116
2587
3108
3567
3901
4095
4095
4095
4095
3928
3644
3406
3294
3280
3271
3154
2814
2256
1645
1209
1071
1178
1406
1643
1818
1860
1679
1226
624
150
62
356
972
1705
2411
2955
3237
3234
2998
2649
2353
2182
2091
2036
2015
2002
1943
1837
1766
1839
2083
2399
2635
2689
2590
2405
2194
2009
1849
1717
1632
1576
1548
1600
1762
1970
2070
1929
1560
1083
608
205
37
58
430
1201
2208
3199
3950
4095
4095
4095
3987
3641
3310
3001
2698
2433
2229
2088
2005
1962
1895
1703
1295
654
39
37
34
34
209
925
1793
2592
3200
3568
3706
3703
3676
3710
3797
3834
3702
3285
2558
1678
930
595
773
1296
1850
2171
2195
2006
1778
1710
1925
2380
2869
3188
3253
3132
2994
2988
3143
3355
3474
3342
2843
2026
1099
284
36
35
33
56
472
1190
2056
2866
3438
3663
3522
3086
2456
1812
1388
1362
1765
2480
3234
3707
3712
3289
2599
1827
1150
668
441
529
890
1401
1946
2426
2801
3080
3232
3203
2946
2486
1922
1396
1030
877
977
1293
1706
2080
2294
2300
2162
1947
1688
1438
1298
1326
1489
1742
2057
2379
2610
2634
2413
2035
1678
1512
1605
1926
2394
2931
3418
3721
3769
3564
3185
2741
2360
2112
2023
2097
2233
2268
2124
1852
1563
1316
1115
931
734
568
540
746
1199
1779
2319
2669
2730
2519
2131
1685
1349
1276
1555
2184
3022
3800
4095
4095
3733
3073
2483
2188
2229
2478
2707
2714
2408
1843
1210
735
519
540
689
850
959
1008
1088
1362
1968
2921
4020
4095
4095
4095
4095
3750
3083
2550
2195
2037
2031
2086
2093
1994
1848
1764
1810
1938
1980
1758
1213
490
38
36
35
34
34
295
887
1577
2215
2740
3109
3256
3178
2973
2798
2799
2963
3104
3005
2602
2019
1457
1083
951
981
1026
966
771
564
577
973
1726
2641
3496
4095
4095
4095
3740
2911
2128
1682
1715
2188
2900
3598
4069
4095
3673
2783
1692
730
196
216
685
1297
1746
1857
1657
1367
1181
1152
1267
1504
1843
2219
2530
2659
2511
2100
1574
1157
1046
1288
1751
2251
2609
2699
2541
2289
2137
2201
2442
2742
3002
3206
3382
3514
3555
3484
3288
2993
2651
2306
1973
1623
1266
975
867
1039
1496
2092
2580
2736
2466
1875
1209
736
593
769
1189
1737
2268
2620
2696
2526
2198
1803
1394
988
636
446
544
953
1579
2233
2674
2770
2577
2293
2096
2029
2014
1987
2003
2181
2551
2983
3276
3322
3137
2842
2587
2422
2308
2201
2065
1909
1820
1836
1896
1881
1679
1274
758
268
36
34
102
667
1669
2906
4084
4095
4095
4095
4095
4095
4095
4061
3645
3244
2845
2401
1877
1270
666
176
36
34
35
170
628
1279
1975
2557
2895
2896
2555
1970
1324
833
645
745
1024
1338
1619
1868
2089
2317
2590
2916
3318
3751
4095
4095
4095
4095
4095
3895
3472
3081
2806
2685
2652
2544
2229
1647
816
40
40
39
37
35
32
100
813
1713
2529
3088
3273
3082
2605
2031
1584
1438
1645
2096
2617
3066
3360
3486
3423
3148
2670
2082
1578
1383
1578
2081
2748
3454
4095
4095
4095
4095
4095
4095
3999
3480
2897
2192
1334
352
39
37
36
34
34
97
377
647
861
1024
1121
1162
1209
1383
1811
2538
3453
4095
4095
4095
4095
4095
4095
3982
3605
3212
2823
2435
1988
1465
894
373
73
57
244
625
1056
1376
1516
1522
1464
1373
1295
1306
1488
1832
2194
2415
2409
2214
1950
1699
1553
1618
1979
2633
3392
3950
4055
3650
2906
2138
1607
1445
1672
2159
2666
2990
3064
2951
2739
2498
2282
2097
1878
1532
1007
363
37
35
33
276
1031
2041
3112
3993
4095
4095
3551
2636
1770
1183
976
1150
1650
2347
3028
3458
3529
3265
2818
2406
2155
2037
1942
1776
1518
1193
871
653
615
759
1044
1427
1846
2197
2399
2458
2458
2516
2743
3124
3550
3895
4043
3958
3672
3290
2941
2765
2837
3130
3513
3820
3912
3671
3068
2178
1157
204
37
35
34
34
245
648
1016
1283
1467
1655
1928
2298
2693
3020
3165
3050
2656
1995
1208
549
258
461
1092
1910
2614
3019
3090
2861
2382
1712
981
415
241
569
1351
2390
3426
4095
4095
4095
3767
2794
1690
620
38
37
34
33
232
799
1336
1693
1871
1969
2106
2311
2527
2677
2772
2913
3203
3644
4095
4095
4095
3917
3444
3113
3066
3324
3741
4063
4095
3802
3255
2615
2058
1626
1269
971
778
716
739
759
691
555
450
437
513
625
728
837
1003
1304
1839
2638
3594
4095
4095
4095
4095
4095
3314
2407
1749
1478
1636
2152
2850
3527
3996
4095
3771
3088
2196
1226
276
39
38
37
36
33
225
1226
2413
3373
3843
3728
3088
2148
1201
515
243
337
622
943
1214
1389
1470
1521
1662
1967
2388
2823
3149
3259
3126
2846
2613
2574
2744
3006
3215
3269
3117
2778
2371
2084
2050
2311
2813
3421
3928
4095
3864
3219
2350
1483
810
440
370
554
946
1490
2122
2701
3041
3047
2775
2378
1992
1643
1295
903
475
140
82
351
892
1534
2083
2373
2396
2264
2087
1925
1793
1714
1716
1777
1858
1943
2043
2208
2503
2941
3448
3887
4095
4095
4095
4095
4095
4095
4076
3823
3289
2529
1655
754
40
38
37
37
35
34
38
491
1275
2185
3019
3617
3850
3629
2972
2064
1227
756
836
1468
2476
3586
4095
4095
4095
3874
2710
1434
312
37
35
52
572
1307
2041
2660
3102
3304
3208
2846
2346
1879
1640
1748
2161
2722
3202
3373
3129
2557
1909
1415
1159
1128
1231
1343
1420
1526
1770
2241
2901
3580
4073
4095
4095
3723
3143
2477
1828
1254
774
410
187
135
259
536
903
1308
1766
2297
2830
3202
3232
2844
2141
1357
704
317
241
497
1099
1969
2899
3634
4015
4081
4016
4017
4095
4095
4095
4095
3864
3313
2671
1989
1344
843
551
439
449
542
670
764
746
615
492
563
928
1553
2261
2848
3221
3379
3332
3076
2650
2173
1770
1491
1339
1285
1312
1455
1755
2184
2622
2917
2935
2594
1938
1178
608
469
810
1452
2140
2636
2769
2495
1902
1234
825
926
1556
2546
3638
4095
4095
4095
4095
4095
4059
2931
1632
454
37
35
35
256
512
553
320
38
36
32
32
512
1565
2883
4095
4095
4095
4095
4095
4095
4095
4095
4095
3863
3187
2202
971
41
38
36
34
38
521
1127
1599
1841
1866
1761
1630
1556
1528
1494
1462
1545
1868
2490
3345
4095
4095
4095
4095
3216
2181
1434
1127
1165
1367
1552
1626
1640
1650
1697
1804
1977
2222
2486
2689
2772
2693
2437
2056
1647
1345
1276
1451
1772
2088
2232
2166
2005
1927
2059
2411
2859
3212
3321
3149
2811
2489
2274
2110
1859
1423
856
367
146
258
678
1332
2126
2962
3707
4095
4095
3673
2836
1991
1462
1425
1821
2383
2820
2979
2814
2357
1707
1002
390
57
54
291
781
1421
2063
2508
2606
2359
1968
1713
1736
1988
2330
2620
2745
2677
2449
2104
1743
1464
1262
1093
918
759
727
922
1367
2031
2837
3615
4095
4095
3807
3002
2033
1218
801
915
1527
2437
3367
4067
4095
4095
3842
3202
2547
2067
1838
1807
1862
1895
1894
1951
2110
2317
2479
2535
2483
2350
2116
1745
1233
647
150
35
56
332
821
1465
2248
3074
3799
4095
4095
3839
3013
2062
1344
1096
1350
1954
2650
3179
3394
3262
2873
2443
2191
2190
2357
2503
2438
2088
1519
874
261
37
36
36
35
35
34
132
711
1500
2308
3033
3629
4088
4095
4095
4095
4095
4095
4095
3996
3454
2727
1902
1173
746
716
1018
1502
1971
2262
2324
2209
2033
1881
1779
1692
1567
1384
1134
838
581
515
744
1224
1755
2073
1996
1521
812
156
35
158
937
2187
3588
4095
4095
4095
4095
4095
3262
2044
1000
365
305
850
1803
2807
3517
3727
3410
2690
1760
842
146
34
88
554
1266
2091
2953
3827
4095
4095
4095
4095
4095
4095
3046
1892
934
281
37
35
35
36
51
128
340
725
1250
1837
2374
2719
2829
2748
2581
2447
2427
2588
2946
3409
3834
4095
4095
3998
3538
2838
2039
1289
663
150
36
34
33
283
874
1509
1944
2091
2027
1863
1682
1565
1591
1771
2077
2468
2866
3201
3452
3612
3641
3455
2977
2233
1442
901
833
1223
1842
2396
2680
2686
2530
2318
2099
1855
1517
1029
385
38
37
35
33
279
1304
2599
3790
4095
4095
4095
4095
3858
3462
3192
2960
2658
2253
1772
1328
1048
974
1102
1363
1633
1843
1977
2029
2057
2179
2490
2977
3474
3740
3655
3272
2791
2476
2494
2826
3245
3450
3217
2552
1725
1052
727
811
1245
1855
2407
2707
2641
2211
1599
1096
942
1228
1864
2593
3136
3350
3211
2817
2359
1960
1614
1297
1003
732
523
411
401
527
777
1070
1346
1610
1875
2160
2494
2814
3016
3048
2894
2548
2051
1480
989
740
825
1217
1773
2317
2712
2896
2885
2762
2644
2650
2792
2990
3172
3312
3426
3478
3344
2906
2156
1269
540
171
226
669
1375
2133
2670
2766
2362
1642
963
613
684
1119
1743
2372
2896
3290
3597
3826
3903
3758
3367
2755
2012
1296
750
454
461
741
1201
1766
2384
2957
3348
3454
3241
2742
2104
1564
1317
1474
2033
2867
3757
4095
4095
4004
2850
1416
152
36
34
33
198
617
1082
1469
1735
1932
2178
2588
3178
3859
4095
4095
4095
4095
3437
2516
1756
1262
995
854
749
577
316
75
37
108
479
1012
1480
1738
1773
1640
1450
1302
1221
1192
1185
1174
1241
1547
2197
3111
4019
4095
4095
4095
4095
3709
3276
2967
2763
2599
2422
2235
2075
1973
1934
1930
1872
1673
1339
951
588
307
126
53
58
212
688
1503
2552
3662
4095
4095
4095
4095
4095
4095
4095
3476
2534
1498
451
38
37
36
35
33
153
620
1177
1701
2158
2553
2902
3234
3528
3722
3734
3533
3158
2705
2334
2186
2328
2775
3465
4095
4095
4095
4095
4095
3171
1725
398
39
37
34
34
45
364
823
1303
1716
1989
2085
2027
1911
1874
1979
2170
2342
2440
2455
2429
2423
2491
2703
3076
3526
3916
4095
4050
3596
2760
1690
662
40
34
191
707
1280
1710
1854
1647
1110
368
37
36
35
34
82
550
1143
1673
2073
2441
2960
3747
4095
4095
4095
4095
4095
4095
4095
4095
4095
3387
2744
2272
2041
2032
2083
1996
1654
1048
276
38
37
36
36
33
184
865
1605
2119
2231
1972
1550
1187
989
1000
1236
1673
2237
2792
3200
3423
3479
3420
3326
3207
3030
2797
2499
2109
1633
1167
885
912
1262
1868
2604
3330
3866
4044
3781
3099
2161
1187
339
36
35
34
169
602
1016
1264
1348
1427
1704
2309
3238
4095
4095
4095
4095
4095
4095
3655
2625
1765
1266
1208
1555
2098
2510
2523
2034
1183
280
36
34
164
818
1597
2226
2517
2458
2179
1887
1813
2082
2656
3342
3830
3851
3304
2318
1246
514
410
927
1772
2531
2906
2824
2456
2036
1762
1734
1898
2141
2351
2449
2395
2174
1854
1575
1437
1488
1717
2052
2395
2636
2667
2436
1984
1434
903
472
199
158
416
936
1563
2107
2421
2415
2096
1571
1050
741
726
939
1223
1449
1562
1573
1538
1512
1579
1834
2322
2968
3643
4095
4095
4095
4095
4095
4095
4095
3726
3214
2680
2245
2006
2033
2260
2502
2565
2345
1906
1444
1138
1080
1238
1450
1546
1469
1286
1146
1224
1575
2141
2815
3447
3839
3829
3349
2466
1396
455
36
34
374
1200
2221
3165
3747
3782
3265
2341
1226
211
36
35
34
78
406
868
1376
1841
2157
2301
2378
2534
2833
3177
3371
3284
2911
2376
1871
1559
1545
1812
2201
2511
2612
2493
2253
2014
1839
1729
1650
1607
1630
1731
1940
2295
2791
3372
3916
4095
4095
4015
3438
2668
1805
998
388
71
51
146
278
320
239
143
217
582
1244
2133
3096
3983
4095
4095
4095
3777
2858
2036
1546
1523
1969
2761
3626
4095
4095
3471
2359
1115
62
37
35
33
157
706
1381
1983
2375
2515
2471
2376
2345
2416
2554
2721
2899
3101
3344
3594
3777
3807
3579
3049
2246
1296
439
37
34
353
1077
1905
2584
2888
2731
2225
1614
1168
1104
1488
2190
2952
3508
3688
3510
3133
2772
2532
2341
2061
1637
1169
794
569
520
667
978
1373
1761
2087
2336
2534
2721
2896
3004
2963
2748
2415
2035
1675
1364
1076
766
417
107
42
242
805
1511
2157
2644
2949
3092
3101
3016
2939
2967
3119
3318
3439
3393
3213
2990
2781
2585
2367
2115
1887
1767
1808
1993
2229
2386
2363
2115
1616
885
54
38
37
35
33
71
819
1932
3146
4095
4095
4095
4095
4095
4095
4095
3719
3007
2193
1436
923
783
960
1226
1377
1347
1165
918
692
551
595
882
1336
1751
1909
1744
1375
1020
873
976
1247
1562
1858
2181
2585
3086
3656
4095
4095
4095
4095
4095
4095
3979
3659
3454
3408
3468
3525
3470
3234
2772
2090
1302
560
39
37
37
36
36
34
34
240
885
1736
2573
3148
3341
3212
2956
2796
2855
3119
3422
3524
3266
2616
1654
562
39
38
37
34
32
574
1826
3312
4095
4095
4095
4095
4095
3664
3014
2519
2104
1670
1168
640
244
193
630
1535
2671
3705
4095
4095
4095
3895
3304
2771
2379
2096
1863
1685
1597
1584
1626
1718
1839
1968
2046
1960
1680
1342
1152
1261
1631
2024
2166
1899
1268
541
89
169
831
1869
2854
3417
3422
2966
2307
1723
1367
1259
1345
1528
1690
1792
1883
2049
2381
2866
3364
3700
3695
3258
2432
1469
758
628
1201
2312
3561
4095
4095
4095
3583
2558
1708
1141
827
651
480
288
118
64
190
585
1192
1889
2470
2780
2828
2734
2663
2666
2636
2407
1871
1066
197
36
35
33
202
828
1546
2123
2461
2640
2771
2903
3008
3064
3093
3162
3359
3704
4095
4095
4095
4095
4095
4095
3534
2576
1432
206
40
38
36
33
94
1024
2244
3293
3875
3935
3579
2965
2237
1514
960
703
768
1096
1601
2212
2843
3403
3826
4050
4053
3893
3659
3386
3041
2599
2084
1569
1187
1002
998
1092
1122
956
566
90
36
34
191
929
2014
3173
4059
4095
4095
3586
2811
2231
2050
2297
2841
3461
3875
3823
3189
2095
893
45
34
70
623
1384
2023
2304
2187
1823
1464
1315
1401
1611
1813
1869
1719
1375
944
557
280
112
59
94
253
532
845
1164
1561
2131
2875
3706
4095
4095
4095
4095
4095
3654
2830
2122
1629
1392
1417
1727
2294
2975
3565
3933
4040
3886
3454
2786
1983
1213
650
354
274
362
620
1026
1517
2028
2483
2819
2984
2970
2847
2690
2555
2488
2494
2520
2469
2230
1722
985
223
36
34
83
668
1616
2681
3573
4050
4021
3553
2882
2317
2094
2267
2689
3123
3388
3423
3251
2918
2469
1975
1521
1192
1063
1095
1148
1062
739
223
36
35
33
357
1218
2280
3323
4095
4095
4095
4095
3948
3046
2160
1518
1208
1181
1354
1659
2052
2440
2658
2546
2040
1228
376
36
47
630
1597
2516
3097
3290
3213
3042
2947
2991
3153
3371
3559
3658
3657
3579
3423
3118
2597
1886
1082
317
37
37
36
35
34
33
313
927
1636
2284
2789
3103
3228
3203
3075
2937
2844
2771
2678
2519
2241
1830
1350
940
791
1030
1662
2568
3495
4095
4095
4095
3852
3061
2252
1613
1204
966
842
861
1094
1515
1973
2305
2404
2228
1858
1493
1340
1485
1807
2073
2119
1945
1693
1517
1476
1597
1905
2405
3025
3622
4020
4084
3828
3368
2870
2524
2466
2675
2948
3056
2852
2340
1647
914
256
36
36
35
34
80
375
829
1335
1823
2239
2564
2808
2998
3179
3410
3737
4095
4095
4095
4095
4095
3494
2676
1796
1017
549
521
886
1427
1863
2017
1907
1676
1498
1524
1805
2287
2784
3036
2886
2378
1716
1168
954
1159
1717
2447
3105
3443
3293
2636
1574
299
40
38
36
33
162
1170
2359
3330
3868
3976
3759
3322
2741
2072
1424
966
853
1177
1852
2647
3277
3519
3287
2679
1902
1177
676
498
687
1236
2040
2917
3684
4095
4095
4095
3918
3347
2697
2123
1741
1562
1532
1609
1774
2033
2408
2845
3223
3420
3333
2938
2345
1719
1248
1059
1166
1491
1881
2216
2474
2715
3011
3347
3625
3766
3730
3501
3108
2641
2207
1853
1529
1143
664
193
35
35
37
177
454
669
662
355
37
36
35
34
88
640
1479
2488
3497
4095
4095
4095
4095
4095
4095
3958
3630
3147
2563
2065
1816
1870
2138
2380
2378
2056
1482
809
240
37
145
685
1455
2171
2607
2688
2483
2133
1754
1426
1203
1111
1144
1274
1516
1896
2382
2898
3370
3802
4095
4095
4095
4095
4095
4095
4095
4095
4095
4010
3073
2043
981
46
38
37
36
35
34
81
653
1396
2031
2359
2268
1765
966
141
36
33
512
1598
2904
4095
4095
4095
4095
3750
2591
1606
1094
1161
1724
2494
3063
3091
2445
1284
65
37
32
209
1155
2153
2709
2581
1840
804
39
35
63
873
2069
3175
3818
3897
3626
3369
3420
3826
4095
4095
4095
4095
4085
3439
2653
1765
934
386
286
603
1106
1485
1526
1246
875
648
665
874
1121
1256
1228
1116
1075
1234
1682
2388
3214
3975
4095
4095
4095
4095
4095
3945
3283
2570
1877
1216
589
83
34
122
685
1491
2259
2777
2966
2883
2679
2502
2448
2539
2705
2808
2713
2373
1846
1285
824
492
264
99
38
43
190
567
1017
1331
1336
986
392
38
35
34
220
1004
2032
3094
4049
4095
4095
4095
4095
4095
4095
4095
4095
3642
2928
2182
1441
763
235
36
37
176
524
926
1250
1456
1629
1896
2356
3004
3713
4095
4095
4047
3258
2207
1179
498
373
786
1491
2168
2612
2783
2719
2450
2043
1629
1335
1235
1304
1410
1477
1539
1648
1852
2201
2702
3310
3927
4095
4095
4095
3528
2502
1367
431
38
128
717
1499
2133
2416
2267
1735
1001
350
41
44
256
695
1282
1975
2663
3145
3283
3118
2825
2592
2476
2385
2236
1983
1610
1184
807
548
463
598
957
1474
2068
2640
3065
3237
3133
2850
2541
2357
2390
2657
3120
3662
4095
4095
4095
3575
2765
1930
1293
936
803
788
782
718
651
691
926
1369
1955
2613
3277
3859
4095
4095
4043
3599
3039
2477
2038
1826
1829
1899
1825
1470
908
390
161
301
762
1421
2085
2543
2626
2287
1641
937
385
130
261
795
1631
2618
3593
4095
4095
4095
4095
4095
3206
2273
1589
1346
1568
2109
2703
3051
2925
2286
1346
451
36
41
472
1233
2042
2713
3191
3494
3638
3590
3314
2801
2157
1561
1150
981
1064
1318
1634
1935
2111
2022
1585
819
40
38
36
35
34
134
562
992
1377
1827
2476
3349
4095
4095
4095
4095
4095
4095
4095
4095
3657
2830
2084
1562
1337
1403
1647
1909
2043
1967
1702
1360
1083
963
989
1066
1138
1211
1321
1483
1717
2028
2400
2728
2831
2616
2177
1732
1445
1309
1189
954
568
139
35
34
167
688
1415
2190
2884
3461
3925
4095
4095
4069
3711
3316
2922
2483
1959
1445
1152
1251
1788
2658
3588
4095
4095
3981
2969
1644
378
37
33
263
1146
2179
2999
3397
3348
2934
2321
1689
1138
714
427
310
402
682
1114
1639
2189
2700
3106
3347
3388
3255
2993
2624
2172
1701
1333
1188
1288
1615
2156
2882
3734
4095
4095
4095
4095
4095
4095
3454
2664
2126
1879
1841
1853
1721
1258
386
41
40
40
38
36
34
32
315
977
1628
2156
2552
2864
3134
3401
3709
4095
4095
4095
4095
4095
4095
4095
3633
2230
827
40
36
34
33
374
1136
2045
2855
3309
3248
2677
1804
991
546
572
1021
1760
2646
3550
4095
4095
4095
4095
3986
3309
2799
2556
2493
2412
2169
1716
1076
376
37
36
34
34
194
494
785
1036
1270
1478
1678
1944
2339
2901
3579
4095
4095
4095
4095
3308
2266
1441
1131
1446
2272
3316
4095
4095
4095
3143
1836
693
91
160
788
1647
2316
2517
2225
1594
854
210
36
34
124
611
1181
1609
1804
1831
1878
2091
2459
2808
2915
2626
1971
1161
517
334
708
1504
2427
3213
3735
3966
3967
3861
3728
3599
3475
3293
3008
2616
2102
1499
881
335
46
87
554
1406
2405
3205
3572
3490
3080
2560
2143
1965
2015
2144
2177
2025
1719
1335
997
820
871
1144
1495
1736
1782
1709
1694
1904
2340
2820
3126
3132
2842
2389
1956
1722
1823
2229
2782
3264
3488
3391
3032
2590
2227
2032
1994
2008
1946
1710
1316
858
421
81
35
38
165
468
795
1067
1297
1561
1929
2419
3026
3677
4095
4095
4095
4095
4095
4095
3435
2595
1799
1169
770
593
610
780
1052
1395
1740
1987
2070
1985
1753
1478
1317
1359
1611
1986
2309
2473
2454
2254
1931
1603
1393
1403
1716
2328
3128
3891
4095
4095
3690
2862
1996
1337
1037
1141
1571
2140
2652
2947
2956
2699
2245
1688
1089
529
107
35
40
160
366
574
788
1046
1355
1647
1829
1837
1699
1553
1555
1755
2108
2510
2897
3267
3631
4022
4095
4095
4095
4095
4095
3446
2284
1149
272
36
57
542
1332
2145
2749
3057
3131
3058
2885
2617
2292
1986
1750
1649
1747
2033
2415
2787
3095
3332
3475
3493
3377
3119
2709
2183
1585
985
476
120
40
137
583
1341
2298
3250
3928
4079
3625
2729
1664
712
75
34
72
495
1095
1654
2062
2280
2321
2209
2005
1835
1830
2027
2309
2441
2247
1746
1174
826
907
1433
2206
2871
3148
2933
2316
1576
1008
794
983
1461
2037
2569
2989
3296
3476
3447
3162
2643
1963
1295
855
772
1047
1590
2235
2765
3039
3045
2821
2408
1844
1161
452
37
33
227
885
1715
2478
3051
3454
3723
3834
3754
3455
2963
2417
2043
2003
2344
3001
3812
4095
4095
4095
4095
3831
2744
1714
944
556
520
703
945
1068
939
559
61
37
35
33
165
929
1956
2916
3598
3937
3986
3822
3487
3069
2705
2489
2392
2269
2009
1661
1396
1373
1597
1931
2233
2411
2391
2107
1550
853
281
76
239
649
1127
1563
1903
2094
2160
2208
2372
2727
3202
3631
3844
3696
3137
2249
1288
559
239
348
748
1213
1563
1738
1772
1765
1834
2019
2316
2705
3112
3463
3744
3970
4095
4086
3863
3485
3042
2605
2171
1772
1517
1523
1818
2253
2544
2451
1881
939
42
36
33
107
840
1763
2583
3193
3585
3743
3679
3429
3014
2476
1899
1387
1009
818
819
980
1284
1763
2431
3240
4071
4095
4095
4095
4095
3909
2972
1932
851
40
37
35
32
356
1370
2540
3473
3846
3550
2759
1841
1184
1004
1266
1724
2055
1995
1442
563
38
35
33
384
1156
1959
2597
2949
2933
2552
1936
1303
845
640
712
1090
1761
2603
3399
3937
4095
3956
3627
3265
3036
3053
3336
3785
4095
4095
3809
3067
2209
1500
1082
944
1007
1123
1106
846
372
37
35
33
160
726
1443
2071
2466
2664
2823
3093
3466
3770
3865
3769
3589
3439
3341
3256
3194
3190
3248
3273
3154
2869
2486
2105
1754
1416
1099
822
601
424
256
95
37
38
150
485
948
1446
1854
2090
2183
2176
2057
1785
1347
800
283
37
44
317
922
1694
2491
3188
3727
4095
4095
4095
4095
4095
4095
4095
4095
3930
3204
2547
2010
1569
1221
1040
1095
1352
1635
1723
1462
871
174
36
33
347
1247
2323
3243
3739
3700
3226
2603
2114
1903
1988
2290
2701
3146
3568
3908
4059
3869
3248
2224
988
41
37
36
34
81
740
1591
2362
2906
3187
3227
3063
2797
2575
2491
2572
2797
3057
3202
3153
2889
2415
1807
1182
650
340
319
599
1151
1847
2456
2756
2625
2158
1625
1302
1327
1688
2267
2874
3317
3480
3347
2997
2582
2234
2024
1971
2037
2136
2141
1983
1679
1351
1192
1299
1629
2042
2380
2525
2414
2114
1823
1752
1986
2451
2998
3485
3816
3944
3811
3373
2686
1923
1287
881
670
564
483
412
417
529
727
993
1267
1496
1698
1877
2022
2105
2098
2017
1925
1885
1929
2077
2321
2645
3022
3360
3539
3473
3142
2605
1928
1213
567
71
35
34
54
418
1122
2064
3054
3841
4095
4010
3324
2384
1515
949
834
1218
1981
2919
3806
4095
4095
4095
4095
4040
3334
2498
1671
1079
900
1218
1946
2839
3567
3903
3781
3316
2656
1933
1273
751
359
49
37
37
36
35
33
62
625
1356
2010
2428
2617
2732
2953
3410
4087
4095
4095
4095
4095
4095
3132
2048
1199
724
641
897
1339
1748
1927
1796
1432
1003
717
728
1098
1756
2528
3191
3547
3529
3200
2766
2449
2348
2421
2520
2463
2177
1730
1244
811
518
456
635
972
1359
1657
1762
1692
1560
1464
1439
1451
1423
1304
1104
901
855
1141
1813
2700
3534
4084
4095
4095
3973
3908
4041
4095
4095
4095
4095
3859
3189
2404
1678
1167
949
1037
1355
1793
2240
2588
2701
2431
1718
690
40
36
35
33
184
666
1032
1091
895
704
798
1279
2001
2674
3016
2930
2518
1977
1562
1466
1762
2367
3057
3634
4015
4095
4095
3789
3299
2828
2558
2558
2741
2908
2926
2800
2564
2242
1887
1577
1347
1156
926
604
273
97
161
532
1203
2094
3027
3757
4081
3907
3363
2728
2296
2251
2563
3001
3306
3347
3151
2813
2380
1837
1185
485
37
34
34
117
622
1324
2011
2476
2560
2234
1662
1152
1012
1397
2209
3171
3974
4095
4095
3704
3073
2609
2496
2691
2994
3204
3152
2788
2182
1460
800
340
116
120
316
635
929
1042
920
634
320
161
313
801
1527
2298
2868
3121
3125
3012
2861
2689
2525
2465
2564
2757
2931
3024
3075
3163
3298
3368
3282
3067
2770
2407
1961
1437
899
476
322
513
1025
1743
2472
3007
3242
3238
3117
2979
2847
2700
2538
2355
2146
1945
1778
1675
1635
1566
1422
1288
1316
1620
2165
2772
3249
3420
3238
2808
2329
2015
2012
2308
2762
3169
3316
3064
2407
1481
565
38
35
82
428
821
1081
1130
939
571
196
59
216
694
1393
2178
2883
3321
3361
3019
2456
1850
1342
1038
1011
1280
1820
2550
3305
3915
4095
4095
4086
3829
3623
3500
3382
3136
2713
2164
1570
1065
820
952
1486
2276
3045
3504
3497
3043
2341
1674
1289
1312
1659
2050
2170
1838
1096
178
37
35
32
365
1264
2336
3311
3991
4095
4095
4095
4023
3624
3102
2526
1983
1513
1115
815
704
861
1267
1778
2224
2487
2542
2420
2141
1734
1282
905
755
973
1585
2461
3320
3842
3833
3329
2556
1751
1134
824
811
1017
1305
1512
1559
1526
1589
1866
2357
2939
3389
3521
3259
2643
1835
1056
489
234
300
681
1373
2287
3266
4095
4095
4095
4095
4095
4095
4095
3798
3114
2231
1248
295
38
37
36
34
32
462
1462
2547
3322
3561
3325
2836
2361
2069
1980
2070
2242
2339
2231
1916
1575
1453
1717
2340
3074
3611
3772
3490
2794
1794
706
39
36
34
34
198
509
794
1076
1391
1729
2055
2306
2452
2566
2758
3066
3416
3684
3817
3834
3757
3588
3343
3054
2759
2477
2227
1973
1646
1186
612
54
36
36
36
35
35
34
256
868
1664
2483
3178
3694
4035
4095
4095
3836
3468
3180
3087
3181
3335
3396
3306
3122
2941
2843
2860
3031
3362
3772
4095
4095
4095
3759
3126
2322
1434
611
59
34
85
524
1184
1846
2338
2580
2593
2448
2201
1917
1664
1485
1400
1420
1485
1541
1593
1639
1643
1597
1509
1380
1244
1190
1283
1562
2021
2570
3035
3251
3115
2593
1748
769
40
36
32
358
1154
2018
2661
2958
2965
2791
2543
2327
2219
2225
2246
2142
1879
1597
1508
1715
2173
2751
3263
3558
3549
3186
2570
1948
1584
1590
1913
2410
2876
3111
2952
2344
1428
542
64
123
665
1486
2321
2936
3165
3007
2654
2320
2108
1969
1779
1471
1096
808
794
1191
2026
3118
4095
4095
4095
4095
3923
3321
2733
2227
1911
1824
1909
2038
2052
1898
1670
1503
1455
1469
1431
1253
944
646
562
792
1308
2006
2739
3324
3576
3423
2944
2332
1794
1450
1326
1423
1677
1961
2122
2023
1616
973
253
37
35
32
418
1348
2404
3276
3806
4001
3989
3936
3927
3910
3804
3530
3056
2457
1926
1667
1792
2221
2690
2900
2709
2210
1600
1049
698
614
765
1079
1495
1927
2253
2337
2095
1594
1043
636
470
513
719
1072
1558
2180
2879
3532
3972
4060
3763
3170
2476
1905
1563
1473
1601
1868
2211
2575
2877
3057
3091
2998
2859
2762
2729
2701
2554
2163
1539
819
212
36
35
104
306
566
855
1175
1511
1785
1912
1846
1599
1252
927
739
818
1289
2185
3371
4095
4095
4095
4095
4095
4095
3832
3099
2517
2174
2109
2315
2721
3156
3391
3275
2782
2011
1130
277
37
36
34
42
383
797
1098
1302
1508
1770
2091
2467
2885
3333
3760
4034
3977
3499
2684
1756
941
364
66
38
76
195
348
485
589
718
964
1388
1987
2628
3165
3502
3588
3438
3111
2675
2227
1861
1636
1568
1655
1918
2346
2852
3334
3685
3802
3658
3330
2967
2676
2489
2371
2316
2402
2700
3158
3587
3804
3710
3299
2691
2055
1507
1110
898
861
949
1151
1483
1944
2513
3064
3451
3583
3401
2872
2042
1082
227
36
34
34
252
792
1505
2289
3007
3513
3709
3517
2927
2067
1180
546
379
696
1345
2075
2656
2987
3066
2934
2606
2133
1581
1024
546
212
107
246
608
1094
1559
1890
2039
2037
1956
1829
1682
1574
1563
1665
1873
2180
2603
3136
3716
4095
4095
4095
3802
3119
2337
1647
1249
1243
1577
2110
2658
3055
3159
2893
2326
1644
1032
599
346
227
256
463
821
1283
1798
2299
2720
3035
3239
3375
3545
3813
4095
4095
4095
4095
4095
4095
4095
4095
3860
2842
1558
206
38
36
33
131
889
1623
1914
1623
889
57
37
35
33
138
632
1200
1727
2224
2748
3308
3781
3991
3822
3347
2793
2423
2415
2780
3382
4031
4095
4095
4095
4025
3160
2140
1158
416
53
40
106
188
169
54
35
35
35
34
96
483
1011
1560
2054
2461
2786
3076
3389
3742
4086
4095
4095
3710
2875
1916
1111
624
486
643
1004
1472
1993
2492
2882
3088
3098
3021
3015
3156
3360
3455
3331
2994
2564
2176
1925
1885
2071
2427
2819
3075
3073
2799
2362
1886
1476
1193
1053
1042
1096
1167
1236
1277
1300
1326
1380
1502
1725
2086
2603
3238
3842
4095
3972
3200
1976
627
39
36
33
245
908
1585
2160
2657
3161
3728
4095
4095
4095
3986
3226
2552
2229
2294
2549
2744
2690
2289
1568
726
75
34
82
434
833
1105
1173
1057
884
868
1150
1742
2500
3208
3733
4034
4095
3909
3456
2856
2280
1856
1658
1667
1821
2092
2433
2791
3060
3095
2783
2145
1315
488
37
34
128
743
1559
2286
2703
2706
2378
1956
1651
1533
1552
1632
1781
2063
2465
2835
2981
2841
2532
2273
2260
2553
3066
3583
3831
3629
3007
2205
1483
977
710
665
782
937
979
800
460
150
49
121
413
925
1659
2568
3493
4095
4095
4095
4020
3348
2597
1991
1719
1855
2351
3019
3583
3783
3488
2764
1814
918
334
180
447
1074
1929
2797
3447
3707
3490
2886
2104
1377
873
631
581
617
691
868
1247
1838
2536
3150
3451
3311
2765
2040
1427
1142
1287
1831
2654
3556
4095
4095
4095
4095
3759
3336
2927
2471
1971
1508
1188
1070
1094
1126
1045
775
360
38
37
37
37
35
34
38
376
818
1131
1306
1499
1851
2400
3104
3820
4095
4095
4095
3601
2866
2333
2155
2346
2823
3457
4076
4095
4095
4095
3609
2743
1800
976
488
445
824
1493
2217
2742
2918
2729
2303
1900
1767
1976
2376
2681
2707
2472
2114
1766
1510
1412
1485
1679
1890
1993
1930
1759
1635
1680
1893
2197
2516
2798
3020
3159
3156
2914
2408
1696
922
263
36
35
35
172
499
826
1013
996
829
693
778
1148
1785
2626
3571
4095
4095
4095
4095
4051
3133
2337
1801
1574
1643
1955
2450
3007
3479
3745
3739
3520
3234
3030
2982
3056
3131
3054
2764
2311
1759
1144
531
58
36
35
35
35
35
41
415
1150
2002
2700
3064
3054
2790
2485
2281
2171
2098
1998
1823
1613
1429
1300
1255
1324
1502
1718
1899
1999
1983
1907
1890
2012
2295
2690
3098
3445
3709
3902
3999
3915
3617
3199
2819
2572
2418
2224
1856
1298
691
213
37
48
250
629
1130
1700
2259
2716
3007
3115
3032
2764
2321
1756
1220
902
912
1231
1725
2229
2607
2837
2967
3055
3139
3190
3189
3162
3138
3105
3014
2811
2465
2010
1522
1126
950
1019
1324
1831
2432
2958
3288
3410
3412
3423
3470
3423
3125
2542
1819
1164
722
540
564
688
858
1098
1455
1974
2643
3372
4015
4095
4095
3530
2350
1065
145
34
325
1076
1889
2458
2616
2370
1853
1316
1007
1050
1353
1679
1836
1781
1610
1417
1213
1009
856
788
815
937
1132
1352
1529
1583
1442
1116
746
547
670
1125
1819
2586
3260
3732
3966
4004
3947
3874
3827
3830
3883
3935
3904
3733
3393
2914
2413
2015
1817
1847
2034
2193
2110
1643
779
41
39
37
34
32
401
1261
2205
3089
3832
4095
4095
4095
4095
3991
3753
3457
2975
2234
1274
250
38
36
33
117
858
1730
2374
2654
2682
2702
2940
3447
4091
4095
4095
4095
4095
4095
4095
4095
3815
3121
2285
1353
434
38
35
33
165
597
865
743
279
37
36
33
239
997
2020
3108
4035
4095
4095
4095
3841
3133
2547
2206
2150
2300
2530
2756
2941
3086
3196
3255
3170
2809
2142
1293
432
37
37
37
36
36
35
34
33
337
1032
1841
2643
3353
3914
4095
4095
4095
4095
4095
4095
3970
3722
3577
3458
3275
2989
2624
2279
2052
1932
1798
1544
1134
592
66
35
33
351
1106
1962
2635
2927
2802
2370
1825
1383
1234
1457
1960
2490
2805
2770
2402
1835
1224
750
597
844
1434
2169
2771
3069
3040
2789
2478
2199
1997
1908
1925
1999
2098
2193
2221
2140
1988
1902
2028
2426
3049
3693
4095
4095
4095
3660
2799
1713
596
39
35
33
262
1007
1866
2550
2914
3005
2948
2881
2867
2896
2933
2898
2714
2358
1890
1432
1112
1039
1254
1679
2124
2375
2296
1956
1597
1448
1559
1816
2026
2040
1835
1535
1325
1374
1804
2608
3590
4095
4095
4095
4064
3153
2275
1692
1538
1810
2369
2949
3276
3176
2629
1783
868
119
34
34
259
852
1527
2037
2160
1791
993
72
36
34
265
1326
2697
3928
4095
4095
3719
2577
1510
770
376
213
164
202
350
572
800
992
1185
1438
1754
2134
2598
3108
3564
3865
3996
4058
4095
4095
4095
4095
4095
4095
3411
2563
1794
1359
1374
1728
2165
2420
2299
1802
1129
561
301
366
616
902
1172
1448
1768
2137
2462
2589
2421
1987
1468
1066
916
1057
1387
1717
1876
1830
1711
1682
1858
2258
2764
3149
3214
2859
2192
1473
979
875
1177
1786
2508
3085
3315
3152
2699
2144
1703
1519
1561
1701
1796
1787
1731
1705
1804
2065
2469
3002
3624
4095
4095
4095
4095
4095
3563
2956
2440
2047
1727
1424
1123
832
581
383
283
356
664
1196
1806
2230
2312
2073
1657
1274
1109
1239
1609
2069
2474
2678
2601
2284
1834
1400
1149
1142
1305
1543
1791
2053
2355
2695
2980
3098
2991
2687
2262
1783
1358
1126
1192
1562
2091
2565
2837
2865
2646
2184
1546
894
395
167
254
622
1202
1861
2441
2835
3029
3078
3047
3007
2996
2986
2863
2510
1921
1277
850
845
1284
2021
2852
3573
4065
4095
4095
3876
3399
2809
2194
1656
1251
977
764
505
184
36
35
36
221
585
961
1277
1527
1785
2135
2618
3166
3605
3807
3768
3596
3452
3400
3417
3427
3353
3192
2983
2788
2631
2498
2366
2177
1906
1559
1124
609
88
36
33
99
666
1514
2452
3289
3885
4095
4095
4095
4095
4095
3867
3413
2859
2319
1868
1474
1049
538
40
36
34
32
480
1513
2737
3793
4095
4095
3703
2666
1493
456
36
34
173
904
1947
3022
3825
4095
4006
3559
3013
2504
2108
1842
1703
1655
1660
1725
1851
2024
2189
2250
2183
2064
1969
1935
1963
1994
1939
1780
1589
1434
1384
1513
1833
2292
2737
EOF