Process identification data:
2146
2147
2150
2145
2090
1927
1669
1376
1100
887
733
663
778
1194
1905
2729
3396
3690
3587
3241
2835
2508
2314
2223
2197
2259
2486
2905
3470
4087
4095
4095
4095
4095
4095
3866
3513
3299
3204
3140
2987
2682
2257
1745
1140
488
38
36
35
35
34
34
88
362
808
1376
2018
2621
3063
3287
3280
3104
2908
2846
2999
3336
3692
3835
3618
3055
2299
1557
1010
807
1003
1540
2245
2863
3180
3104
2668
2067
1566
1388
1607
2104
2634
2966
2946
2557
1930
1312
955
981
1348
1872
2285
2402
2222
1898
1642
1625
1853
2236
2627
2888
2999
3041
3089
3158
3215
3207
3163
3177
3297
3525
3807
4061
4095
4095
4095
4095
4095
4095
4095
4095
3489
2353
1330
598
228
180
380
675
931
1065
1017
794
509
354
468
843
1334
1787
2136
2386
2606
2830
3002
3051
2971
2821
2699
2688
2762
2832
2864
2921
3076
3374
3796
4095
4095
4095
3575
2564
1445
603
351
741
1521
2328
2837
2863
2435
1749
1102
754
841
1364
2188
3069
3753
4052
3923
3531
3117
2837
2731
2753
2770
2622
2191
1447
494
38
36
34
32
331
988
1663
2243
2670
2976
3216
3408
3593
3788
4002
4095
4095
4095
4095
4095
4095
4029
3204
2508
2152
2237
2686
3223
3542
3486
3094
2538
2009
1643
1433
1253
1001
685
416
274
237
194
106
79
253
711
1361
2059
2631
2988
3165
3256
3350
3456
3508
3426
3179
2801
2336
1818
1318
969
892
1120
1560
1985
2169
2020
1638
1265
1107
1220
1532
1950
2429
2924
3379
3771
4095
4095
4095
4095
4095
4095
4095
4095
3267
2235
1298
615
238
117
144
301
663
1302
2221
3328
4095
4095
4095
4095
4095
3085
2046
1387
1196
1440
1936
2407
2607
2418
1919
1325
899
821
1137
1712
2237
2430
2147
1490
740
160
35
35
116
335
590
838
1103
1435
1878
2457
3125
3756
4095
4095
4095
4095
4095
4095
4095
4095
4095
3834
3508
3416
3620
3997
4095
4095
3527
2443
1196
203
34
216
1065
2132
2999
3418
3326
2834
2191
1594
1137
851
730
702
678
633
646
838
1257
1806
2329
2715
2934
2974
2798
2422
1983
1658
1556
1673
1909
2150
2365
2512
2499
2253
1810
1307
874
605
559
779
1259
1914
2606
3247
3799
4095
4095
4095
4095
3626
3069
2517
2070
1791
1709
1788
1929
2048
2073
1960
1751
1568
1563
1847
2366
2911
3238
3140
2575
1709
854
332
318
802
1646
2648
3611
4095
4095
4095
4095
3527
2540
1542
682
91
35
34
206
654
1225
1789
2200
2381
2402
2446
2649
3032
3507
3912
4095
4095
3905
3455
2981
2699
2759
3120
3573
3871
3842
3505
2996
2495
2166
2031
1965
1833
1609
1370
1228
1189
1180
1119
939
684
497
471
619
918
1284
1593
1770
1791
1669
1526
1536
1784
2258
2900
3594
4095
4095
4095
4095
3836
3313
2783
2355
2145
2206
2451
2690
2724
2416
1815
1143
659
505
642
903
1111
1169
1044
773
447
242
383
994
1997
3143
4095
4095
4095
4095
4095
3969
3103
2249
1580
1266
1392
1919
2694
3467
3962
3945
3378
2450
1442
638
197
132
369
761
1093
1196
1053
828
724
872
1284
1843
2417
2867
3078
3049
2886
2732
2720
2893
3217
3637
4070
4095
4095
3801
2821
1555
272
39
37
35
34
33
365
1080
1999
2959
3812
4095
4095
4095
4095
4095
4095
4095
4095
4095
4095
3993
3129
2339
1721
1272
924
608
298
65
34
35
36
37
37
36
36
34
128
1197
2703
4095
4095
4095
4095
4095
4095
3837
2829
1911
1265
982
1068
1436
1919
2329
2487
2288
1749
1060
525
388
709
1357
2058
2609
2965
3148
3158
2980
2634
2214
1832
1572
1429
1359
1359
1480
1810
2411
3261
4095
4095
4095
4095
4095
3063
1684
585
66
217
942
1949
2867
3384
3348
2849
2171
1654
1553
1929
2641
3427
3999
4095
3890
3255
2374
1409
569
51
35
88
379
716
1022
1312
1615
1899
2034
1890
1469
936
485
219
174
368
820
1467
2121
2547
2590
2311
1962
1796
1941
2363
2903
3383
3671
3708
3484
3085
2634
2216
1879
1683
1676
1832
2062
2309
2610
3041
3638
4095
4095
4095
4095
4095
3727
2436
1185
281
35
45
378
955
1559
1972
2080
1943
1761
1686
1709
1740
1743
1723
1675
1553
1323
1078
1025
1290
1806
2362
2731
2822
2695
2449
2182
1949
1771
1645
1562
1519
1533
1615
1763
1975
2274
2680
3148
3603
3967
4095
4095
4095
4095
4095
4095
4095
3906
3421
2755
2019
1392
1013
931
1152
1575
2054
2473
2725
2707
2354
1677
781
40
36
33
185
1162
2458
3585
4095
3956
3182
2188
1370
1040
1315
2106
3143
4055
4095
4095
3794
2919
2075
1502
1317
1479
1776
1918
1705
1116
305
38
36
34
34
415
888
1135
1078
839
689
857
1436
2345
3384
4095
4095
4095
4095
3530
2562
1701
1095
786
742
850
1019
1215
1404
1588
1795
2018
2231
2401
2455
2336
2086
1819
1646
1671
1932
2370
2913
3472
3930
4095
4095
3887
3471
3004
2583
2240
1971
1798
1748
1865
2205
2768
3431
3974
4095
3905
3217
2328
1526
1040
955
1156
1413
1498
1297
870
454
345
704
1500
2527
3487
4095
4095
4095
4095
4084
3472
2797
2152
1566
1030
555
233
171
424
963
1654
2368
3003
3517
3895
4087
4044
3792
3425
3080
2863
2801
2841
2885
2787
2370
1535
324
41
40
40
37
34
32
355
1123
1727
2000
2065
2171
2484
3003
3625
4095
4095
4095
4095
4095
4089
3705
3352
3079
2915
2855
2868
2905
2866
2606
2023
1104
50
39
38
36
34
32
598
1494
2362
2982
3308
3438
3495
3549
3622
3676
3640
3514
3356
3237
3214
3259
3334
3447
3585
3672
3593
3253
2649
1895
1211
797
781
1204
1968
2840
3564
3935
3829
3287
2462
1551
762
282
201
514
1152
1966
2780
3471
3953
4095
4059
3705
3172
2571
2062
1765
1725
1861
2002
2012
1828
1482
1070
692
447
383
467
579
626
590
509
495
675
1059
1555
2058
2510
2925
3342
3734
4027
4095
4095
3797
3201
2377
1526
879
606
760
1258
1877
2314
2378
2043
1471
955
689
673
810
968
1024
918
702
550
699
1260
2113
3002
3694
4021
3921
3440
2775
2255
2186
2685
3626
4095
4095
4095
4095
3357
2027
1082
825
1295
2278
3373
4095
4095
4036
3207
2229
1356
754
449
374
446
593
759
919
1080
1235
1365
1484
1612
1759
1903
1975
1951
1872
1797
1769
1768
1792
1884
2084
2386
2729
3057
3299
3365
3222
2896
2427
1899
1439
1162
1159
1493
2091
2752
3255
3401
3179
2774
2429
2312
2458
2799
3204
3482
3415
2864
1863
665
40
37
36
34
33
146
534
1156
1999
2957
3814
4095
4095
4095
3949
3791
3827
3964
4086
4072
3855
3454
2925
2377
1943
1648
1392
1098
796
592
550
613
685
694
599
450
378
520
918
1496
2088
2539
2829
3001
3095
3109
3016
2844
2622
2343
2010
1653
1305
1056
978
1104
1470
2064
2766
3372
3677
3554
3073
2419
1816
1482
1486
1752
2155
2551
2854
3061
3212
3340
3423
3412
3297
3090
2773
2296
1595
698
40
37
36
34
34
669
1680
2641
3282
3490
3338
3037
2806
2761
2891
3144
3473
3845
4095
4095
4095
4095
3897
3264
2548
1917
1493
1253
1079
903
772
749
849
1031
1235
1459
1692
1896
2024
2053
1986
1810
1503
1144
931
1065
1577
2262
2864
3209
3270
3118
2861
2601
2375
2163
1901
1607
1418
1462
1778
2266
2726
3029
3188
3271
3307
3236
3034
2783
2616
2628
2772
2910
2898
2639
2181
1673
1296
1145
1198
1385
1580
1662
1595
1370
995
524
94
34
38
207
519
815
1073
1342
1706
2254
3009
3855
4095
4095
4095
4095
3412
2905
2734
2895
3303
3820
4095
4095
4095
4095
3575
2470
1104
42
37
35
32
294
997
1550
1677
1318
598
38
36
33
158
973
2084
3206
4095
4095
4095
4095
4095
3401
2470
1737
1404
1495
1912
2512
3139
3678
4070
4095
4095
4090
3898
3687
3434
3127
2736
2272
1772
1247
715
201
37
37
37
36
34
33
368
1097
1877
2572
3161
3665
4059
4095
4095
4095
4093
3800
3527
3349
3271
3182
2966
2608
2139
1580
932
246
36
35
33
246
733
1229
1637
1892
1983
1941
1810
1649
1553
1622
1889
2311
2819
3307
3665
3831
3787
3551
3149
2584
1886
1166
564
158
39
58
215
537
999
1518
2042
2535
2931
3160
3205
3111
2991
3005
3194
3448
3627
3664
3556
3335
3089
2939
3005
3319
3733
3964
3813
3266
2484
1741
1279
1177
1336
1586
1798
1932
2008
2031
1997
1937
1895
1913
1953
1918
1728
1369
910
474
158
39
41
170
518
1015
1632
2316
2965
3453
3657
3504
3015
2298
1545
959
703
824
1191
1593
1841
1855
1726
1617
1626
1759
1942
2084
2152
2214
2374
2718
3294
4020
4095
4095
4095
4095
4095
4095
4095
3310
2566
1998
1698
1649
1725
1730
1499
1031
499
109
42
207
655
1271
1908
2363
2471
2166
1507
662
39
36
33
243
1064
1994
2703
3052
3160
3194
3278
3449
3672
3913
4093
4089
3807
3269
2600
1933
1396
1104
1104
1362
1746
2038
2068
1770
1205
559
97
58
436
1168
1982
2643
3038
3131
2947
2551
2107
1856
1961
2420
3069
3691
4095
4095
4095
4095
3684
3196
2865
2763
2833
2925
2844
2441
1721
820
41
38
36
34
32
449
1180
1822
2231
2415
2439
2391
2340
2299
2280
2270
2201
2020
1778
1630
1754
2249
3047
3939
4095
4095
4095
3381
2126
875
40
36
34
90
531
1039
1476
1851
2234
2644
2978
3100
2965
2647
2295
2039
1886
1780
1660
1538
1481
1580
1927
2553
3381
4095
4095
4095
4095
4095
3669
2680
1853
1317
1068
967
894
843
883
1105
1524
2024
2439
2668
2678
2463
2069
1624
1283
1172
1335
1696
2058
2183
1905
1236
372
37
35
33
604
1518
2364
2885
3009
2887
2762
2854
3268
3917
4095
4095
4095
3698
2544
1354
412
36
34
34
76
295
672
1190
1767
2287
2676
2960
3160
3250
3215
3063
2801
2460
2076
1728
1529
1529
1706
2010
2376
2718
2980
3156
3253
3315
3400
3484
3471
3276
2920
2577
2455
2671
3153
3692
4043
4027
3613
2919
2134
1393
785
338
48
35
35
36
35
34
58
542
1361
2284
3086
3633
3927
4010
3928
3723
3395
2987
2565
2215
2058
2116
2273
2338
2160
1711
1136
686
571
893
1566
2360
3001
3238
3018
2459
1777
1195
858
798
924
1102
1260
1432
1659
1915
2160
2386
2581
2694
2645
2389
1977
1574
1386
1544
2019
2666
3337
3921
4095
4095
4095
4095
3955
3120
2036
853
40
37
34
32
464
1312
2183
2841
3139
3060
2693
2202
1764
1456
1244
1055
856
668
543
563
784
1176
1630
2008
2215
2234
2127
1993
1986
2280
2977
4023
4095
4095
4095
4095
4095
4095
4095
3576
2878
2285
1828
1547
1469
1522
1508
1215
556
40
39
38
35
32
375
1396
2514
3459
4095
4095
4095
4095
3641
3090
2499
1922
1463
1236
1251
1381
1481
1508
1505
1507
1509
1466
1319
1098
883
766
880
1302
1957
2608
3015
3039
2689
2095
1474
1090
1160
1739
2653
3526
4059
4095
3878
3374
2782
2171
1629
1234
980
839
781
825
1063
1507
2097
2686
3095
3231
3148
2954
2778
2743
2851
2998
3062
2992
2798
2535
2259
1992
1753
1597
1606
1833
2251
2718
3073
3225
3127
2768
2224
1618
1097
788
728
862
1096
1323
1432
1413
1380
1469
1765
2272
2906
3542
4034
4095
4095
3751
3065
2173
1210
379
36
34
35
199
539
968
1493
2108
2749
3311
3700
3816
3597
3074
2410
1875
1690
1926
2474
3060
3351
3111
2325
1270
385
62
381
1201
2117
2717
2731
2174
1315
532
185
451
1262
2326
3243
3743
3786
3501
3075
2671
2380
2213
2144
2137
2198
2356
2639
3014
3341
3409
3083
2395
1519
697
130
35
35
65
199
482
972
1622
2256
2642
2644
2348
2002
1818
1864
2132
2605
3252
3972
4095
4095
4095
4095
4095
3927
3368
2744
2016
1222
478
37
36
34
93
469
1016
1663
2301
2796
3027
2979
2787
2605
2498
2428
2321
2105
1775
1366
937
571
404
592
1143
1892
2581
3023
3222
3268
3274
3281
3244
3139
3029
3018
3206
3592
4013
4095
3956
3346
2518
1638
806
72
37
35
34
212
721
1114
1207
1005
631
242
52
131
553
1242
2001
2659
3126
3355
3350
3168
2951
2870
3001
3292
3657
4038
4095
4095
4095
3977
3383
2881
2672
2785
3066
3311
3396
3292
3026
2621
2100
1532
965
374
39
37
37
35
32
136
685
1188
1370
1147
673
258
203
690
1685
2989
4095
4095
4095
4095
4095
4095
3575
3229
3057
2946
2734
2336
1741
988
192
38
37
35
34
34
167
472
941
1675
2702
3904
4095
4095
4095
4095
3602
2207
990
280
213
688
1487
2342
2991
3309
3309
3133
2975
2936
3020
3195
3412
3600
3620
3346
2744
1960
1242
765
616
796
1203
1704
2187
2529
2615
2388
1860
1131
371
36
35
34
326
1123
2146
3123
3812
4095
4095
4095
4095
4095
4095
4095
4095
3659
3040
2558
2279
2182
2224
2364
2558
2742
2776
2548
2080
1457
819
282
37
35
36
35
34
35
194
476
680
744
696
576
464
444
572
907
1497
2276
3094
3787
4095
4095
4095
4095
4095
3988
3622
3237
2922
2710
2595
2587
2680
2807
2822
2604
2124
1473
830
362
164
248
551
977
1458
1922
2299
2595
2852
3110
3342
3425
3273
2900
2434
2063
1881
1879
1997
2132
2214
2249
2239
2197
2176
2182
2170
2096
1915
1639
1336
1104
1014
1061
1226
1509
1917
2455
3033
3462
3566
3304
2764
2090
1428
910
677
787
1165
1674
2218
2762
3284
3729
3995
3951
3540
2802
1927
1214
904
1052
1552
2184
2741
3099
3230
3205
3138
3165
3350
3608
3759
3639
3195
2570
1977
1539
1227
913
476
39
37
36
33
117
813
1706
2511
3004
3074
2731
2101
1405
914
874
1389
2342
3451
4095
4095
4095
4095
4095
3793
3185
2616
2155
1821
1624
1515
1448
1386
1308
1264
1322
1480
1648
1738
1743
1689
1612
1517
1405
1344
1439
1746
2233
2742
3050
3021
2644
2019
1324
750
413
317
378
479
575
692
891
1226
1676
2156
2582
2902
3071
3068
2936
2758
2624
2629
2790
2995
3109
3080
2996
3008
3188
3444
3617
3573
3301
2944
2696
2690
2911
3230
3493
3544
3292
2738
1937
1008
124
38
36
36
34
34
425
1071
1654
1997
2096
2079
2128
2395
2918
3581
4095
4095
4095
4095
4095
4095
4095
4095
4095
3813
2756
1578
564
38
36
36
34
34
250
646
986
1233
1467
1755
2103
2485
2882
3283
3602
3679
3429
2884
2204
1638
1401
1579
2060
2540
2739
2513
1882
1004
83
38
37
35
32
508
1655
2949
4044
4095
4095
4095
4095
3663
2921
2370
2156
2294
2665
3082
3412
3557
3476
3180
2727
2198
1627
1021
450
80
42
236
696
1277
1909
2544
3121
3528
3624
3329
2721
2018
1436
1079
953
1032
1316
1819
2509
3269
3890
4095
4041
3550
2933
2438
2224
2315
2621
2969
3181
3155
2842
2272
1546
795
148
36
34
39
385
1026
1723
2237
2424
2307
2009
1697
1500
1428
1371
1213
928
640
508
626
977
1457
1947
2353
2637
2802
2922
3036
3121
3104
2967
2762
2588
2513
2493
2433
2314
2233
2281
2501
2882
3323
3691
3911
3976
3901
3683
3308
2779
2146
1512
938
450
99
36
57
298
794
1480
2269
3075
3749
4095
4095
3847
3230
2561
2035
1721
1565
1478
1396
1292
1183
1114
1127
1247
1423
1620
1853
2144
2465
2708
2741
2530
2157
1749
1475
1494
1895
2656
3574
4095
4095
4095
4095
3908
3139
2281
1442
722
168
36
35
35
34
52
238
617
1145
1709
2200
2578
2854
3082
3332
3634
3984
4095
4095
4095
4095
3859
2769
1511
389
37
35
33
262
823
1450
2020
2465
2757
2920
3013
3105
3192
3161
2886
2302
1449
477
39
36
33
34
658
1750
2960
4034
4095
4095
4095
3971
3033
2171
1589
1300
1188
1114
1049
1102
1419
2069
2938
3787
4095
4095
4095
3926
2958
1748
527
39
37
36
34
32
605
1620
2727
3614
4046
3938
3369
2590
1953
1761
2146
3021
4095
4095
4095
4095
4095
4095
3900
2883
1933
1106
398
37
36
35
35
34
59
226
546
1032
1666
2347
2928
3253
3229
2866
2238
1470
679
41
37
35
32
544
1629
2859
3831
4095
4095
3918
3357
2726
2141
1714
1489
1498
1754
2202
2754
3310
3768
4043
4055
3761
3172
2365
1540
956
768
994
1545
2254
2894
3224
3073
2481
1746
1236
1141
1362
1641
1788
1789
1713
1619
1581
1676
1917
2225
2484
2598
2563
2491
2467
2521
2676
2911
3179
3432
3588
3551
3260
2729
2036
1328
804
578
637
879
1112
1162
994
701
420
272
338
670
1195
1733
2069
2061
1718
1185
667
356
410
881
1718
2779
3853
4095
4095
4095
4095
4095
4095
4095
3805
3574
3362
3058
2665
2281
2028
1912
1807
1595
1230
724
168
37
36
35
34
117
582
1142
1584
1765
1655
1393
1214
1322
1787
2535
3391
4095
4095
4095
4095
3945
3380
3058
3121
3510
4010
4095
4095
3694
2704
1470
246
39
37
36
33
92
980
2251
3539
4095
4095
4095
3369
1893
388
38
34
32
959
2513
4028
4095
4095
4095
4095
4063
2703
1320
185
37
36
35
34
62
473
1014
1577
2150
2742
3314
3743
3857
3553
2886
2059
1342
956
931
1160
1527
1960
2390
2766
3072
3260
3257
3000
2475
1798
1236
1043
1351
2109
3053
3799
4090
3886
3309
2540
1782
1185
802
614
522
408
230
81
93
392
1010
1762
2401
2727
2729
2606
2597
2822
3259
3767
4095
4095
4095
4095
4095
3758
3397
3112
2853
2554
2189
1751
1294
918
683
624
769
1095
1484
1754
1781
1526
1025
394
38
37
35
33
261
1031
2001
2928
3573
3780
3523
2937
2289
1847
1729
1916
2319
2818
3268
3541
3591
3447
3184
2884
2647
2612
2888
3423
3966
4095
3921
3205
2332
1627
1334
1480
1881
2295
2538
2538
2358
2136
2013
2019
2098
2147
2088
1938
1731
1502
1284
1108
1045
1124
1286
1439
1484
1319
912
330
36
34
95
815
1808
2654
3100
3169
3078
3070
3263
3601
3897
3912
3531
2818
1999
1375
1109
1152
1380
1697
2039
2317
2381
2113
1516
746
83
34
66
609
1429
2244
2866
3236
3414
3485
3551
3676
3849
4003
4079
3991
3661
3065
2248
1329
517
58
65
501
1289
2146
2765
2997
2900
2652
2433
2314
2244
2170
2063
1882
1595
1200
792
527
477
630
966
1508
2280
3183
3973
4095
4095
3478
2441
1376
571
206
321
807
1457
2078
2584
2965
3220
3368
3496
3726
4095
4095
4095
4095
4095
4095
3215
1949
906
348
329
680
1160
1579
1833
1909
1824
1594
1302
1037
810
570
256
37
36
35
34
33
270
958
1954
3019
3867
4095
4095
4095
3989
3969
4095
4095
4095
4095
4095
4095
4095
3972
2714
1293
46
40
37
36
34
34
47
295
520
698
964
1421
1996
2477
2707
2703
2606
2590
2720
2950
3201
3355
3295
2992
2493
1929
1495
1296
1326
1493
1615
1533
1240
900
713
813
1196
1733
2321
2898
3393
3734
3907
3943
3867
3690
3390
2910
2251
1532
970
731
870
1290
1759
2082
2229
2283
2334
2418
2511
2572
2605
2646
2719
2785
2793
2696
2439
1993
1392
758
233
36
41
282
793
1438
2118
2749
3256
3616
3831
3919
3955
3991
4051
4095
4095
4095
3991
3518
2831
2078
1481
1226
1397
1879
2428
2838
3015
2978
2744
2291
1610
808
97
35
33
352
1064
1800
2260
2287
1896
1236
556
109
85
528
1408
2523
3560
4095
4095
3558
2445
1197
178
35
82
882
2148
3475
4095
4095
4095
4095
3675
2862
1994
1167
509
149
188
614
1277
1981
2589
3055
3393
3559
3442
2948
2096
1109
333
46
186
677
1236
1624
1763
1759
1755
1821
1922
1954
1844
1623
1410
1365
1646
2279
3140
4040
4095
4095
4095
4095
3804
2635
1523
835
744
1163
1794
2292
2433
2219
1828
1496
1449
1787
2415
3089
3537
3545
3087
2323
1534
997
879
1206
1830
2513
3010
3110
2723
1918
916
49
36
34
123
856
1792
2564
2912
2769
2266
1650
1224
1243
1775
2655
3596
4095
4095
4095
3847
3323
3038
3116
3443
3721
3637
3066
2124
1091
313
56
262
762
1259
1553
1557
1347
1117
1043
1179
1425
1582
1499
1160
678
290
243
669
1477
2374
3046
3304
3148
2773
2384
2074
1844
1690
1614
1591
1623
1712
1826
1981
2180
2394
2576
2649
2553
2330
2087
1926
1961
2257
2752
3261
3563
3541
3237
2812
2445
2206
2081
2049
2141
2379
2718
3025
3142
2958
2505
1935
1437
1204
1324
1733
2286
2835
3248
3450
3434
3229
2911
2551
2151
1721
1328
1036
906
973
1168
1402
1653
1919
2165
2339
2429
2475
2536
2597
2516
2142
1444
544
39
36
34
37
524
1186
1666
1833
1740
1528
1361
1399
1730
2348
3189
4095
4095
4095
4095
4095
3938
3190
2701
2483
2400
2301
2167
2092
2193
2468
2745
2793
2438
1665
684
39
36
35
33
225
882
1823
2916
3953
4095
4095
4095
4095
4095
3845
3463
3222
3091
2976
2753
2301
1639
903
306
62
173
584
1145
1664
2001
2139
2108
1976
1794
1554
1271
973
663
333
42
35
34
54
457
1152
1970
2761
3435
3960
4095
4095
4095
4095
4095
4095
4079
2992
1886
1088
784
979
1550
2295
3009
3546
3767
3587
3024
2205
1329
567
83
36
152
450
741
960
1110
1241
1382
1523
1691
1890
2099
2260
2277
2115
1804
1415
1090
1024
1357
2100
3056
3885
4095
4095
3952
3484
3076
2780
2615
2601
2743
3029
3361
3587
3589
3306
2797
2177
1578
1099
778
661
778
1086
1424
1598
1492
1163
796
597
721
1182
1822
2369
2575
2380
1975
1647
1571
1731
2013
2280
2439
2498
2491
2433
2366
2327
2291
2212
2049
1816
1578
1399
1371
1591
2105
2895
3846
4095
4095
4095
4095
4095
3668
2955
2434
2159
2088
2107
2062
1797
1283
595
39
36
35
33
277
901
1460
1714
1651
1420
1177
1024
989
1085
1355
1831
2484
3216
3832
4095
4095
3969
3818
3889
4095
4095
4095
4095
3641
2754
1834
1025
421
108
150
554
1244
2035
2668
2940
2822
2457
2085
1899
1971
2241
2580
2857
2933
2725
2274
1694
1144
729
454
252
62
36
34
82
451
944
1307
1424
1373
1325
1448
1834
2443
3156
3844
4095
4095
4095
3702
2914
2090
1397
911
628
529
585
792
1150
1631
2170
2681
3095
3335
3412
3426
3517
3782
4095
4095
4095
4021
3168
2182
1419
1134
1329
1779
2174
2331
2291
2228
2307
2601
3033
3428
3588
3341
2698
1870
1130
700
698
1104
1793
2586
3281
3715
3810
3593
3156
2572
1900
1244
672
214
36
34
36
121
320
574
887
1288
1786
2327
2822
3156
3249
3095
2719
2170
1556
1039
717
569
550
648
840
1049
1152
1042
712
296
58
199
900
2121
3616
4095
4095
4095
4095
4095
3807
3318
3283
3657
4095
4095
4095
4051
3292
2358
1405
633
228
281
677
1114
1331
1211
790
231
36
35
33
69
370
829
1378
1930
2372
2594
2555
2334
2102
2031
2238
2743
3469
4095
4095
4095
4095
4095
3740
3232
2968
2964
3136
3356
3488
3392
2989
2351
1650
1047
611
335
157
50
35
35
38
272
913
1898
3093
4095
4095
4095
4095
4095
4095
3492
2298
1310
658
364
368
548
822
1166
1596
2107
2578
2802
2643
2152
1491
796
150
37
36
34
33
268
905
1629
2212
2495
2455
2240
2065
2090
2343
2740
3161
3500
3693
3675
3470
3214
3013
2877
2784
2746
2798
2927
3053
3045
2773
2190
1346
388
38
36
33
248
1126
2182
3076
3543
3522
3126
2575
2120
1916
1982
2187
2402
2533
2511
2326
2062
1845
1808
1991
2276
2480
2459
2173
1768
1510
1608
2086
2813
3595
4095
4095
4095
4095
3614
2642
1604
790
442
608
1146
1827
2390
2611
2425
1889
1145
430
45
70
521
1329
2221
2921
3249
3103
2524
1724
1038
783
1111
1895
2783
3425
3658
3526
3183
2745
2255
1710
1140
604
207
55
97
356
854
1528
2231
2793
3108
3179
3071
2899
2786
2780
2831
2866
2807
2597
2274
1930
1627
1403
1255
1207
1339
1716
2284
2840
3150
3110
2825
2486
2275
2257
2342
2376
2224
1860
1359
849
467
361
667
1434
2575
3869
4095
4095
4095
4095
4095
3774
2485
1286
429
50
41
144
383
731
1218
1831
2417
2734
2592
2014
1258
659
414
489
691
815
755
545
348
345
638
1252
2088
2941
3583
3856
3753
3422
3024
2678
2487
2538
2834
3301
3850
4095
4095
4095
4095
3689
2760
1877
1283
1099
1277
1647
1975
2019
1641
863
41
39
37
35
33
128
786
1704
2764
3880
4095
4095
4095
4095
4095
4095
3482
2539
1824
1412
1299
1380
1459
1349
996
501
50
35
33
322
1024
1829
2421
2576
2300
1791
1278
941
868
1040
1434
2039
2821
3724
4095
4095
4095
4095
4095
4095
3152
2044
1060
413
222
411
806
1220
1528
1732
1849
1862
1761
1591
1462
1436
1481
1545
1589
1617
1666
1766
1965
2254
2539
2728
2762
2662
2509
2328
2141
1987
1926
2028
2264
2483
2519
2327
1994
1690
1592
1781
2183
2593
2777
2587
2077
1515
1237
1453
2142
3065
3866
4095
4095
3810
3331
2988
2815
2667
2385
1934
1359
722
106
36
35
33
291
816
1322
1678
1865
1917
1886
1789
1640
1495
1413
1412
1473
1559
1692
1960
2403
3003
3657
4095
4095
4095
3810
3295
2918
2790
2935
3241
3496
3499
3182
2658
2141
1829
1839
2160
2667
3146
3368
3225
2718
1968
1162
477
84
72
399
1028
1782
2489
3015
3290
3256
2908
2336
1658
1006
532
310
314
458
624
730
806
954
1254
1658
1981
2023
1691
1064
400
59
228
961
2060
3182
3956
4095
3951
3399
2808
2384
2214
2245
2397
2626
2878
3103
3244
3230
3068
2819
2568
2383
2283
2241
2192
2130
2119
2198
2363
2573
2726
2749
2660
2496
2301
2114
1958
1844
1738
1626
1555
1561
1622
1665
1640
1554
1480
1492
1581
1720
1901
2133
2467
2940
3539
4095
4095
4095
4095
3716
2640
1471
482
37
90
746
1751
2654
3115
3058
2601
1976
1380
887
522
273
102
39
38
115
503
1249
2295
3435
4095
4095
4095
4095
3562
2370
1238
444
117
257
803
1608
2477
3195
3605
3674
3441
3010
2497
2006
1626
1424
1454
1694
2068
2509
2952
3321
3501
3372
2915
2239
1555
1092
980
1213
1623
1991
2188
2216
2181
2184
2262
2357
2392
2348
2213
1952
1500
815
42
38
37
36
34
47
805
1869
2832
3416
3497
3112
2447
1792
1442
1587
2227
3178
4095
4095
4095
4095
4095
4095
4095
4095
3680
2504
1558
1048
1001
1261
1600
1826
1802
1497
994
434
40
36
35
36
34
56
432
1048
1735
2343
2781
3059
3216
3267
3251
3181
3034
2781
2433
2096
1950
2141
2696
3501
4095
4095
4095
4095
4095
4028
3376
2704
2098
1657
1433
1362
1309
1178
923
550
96
37
36
36
35
34
35
173
434
721
1046
1442
1926
2454
2982
3455
3827
4077
4095
4047
3827
3649
3641
3819
4065
4095
4095
3722
3073
2254
1469
957
878
1234
1880
2567
3054
3180
2942
2426
1797
1277
1009
977
1029
1021
937
869
937
1150
1375
1469
1362
1075
691
369
251
372
678
1105
1649
2292
2972
3591
4065
4095
4095
4095
3972
3686
3393
3065
2672
2253
1909
1694
1641
1767
2025
2342
2627
2781
2796
2717
2574
2398
2219
2073
2050
2219
2566
2955
3171
3072
2636
1943
1202
666
471
588
844
1024
1030
897
689
500
436
620
1154
2023
3085
4095
4095
4095
4095
4095
4095
4095
3936
3174
2497
1945
1466
962
344
38
38
36
35
34
126
594
1155
1673
2025
2163
2157
2147
2290
2659
3146
3498
3475
2980
2157
1355
926
1035
1605
2431
3201
3614
3542
3038
2315
1651
1250
1179
1359
1631
1819
1853
1775
1672
1630
1678
1832
2147
2664
3368
4095
4095
4095
4095
4095
3444
2552
1791
1255
1006
1041
1247
1451
1504
1389
1233
1161
1185
1220
1205
1157
1160
1346
1789
2473
3225
3788
3985
3814
3429
3013
2651
2349
2090
1881
1744
1675
1653
1671
1725
1817
1942
2061
2141
2234
2392
2635
2885
2964
2718
2131
1367
675
224
106
284
681
1192
1706
2126
2395
2516
2526
2482
2410
2350
2316
2274
2181
1999
1777
1613
1563
1680
2014
2540
3129
3579
3739
3585
3215
2784
2429
2274
2364
2602
2770
2643
2122
1370
727
469
648
1152
1785
2363
2756
2907
2881
2837
2918
3116
3247
3094
2544
1727
949
512
547
964
1549
2071
2382
2453
2333
2166
2108
2200
2352
2459
2493
2500
2504
2462
2348
2213
2107
2010
1836
1517
1076
641
354
258
332
578
1029
1647
2338
2986
3491
3780
3790
3538
3124
2666
2300
2153
2281
2650
3140
3600
3851
3779
3401
2821
2188
1640
1303
1241
1438
1751
1937
1837
1463
978
571
320
259
413
754
1174
1510
1673
1729
1793
1960
2270
2655
3013
3242
3213
2847
2184
1424
853
687
1032
1778
2639
3291
3527
3342
2871
2350
1971
1787
1794
1983
2294
2647
2985
3245
3387
3407
3312
3121
2870
2612
2355
2115
1930
1796
1666
1506
1308
1097
923
794
727
748
836
966
1138
1360
1610
1866
2090
2245
2376
2594
2957
3446
3944
4095
4095
3933
3453
3003
2711
2588
2529
2439
2286
2101
1976
1957
1992
2037
2076
2108
2137
2159
2174
2145
2002
1743
1468
1314
1389
1695
2098
2420
2527
2381
2084
1745
1406
1111
917
859
918
1032
1119
1145
1090
959
833
871
1222
1931
2838
3674
4095
4095
3632
2766
1857
1239
1105
1437
2029
2576
2866
2864
2636
2311
2070
2073
2381
2921
3463
3764
3729
3403
2871
2193
1462
832
422
282
398
697
1058
1319
1331
1076
685
378
320
494
768
1011
1188
1350
1562
1898
2457
3272
4095
4095
4095
4095
4095
3888
2929
2224
1954
2120
2551
2958
3082
2854
2426
2021
1814
1844
2012
2158
2133
1911
1611
1408
1416
1640
1988
2334
2580
2615
2367
1839
1199
692
538
858
1602
2547
3364
3812
3835
3560
3226
3035
3013
3008
2832
2408
1798
1119
530
207
267
684
1303
1900
2297
2449
2371
2098
1660
1122
635
381
440
750
1155
1469
1592
1560
1503
1560
1796
2152
2535
2908
3254
3571
3880
4095
4095
4095
4095
4095
3848
3261
2560
1830
1138
546
117
35
57
333
810
1362
1902
2375
2681
2704
2424
1967
1550
1350
1428
1704
1988
2091
1899
1468
991
683
688
1015
1610
2397
3277
4089
4095
4095
4095
4095
3515
2800
2238
1944
1950
2132
2293
2267
1986
1496
877
243
37
35
34
201
958
1954
2838
3352
3391
3031
2482
1968
1659
1642
1954
2555
3317
4007
4095
4095
3414
2503
1753
1415
1501
1825
2141
2272
2167
1895
1584
1361
1340
1559
1924
2275
2475
2462
2283
2005
1669
1298
903
476
55
36
35
33
365
1298
2412
3383
4029
4095
4095
3916
3484
3081
2835
2817
2988
3226
3401
3409
3217
2850
2383
1895
1441
1069
849
829
995
1268
1485
1517
1331
991
610
309
238
569
1392
2597
3869
4095
4095
4095
4095
3805
3213
2820
2619
2546
2509
2385
2093
1620
1031
501
240
388
985
1891
2852
3613
4005
4049
3880
3615
3290
2923
2524
2107
1708
1362
1099
943
881
898
980
1099
1222
1362
1557
1845
2206
2553
2767
2757
2543
2230
1949
1794
1809
1986
2247
2480
2538
2278
1649
766
40
36
35
34
35
35
34
34
112
566
1353
2376
3499
4095
4095
4095
4095
4095
4095
3624
3044
2740
2633
2588
2502
2324
2048
1759
1620
1772
2263
2996
3714
4095
4095
3795
3156
2353
1477
601
39
37
34
32
312
1063
1844
2401
2580
2348
1790
1097
540
364
677
1460
2520
3557
4095
4095
4095
4095
4095
4095
4086
4081
4063
3895
3438
2658
1659
623
38
37
34
33
83
405
839
1278
1636
1849
1908
1864
1764
1669
1656
1769
2041
2463
2966
3427
3677
3644
3406
3116
2890
2743
2616
2453
2251
2037
1841
1632
1374
1056
710
397
224
293
665
1302
2049
2691
3032
2983
2583
1988
1424
1144
1350
2079
3189
4095
4095
4095
4095
4095
3950
3059
2176
1328
531
38
36
35
32
455
1536
2907
4095
4095
4095
4095
4095
2984
1724
574
38
36
34
34
416
1062
1722
2329
2886
3401
3802
3931
3705
3171
2495
1931
1689
1805
2164
2564
2820
2879
2762
2525
2230
1924
1679
1518
1416
1317
1138
865
557
297
174
201
366
637
975
1375
1815
2252
2637
2915
3060
3102
3053
2919
2707
2458
2286
2262
2397
2653
2927
3091
3074
2862
2462
1961
1470
1062
817
773
861
982
1101
1261
1523
1932
2505
3213
3977
4095
4095
4095
4095
4095
3849
3123
2564
2125
1705
1224
687
174
36
35
34
88
503
1042
1456
1604
1470
1147
845
820
1194
1935
2894
3868
4095
4095
4095
4095
4095
4095
3927
3710
3580
3494
3401
3274
3088
2821
2459
1962
1305
484
40
39
39
38
35
34
33
147
515
815
952
939
898
978
1263
1793
2536
3379
4095
4095
4095
4095
4095
4095
4095
4095
4095
4095
4095
4095
3787
3473
3181
2935
2715
2433
2057
1657
1357
1224
1238
1354
1513
1616
1533
1204
661
51
36
35
33
182
823
1646
2441
3053
3450
3619
3536
3221
2753
2288
1981
1899
2046
2343
2685
2961
3030
2855
2556
2279
2114
2087
2128
2141
2087
1962
1808
1733
1831
2088
2338
2381
2124
1634
1061
610
471
693
1160
1674
2072
2328
2499
2658
2870
3166
3546
3930
4095
4095
3684
2963
2206
1688
1585
1899
2444
2945
3193
3107
2699
2027
1225
441
37
36
34
34
34
37
164
590
1256
2007
2636
3019
3194
3322
3565
3954
4095
4095
4095
3901
3208
2498
1907
1502
1305
1319
1553
1975
2465
2870
3042
2891
2456
1894
1421
1159
1072
1057
1013
885
676
485
477
753
1263
1883
2455
2839
2983
2937
2819
2746
2775
2864
2907
2797
2506
2125
1806
1653
1723
2047
2612
3336
4019
4095
4095
3602
2687
1893
1557
1818
2572
3513
4095
4095
3864
2862
1714
756
207
80
165
244
135
36
36
34
33
224
894
1832
2810
3542
3821
3623
3126
2588
2167
1898
1793
1903
2241
2712
3182
3558
3774
3771
3495
2957
2264
1551
918
449
228
338
811
1522
2200
2583
2536
2083
1391
700
276
341
957
1959
2977
3634
3719
3292
2608
1946
1557
1546
1816
2163
2440
2653
2901
3230
3553
3736
3688
3386
2925
2467
2138
2015
2094
2278
2431
2406
2173
1833
1515
1258
1025
753
470
264
177
214
392
730
1229
1848
2512
3169
3735
4083
4095
3856
3335
2684
2057
1578
1315
1285
1463
1760
2035
2186
2224
2259
2380
2604
2865
3083
3249
3390
3532
3636
3592
3315
2784
2099
1450
1030
968
1289
1891
2572
3060
3154
2829
2230
1602
1153
927
797
581
140
39
39
38
37
35
32
514
1687
2911
3802
4095
3988
3577
3214
3113
3351
3825
4095
4095
4095
4095
3959
3312
2712
2268
2011
1901
1853
1769
1562
1207
790
452
283
332
574
896
1174
1314
1361
1500
1929
2716
3713
4095
4095
4095
4095
4095
3608
2830
2068
1357
724
198
36
35
35
34
52
364
943
1661
2412
3102
3676
4095
4095
4095
4095
4095
4095
4095
4095
3973
3632
3268
2948
2727
2574
2373
2014
1453
788
248
65
259
742
1218
1412
1202
660
62
35
49
627
1574
2523
3165
3379
3202
2729
2151
1637
1271
1118
1210
1487
1816
2071
2156
2031
1743
1429
1242
1296
1615
2130
2705
3216
3559
3690
3613
3387
3093
2769
2472
2271
2196
2217
2257
2212
1987
1563
1053
660
558
774
1236
1846
2511
3175
3783
4095
4095
4095
4095
4025
3503
2773
1896
948
69
37
36
34
33
128
526
960
1353
1735
2167
2654
3136
3549
3857
4026
3983
3663
3066
2347
1778
1562
1744
2206
2686
2980
3035
2889
2651
2460
2360
2304
2260
2237
2226
2214
2166
2045
1860
1609
1270
815
277
36
33
131
672
1344
1938
2385
2687
2854
2918
2925
2944
3018
3084
3047
2894
2695
2563
2616
2899
3337
3723
3825
3545
2984
2340
1797
1435
1263
1251
1320
1423
1572
1805
2124
2416
2523
2379
2094
1874
1907
2245
2742
3120
3115
2588
1601
418
38
36
32
379
1526
2885
3991
4095
4095
3996
3271
2481
1713
1043
588
439
569
887
1342
1919
2580
3219
3685
3881
3856
3748
3682
3654
3537
3185
2533
1628
630
39
34
34
618
1593
2501
2980
2850
2172
1208
294
36
33
296
966
1813
2727
3623
4095
4095
4095
4095
4095
3819
3058
2215
1435
868
618
738
1162
1750
2360
2865
3174
3232
2978
2440
1758
1144
816
825
1029
1238
1317
1196
889
499
175
82
275
706
1227
1694
1992
2107
2134
2206
2443
2928
3634
4095
4095
4095
4095
4095
4095
3941
3614
3171
2604
2012
1499
1088
767
516
335
256
274
356
410
363
247
207
370
750
1283
1888
2469
2917
3188
3311
3354
3399
3481
3560
3620
3684
3797
3978
4095
4095
4095
3805
3083
2148
1236
601
376
523
849
1102
1093
756
210
36
35
34
181
682
1369
2161
2921
3483
3753
3689
3306
2656
1831
982
346
125
385
1058
1944
2842
3596
4065
4095
3895
3432
2950
2597
2419
2415
2529
2625
2578
2377
2161
2070
2113
2177
2109
1888
1626
1480
1589
1940
2383
2712
2742
2401
1823
1266
984
1150
1773
2712
3732
4095
4095
4095
3960
3110
2312
1689
1285
1153
1307
1663
2065
2387
2536
2458
2193
1865
1626
1580
1722
1932
2068
2083
1984
1809
1580
1308
1015
691
300
37
36
36
34
32
516
1493
2623
3632
4095
4095
4095
3927
3499
3210
3063
2961
2757
2387
1934
1569
1461
1703
2192
2654
2818
2588
2122
1714
1610
1850
2306
2814
3229
3466
3453
3143
2556
1798
1019
328
36
35
35
34
42
386
1044
1839
2612
3237
3616
3695
3488
3067
2632
2453
2721
3439
4095
4095
4095
4095
4095
3341
2779
2555
2584
2712
2729
2440
1819
1039
375
92
245
694
1124
1244
964
464
79
59
392
1015
1686
2190
2364
2150
1605
959
531
543
988
1652
2240
2598
2789
2924
3054
3150
3139
2967
2667
2358
2205
2317
2691
3244
3807
4095
4095
4095
4044
3431
2608
1686
844
258
65
271
860
1621
2256
2530
2428
2137
1883
1804
1905
2099
2267
2277
2034
1554
996
646
738
1290
2094
2867
3368
3456
3184
2778
2509
2534
2809
3145
3339
3343
3233
3109
2983
2766
2393
1873
1277
692
151
37
36
35
34
105
442
811
1117
1371
1689
2133
2705
3364
4011
4095
4095
4095
3820
2824
1685
711
174
149
495
960
1381
1758
2147
2541
2879
3093
3156
3047
2804
2484
2151
1922
1949
2311
2959
3734
4095
4095
4095
3972
3224
2512
1974
1622
1388
1177
925
624
310
47
36
35
34
33
254
918
1877
2973
3976
4095
4095
4095
3494
2436
1499
995
1089
1704
2527
3150
3287
2924
2333
1880
1824
2197
2831
3492
3979
4095
3982
3462
2749
1993
1321
804
396
78
35
35
34
35
36
36
36
36
34
34
207
910
1875
2892
3756
4095
4095
4095
4095
3928
3974
4095
4095
4095
4095
4095
4095
4095
4095
4095
4095
4095
3953
3339
2352
1020
43
41
43
41
35
33
32
592
1351
1991
2492
2892
3215
3429
3528
3575
3613
3673
3780
3930
4078
4095
4095
4075
3870
3611
3350
3137
2989
2839
2578
2120
1454
667
39
38
37
37
36
34
32
372
1117
2054
2977
3631
3839
3619
3126
2536
1972
1494
1159
1031
1089
1263
1514
1873
2356
2887
3358
3649
3683
3457
3065
2702
2567
2780
3294
3884
4095
4095
4095
3710
3025
2199
1337
576
69
34
108
427
800
1073
1125
949
661
434
407
678
1251
2043
2946
3775
4095
4095
4095
3733
3064
2405
1915
1665
1630
1707
1785
1852
1973
2170
2377
2494
2499
2504
2607
2850
3220
3624
3961
4095
4095
4033
3618
2983
2207
1445
882
622
606
675
711
667
548
438
476
776
1334
2026
2638
2953
2924
2650
2319
2101
2078
2247
2512
2766
2969
3126
3252
3284
3092
2620
1927
1202
670
459
576
948
1411
1752
1852
1710
1400
1071
849
760
815
1055
1518
2186
2958
3638
4043
4068
3720
3116
2378
1620
932
415
202
408
997
1753
2386
2702
2727
2647
2618
2656
2672
2618
2568
2651
2910
3249
3498
3490
3201
2773
2373
2127
2114
2342
2750
3190
3464
3423
3021
2406
1762
1199
732
370
192
307
791
1582
2494
3309
3866
4088
3952
3498
2863
2194
1576
996
404
38
36
34
33
193
642
1172
1616
1824
1730
1456
1255
1364
1891
2730
3627
4095
4095
4095
4095
3605
3034
2634
2428
2384
2443
2504
2446
2220
1868
1470
1146
973
983
1218
1651
2176
2701
3170
3560
3842
3969
3904
3609
3061
2331
1548
859
379
132
122
348
754
1181
1447
1485
1421
1483
1837
2434
3017
3307
3207
2859
2520
2359
2377
2490
2623
2723
2768
2764
2693
2522
2208
1726
1104
436
37
34
239
1054
2129
3121
3780
4024
3930
3682
3405
3115
2778
2394
2046
1805
1655
1569
1579
1748
2112
2575
2917
2971
2702
2222
1758
1527
1635
2007
2389
2499
2216
1634
1003
562
387
475
812
1318
1840
2254
2538
2757
2947
3032
2915
2611
2268
2023
1895
1835
1834
1937
2152
2422
2631
2632
2342
1769
1066
488
292
632
1396
2257
2857
2992
2709
2217
1759
1510
1565
1966
2664
3529
4095
4095
4095
3989
3026
2075
1341
879
659
624
700
870
1158
1549
2007
2465
2835
3041
3001
2680
2177
1668
1301
1139
1209
1538
2133
2926
3706
4095
4095
3539
2507
1386
567
288
578
1271
2094
2838
3411
3804
4003
3988
3750
3284
2573
1640
608
39
37
36
35
33
39
372
923
1521
2031
2430
2727
2910
3004
3052
3121
3252
3408
3555
3721
3928
4095
4095
4095
4095
3879
3252
2550
1917
1418
1021
664
351
144
126
329
732
1297
1966
2629
3162
3476
3505
3205
2595
1753
866
162
36
34
47
231
553
998
1623
2461
3480
4095
4095
4095
4095
3687
2651
1956
1838
2296
3077
3764
3963
3463
2328
924
40
36
34
57
581
1208
1737
2098
2276
2294
2190
2043
1994
2104
2309
2519
2706
2885
3109
3406
3702
3877
3821
3433
2699
1754
890
412
498
1068
1818
2421
2690
2650
2482
2385
2460
2634
2697
2476
1931
1137
292
37
35
33
130
491
949
1480
2049
2538
2846
2970
2993
3031
3151
3358
3576
3694
3659
3463
3155
2849
2593
2341
2029
1676
1344
1097
954
864
769
638
529
563
811
1234
1748
2261
2727
3122
3386
3417
3153
2670
2205
2021
2239
2783
3440
3940
4071
3724
2929
1898
937
343
264
665
1353
2041
2530
2795
2959
3179
3483
3726
3754
3525
3084
2500
1891
1432
1249
1397
1771
2122
2256
2116
1727
1168
550
52
34
33
165
650
1333
2038
2620
2968
3035
2910
2749
2645
2629
2677
2757
2842
2868
2784
2615
2437
2309
2236
2137
1945
1703
1522
1481
1583
1754
1928
2076
2168
2236
2375
2681
3150
3662
4028
4095
3905
3486
2888
2150
1376
714
254
51
58
229
596
1085
1545
1844
1966
2035
2165
2403
2712
2986
3148
3161
3024
2793
2568
2477
2599
2896
3226
3392
3236
2754
2051
1268
604
253
332
840
1647
2492
3065
3166
2759
1945
989
171
36
34
94
660
1511
2380
2965
3116
2917
2565
2275
2211
2426
2888
3481
3994
4095
4018
3498
2779
2025
1315
723
315
99
89
288
686
1154
1516
1665
1646
1628
1800
2251
2934
3707
4095
4095
4095
3957
3203
2521
2064
1790
1590
1370
1105
870
714
634
653
753
851
865
758
564
378
344
632
1350
2440
3689
4095
4095
4095
4095
4095
4095
3490
2724
2283
2259
2561
2937
3115
2931
2406
1727
1112
704
553
661
973
1379
1715
1830
1649
1268
926
808
937
1204
1475
1719
1946
2138
2274
2348
2355
2310
2266
2266
2323
2415
2480
2506
2579
2761
3023
3253
3348
3304
3164
2992
2807
2545
2151
1615
988
389
44
52
388
977
1552
1889
1903
1651
1266
910
745
924
1538
2553
3800
4095
4095
4095
4095
4095
4095
4080
3405
2966
2746
2580
2324
1950
1508
1099
834
712
623
452
165
36
35
34
54
354
779
1176
1461
1621
1651
1586
1530
1633
1942
2342
2634
2644
2320
1764
1221
1006
1339
2248
3531
4095
4095
4095
4095
4095
4095
3331
2188
1074
129
36
34
33
294
797
1221
1432
1422
1288
1167
1132
1169
1220
1280
1440
1808
2384
3018
3501
3674
3476
3009
2475
2082
1976
2171
2603
3170
3767
4095
4095
4095
3829
2949
1909
919
152
36
33
248
794
1360
1772
1977
2032
2076
2180
2299
2324
2147
1736
1186
645
267
161
422
1117
2209
3497
4095
4095
4095
4095
4095
4095
4095
3973
3383
2792
2271
1818
1417
1077
826
714
772
936
1122
1264
1282
1121
764
258
37
36
35
33
105
759
1765
2861
3769
4095
4095
4086
3773
3603
3609
3686
3710
3602
3329
2900
2358
1833
1548
1691
2312
3271
4095
4095
4095
4095
3979
2756
1468
322
38
37
36
36
35
35
34
34
208
663
1358
2223
3069
3682
3943
3866
3624
3428
3441
3729
4095
4095
4095
4095
3570
2311
939
41
37
35
33
32
443
1015
1426
1613
1705
1844
2082
2365
2625
2812
2906
2969
3115
3394
3792
4095
4095
4095
4095
4095
3961
2989
1907
933
214
36
34
89
523
1210
2018
2763
3301
3600
3698
3681
3652
3669
3721
3700
3471
2941
2081
965
41
38
36
33
138
913
1727
2248
2365
2139
1757
1471
1485
1893
2633
3452
4061
4095
4095
3813
3325
2843
2480
2290
2214
2109
1851
1412
915
514
307
286
319
246
41
36
36
34
33
353
1047
1804
2465
2943
3206
3317
3389
3527
3829
4095
4095
4095
4095
4095
4095
3590
2913
2340
1946
1766
1742
1783
1836
1893
1938
1943
1933
2006
2267
2766
3446
4095
4095
4095
4095
4095
3382
2429
1644
1129
887
809
724
516
195
36
34
35
169
435
685
866
991
1101
1263
1529
1887
2257
2571
2812
2968
2982
2772
2294
1674
1193
1123
1569
2388
3249
3795
3782
3182
2239
1364
885
910
1326
1879
2295
2403
2211
1907
1713
1741
1941
2138
2167
2009
1773
1612
1640
1885
2330
2880
3360
3648
3743
3744
3750
3785
3777
3600
3221
2731
2247
1827
1476
1131
732
274
37
36
35
33
77
605
1442
2462
3532
4095
4095
4095
4095
4095
3842
3281
2840
2614
2657
2954
3350
3621
3566
3064
2128
911
41
37
35
33
214
864
1548
2145
2644
3030
3232
3179
2864
2369
1794
1235
771
483
486
852
1521
2300
2978
3438
3685
3805
3897
3992
4017
3884
3583
3190
2832
2600
2455
2290
2001
1512
862
168
38
36
36
34
34
60
378
859
1418
1973
2448
2829
3085
3163
3018
2686
2337
2165
2239
2464
2694
2820
2820
2730
2577
2413
2283
2187
2140
2180
2309
2512
2796
3164
3597
4049
4095
4095
4095
3601
2835
1986
1128
357
37
34
84
652
1537
2517
3375
3948
4095
4023
3564
2798
1849
949
360
218
466
888
1203
1227
975
650
473
593
1008
1531
1911
1981
1771
1525
1496
1818
2433
3104
3554
3590
3182
2507
1842
1417
1351
1668
2332
3239
4095
4095
4095
4095
4095
3949
3014
2217
1674
1347
1162
1044
906
705
490
352
354
509
756
1018
1298
1660
2121
2601
3013
3326
3532
3622
3571
3393
3190
3047
3009
3089
3256
3424
3476
3285
2754
1910
953
189
35
132
674
1423
2170
2758
3100
3198
3066
2742
2313
1837
1376
966
570
188
36
35
37
225
609
986
1203
1237
1168
1134
1300
1716
2340
3080
3751
4095
4076
3624
2981
2371
1932
1734
1823
2197
2756
3332
3748
3863
3618
3091
2457
1922
1669
1770
2105
2416
2515
2373
2055
1632
1160
696
362
296
532
992
1548
2037
2366
2522
2537
2468
2368
2274
2242
2313
2509
2854
3313
3752
3962
3779
3165
2290
1427
780
432
345
424
608
870
1165
1452
1741
2067
2468
2961
3479
3935
4095
4095
4095
4095
3491
2710
1974
1438
1169
1156
1351
1727
2211
2646
2846
2674
2114
1303
533
121
217
759
1555
2361
3015
3436
3587
3514
3310
3050
2770
2443
2088
1827
1794
2021
2425
2881
3288
3589
3697
3467
2794
1710
455
39
35
32
446
1416
2382
3002
3065
2538
1545
372
38
34
32
625
1753
2832
3464
3477
2963
2204
1538
1267
1498
2115
2813
3253
3277
2987
2644
2452
2427
2479
2539
2612
2727
2878
2979
2897
2552
2000
1425
1028
905
1021
1233
1442
1636
1818
1978
2117
2247
2400
2556
2645
2576
2267
1720
1066
470
80
43
289
861
1583
2301
2896
3322
3639
3921
4095
4095
4095
3651
2893
2012
1257
888
1014
1568
2377
3177
3690
3729
3286
2513
1643
943
631
815
1413
2215
2978
3486
3580
3200
2419
1420
430
38
36
33
221
969
1913
2793
3405
3686
3693
3578
3449
3296
3046
2632
2099
1639
1479
1716
2270
2925
3425
3594
3344
2754
1999
1298
827
619
602
700
880
1143
1513
1984
2500
2960
3236
3223
2865
2204
1416
746
393
484
988
1727
2434
2840
2805
2368
1698
1061
694
725
1187
1937
2692
3175
3253
3019
2729
2622
2751
2988
3119
2984
2572
2037
1636
1547
1755
2120
2445
2598
2557
2367
2081
1735
1407
1226
1259
1488
1817
2118
2309
2381
2415
2506
2670
2853
2955
2903
2744
2600
2582
2730
2976
3140
3005
2484
1695
902
406
368
702
1128
1384
1307
866
177
37
36
34
70
747
1713
2656
3364
3702
3678
3418
3088
2826
2686
2650
2682
2786
2975
3201
3337
3302
3138
2967
2851
2714
2409
1832
1017
172
36
35
32
439
1264
2210
3063
3668
3962
3962
3752
3463
3263
3280
3534
3931
4095
4095
4095
4017
3475
2947
2575
2395
2334
2247
1994
1529
877
97
38
38
37
34
33
44
356
756
1088
1250
1195
956
652
448
514
980
1826
2859
3843
4095
4095
4095
4095
3738
3194
2781
2567
2576
2756
3021
3310
3575
3801
4021
4095
4095
4095
3829
3106
2195
1310
698
521
769
1284
1787
1996
1763
1122
308
37
34
53
582
1309
1962
2442
2740
2903
2970
2910
2683
2284
1766
1283
1011
1075
1507
2236
3134
4017
4095
4095
4095
4095
3320
2503
1885
1576
1553
1648
1687
1568
1302
998
780
773
1046
1576
2234
2786
2975
2691
2005
1084
134
37
37
35
32
324
1341
2637
3862
4095
4095
4095
3656
2678
1995
1811
2100
2666
3241
3596
3570
3120
2337
1465
775
419
445
803
1340
1912
2441
2908
3300
3583
3707
3621
3329
2890
2399
1944
1621
1490
1572
1861
2250
2538
2516
2076
1250
218
39
36
34
66
930
2114
3239
4069
4095
4095
4095
4095
3891
3691
3469
3155
2741
2342
2115
2180
2546
3105
3658
3944
3708
2843
1447
46
41
39
36
35
32
267
991
1679
2144
2370
2462
2570
2833
3296
3885
4095
4095
4095
4095
4095
3687
2995
2406
2003
1751
1572
1449
1457
1702
2217
2873
3453
3776
3732
3273
2455
1462
598
120
100
444
1026
1645
2106
2266
2111
1781
1447
1202
1060
1005
989
994
1048
1226
1626
2316
3241
4095
4095
4095
4095
3569
2365
1410
1021
1251
1873
2564
3071
3297
3228
2864
2274
1623
1064
707
612
785
1183
1667
2010
2048
1798
1443
1173
1080
1144
1281
1403
1416
1298
1111
973
1012
1253
1597
1909
2095
2113
2012
1887
1800
1777
1809
1909
2101
2367
2659
2946
3270
3698
4095
4095
4095
4095
4095
4095
4068
3571
3011
2349
1638
1054
780
923
1459
2237
3021
3565
3661
3255
2427
1338
198
38
36
35
34
80
416
829
1272
1745
2198
2523
2613
2433
2027
1529
1167
1192
1746
2741
3902
4095
4095
4095
4095
4018
3002
2009
1236
844
859
1161
1561
1859
1916
1762
1531
1323
1178
1085
1055
1182
1575
2224
2989
3686
4095
4095
4095
4095
4095
4095
3930
3571
3149
2745
2427
2154
1787
1188
302
40
40
39
37
35
32
401
1534
2862
4011
4095
4095
4095
4095
3935
3405
2794
2145
1560
1206
1203
1566
2142
2617
2679
2177
1251
301
36
33
393
1063
1672
1979
1893
1477
919
502
471
927
1846
3073
4095
4095
4095
4095
4095
4095
4095
3935
3144
2240
1322
530
39
35
34
170
685
1386
2103
2653
2890
2792
2503
2236
2126
2147
2151
1987
1611
1107
625
356
441
868
1516
2220
2856
3370
3821
4095
4095
4095
4095
4095
4095
4095
4095
3549
2482
1450
494
38
37
36
36
35
34
35
238
658
1210
1822
2347
2616
2606
2477
2468
2742
3307
4043
4095
4095
4095
4095
3559
2481
1647
1226
1190
1407
1720
2000
2123
2013
1731
1409
1144
951
775
523
199
36
37
36
36
36
34
34
431
1306
2388
3413
4095
4095
4095
4095
4095
4065
3638
3189
2799
2549
2501
2686
3088
3602
4039
4095
3900
3268
2409
1498
752
395
555
1156
1913
2531
2881
3020
3102
3229
3365
3356
3091
2542
1799
1039
397
37
34
45
428
1122
1856
2401
2685
2801
2854
2855
2763
2592
2408
2307
2335
2460
2607
2669
2594
2397
2149
1937
1820
1798
1841
1913
1972
1957
1798
1509
1233
1156
1375
1867
2460
2908
3043
2833
2358
1836
1535
1615
2032
2568
2996
3212
3188
2931
2499
2031
1699
1633
1826
2154
2500
2753
2857
2819
2646
2344
1900
1304
593
39
35
33
506
1351
2203
2848
3242
3459
3557
3561
3469
3241
2883
2464
2111
1982
2131
2441
2738
2870
2780
2555
2317
2122
1993
1968
2066
2218
2264
2085
1707
1263
922
766
743
736
654
532
528
808
1440
2352
3367
4095
4095
4095
4095
4095
3433
2254
1144
252
37
35
33
46
424
1055
1763
2390
2799
2939
2894
2799
2754
2810
2986
3227
3404
3412
3191
2800
2369
1983
1717
1659
1873
2365
3039
3665
3988
3851
3210
2167
964
41
37
35
34
123
859
1964
3227
4095
4095
4095
4095
4095
3149
2056
1128
496
252
401
858
1501
2146
2592
2740
2583
2215
1788
1392
1040
708
389
120
49
253
911
1918
3006
3892
4095
4095
4095
4095
3814
3524
3224
2898
2573
2356
2346
2571
2971
3421
3766
3828
3446
2602
1439
219
38
36
34
34
316
671
860
831
680
549
538
713
1109
1731
2532
3387
4095
4095
4095
4095
3457
2623
1838
1318
1186
1424
1901
2463
2942
3186
3126
2783
2263
1753
1441
1440
1785
2373
2999
3500
3792
3856
3721
3428
3024
2625
2358
2251
2232
2173
1974
1689
1444
1323
1334
1454
1591
1661
1595
1331
855
234
37
36
36
34
36
526
1340
2188
2922
3534
4077
4095
4095
4095
4095
3718
2983
2542
2586
3061
3721
4095
4095
4095
3531
2785
2116
1682
1503
1428
1232
742
57
37
34
33
432
1154
1755
2028
1952
1667
1425
1415
1713
2307
3079
3874
4095
4095
4095
4095
3298
2519
2062
2030
2353
2828
3162
3071
2413
1311
152
36
34
53
525
976
1084
809
346
41
80
614
1538
2507
3218
3548
3549
3377
3184
3032
2933
2845
2663
2322
1858
1372
1003
895
1105
1590
2225
2836
3270
3468
3508
3486
3473
3509
3582
3663
3699
3632
3394
2970
2478
2076
1858
1777
1712
1538
1160
563
39
38
38
36
32
250
1304
2604
3743
4095
4095
4095
4095
4095
4095
3498
2844
2331
2025
1887
1781
1583
1291
1012
893
994
1283
1684
2077
2335
2366
2161
1833
1574
1554
1779
2075
2243
2161
1808
1333
916
707
771
1027
1311
1470
1446
1325
1249
1293
1462
1744
2130
2605
3134
3598
3935
4095
4095
4095
4095
3956
3673
3436
3324
3312
3304
3191
2853
2298
1689
1255
1117
1224
1447
1675
1839
1868
1679
1226
630
174
90
402
1021
1749
2448
2986
3264
3261
3026
2684
2392
2223
2132
2073
2044
2025
1963
1859
1791
1866
2109
2423
2660
2720
2628
2447
2238
2053
1894
1762
1674
1613
1575
1620
1778
1989
2095
1959
1591
1113
641
246
46
78
463
1228
2227
3213
3963
4095
4095
4095
4031
3694
3367
3055
2746
2478
2272
2128
2043
1997
1931
1739
1330
685
40
37
35
33
230
966
1850
2653
3259
3612
3728
3710
3678
3720
3817
3870
3746
3333
2607
1727
979
646
823
1347
1895
2206
2215
2014
1782
1722
1954
2423
2924
3246
3310
3186
3044
3031
3178
3385
3505
3377
2885
2072
1148
332
36
35
33
68
499
1220
2080
2879
3442
3660
3519
3092
2475
1846
1434
1413
1818
2531
3283
3751
3752
3326
2633
1859
1180
699
475
564
925
1434
1977
2456
2831
3107
3261
3233
2977
2517
1953
1427
1062
915
1017
1335
1750
2126
2342
2344
2194
1964
1693
1441
1307
1345
1520
1783
2104
2422
2639
2643
2407
2022
1674
1527
1641
1981
2462
3004
3488
3780
3814
3593
3202
2751
2371
2130
2051
2132
2273
2310
2166
1894
1604
1353
1150
968
774
611
580
779
1222
1790
2324
2677
2749
2550
2170
1724
1383
1306
1584
2219
3064
3851
4095
4095
3761
3081
2476
2177
2236
2511
2768
2791
2486
1905
1247
748
520
538
692
862
983
1048
1143
1426
2035
2984
4076
4095
4095
4095
4095
3748
3080
2549
2201
2056
2065
2140
2164
2070
1911
1804
1826
1938
1975
1758
1226
517
38
36
35
34
34
317
908
1591
2222
2744
3115
3269
3200
3004
2837
2840
2996
3124
3016
2611
2037
1489
1126
998
1024
1059
988
786
580
598
1006
1765
2677
3523
4095
4095
4095
3747
2932
2163
1727
1761
2223
2921
3609
4079
4095
3724
2855
1772
808
260
262
709
1300
1734
1843
1653
1381
1212
1192
1307
1542
1880
2259
2573
2706
2559
2144
1614
1192
1075
1314
1775
2273
2628
2718
2563
2316
2171
2234
2472
2766
3020
3224
3409
3554
3609
3549
3358
3059
2708
2348
1999
1639
1276
987
879
1052
1515
2121
2623
2793
2531
1940
1263
775
616
781
1193
1743
2282
2647
2733
2564
2232
1831
1417
1008
655
466
568
986
1622
2283
2729
2825
2627
2334
2123
2039
2009
1974
1992
2183
2573
3025
3336
3388
3198
2892
2624
2448
2323
2206
2064
1909
1831
1865
1939
1927
1719
1307
787
293
37
34
114
687
1693
2929
4095
4095
4095
4095
4095
4095
4095
4080
3659
3258
2867
2435
1925
1327
724
227
36
34
34
177
643
1304
2014
2607
2949
2944
2591
1990
1330
834
648
759
1050
1372
1654
1904
2125
2357
2633
2961
3356
3779
4095
4095
4095
4095
4095
3935
3527
3143
2867
2737
2688
2562
2234
1654
839
41
40
38
37
34
33
99
814
1719
2542
3107
3299
3110
2632
2056
1609
1465
1680
2137
2659
3106
3392
3509
3445
3172
2698
2111
1604
1403
1593
2092
2757
3461
4095
4095
4095
4095
4095
4095
4071
3544
2948
2228
1353
358
39
36
36
34
33
116
410
685
898
1059
1154
1197
1246
1422
1846
2564
3466
4095
4095
4095
4095
4095
4095
4034
3660
3265
2870
2470
2013
1486
917
398
90
64
249
628
1058
1382
1531
1551
1501
1416
1338
1349
1530
1873
2232
2447
2432
2230
1961
1709
1562
1626
1985
2637
3397
3957
4065
3664
2919
2152
1621
1464
1698
2193
2707
3036
3115
3007
2799
2556
2337
2136
1897
1527
987
340
37
34
33
301
1071
2090
3162
4036
4095
4095
3564
2644
1779
1199
1000
1178
1675
2368
3048
3484
3559
3297
2843
2424
2167
2044
1947
1782
1531
1220
909
693
648
782
1056
1434
1853
2207
2415
2484
2491
2552
2775
3149
3570
3906
4050
3962
3680
3305
2967
2800
2877
3167
3541
3838
3923
3680
3077
2187
1165
214
37
35
34
35
262
664
1034
1295
1480
1671
1947
2321
2721
3048
3191
3074
2677
2014
1232
571
278
481
1115
1934
2630
3023
3086
2857
2384
1725
1003
443
270
598
1376
2412
3446
4095
4095
4095
3809
2836
1727
649
38
37
34
33
236
810
1358
1725
1908
2004
2135
2331
2542
2695
2793
2939
3232
3672
4095
4095
4095
3942
3463
3127
3079
3337
3751
4073
4095
3826
3287
2653
2095
1657
1296
995
802
739
764
787
721
588
486
476
558
673
773
872
1025
1313
1837
2636
3598
4095
4095
4095
4095
4095
3347
2436
1776
1504
1662
2182
2884
3562
4028
4095
3786
3099
2209
1249
312
39
38
37
36
33
221
1223
2417
3383
3856
3746
3115
2186
1248
566
295
388
666
976
1232
1391
1466
1516
1662
1972
2397
2836
3171
3292
3169
2896
2662
2618
2777
3027
3224
3271
3121
2791
2398
2119
2090
2349
2847
3449
3949
4095
3882
3243
2381
1521
848
471
390
564
949
1496
2134
2722
3074
3089
2822
2431
2046
1693
1338
933
493
152
89
361
907
1552
2104
2396
2418
2287
2114
1951
1815
1730
1730
1795
1887
1985
2099
2267
2558
2986
3479
3906
4095
4095
4095
4095
4095
4095
4095
3874
3349
2589
1709
796
41
37
36
36
35
34
40
500
1292
2208
3050
3656
3895
3678
3022
2108
1262
780
853
1482
2489
3600
4095
4095
4095
3909
2748
1470
342
37
34
60
597
1340
2079
2700
3138
3332
3226
2855
2352
1887
1656
1771
2193
2761
3249
3428
3189
2616
1961
1452
1180
1136
1230
1339
1416
1526
1780
2264
2939
3630
4095
4095
4095
3744
3149
2474
1829
1264
797
445
230
177
295
561
913
1309
1765
2306
2857
3242
3275
2876
2158
1364
711
333
270
536
1142
2010
2936
3661
4029
4085
4017
4027
4095
4095
4095
4095
3894
3324
2671
1985
1347
858
577
469
479
571
699
795
782
653
533
604
968
1588
2284
2856
3217
3368
3322
3077
2666
2204
1815
1544
1393
1337
1357
1492
1783
2207
2644
2943
2965
2622
1960
1187
604
459
805
1461
2161
2665
2804
2531
1938
1269
857
953
1581
2569
3662
4095
4095
4095
4095
4095
4065
2934
1638
467
37
34
36
278
542
587
354
38
36
34
33
519
1568
2880
4095
4095
4095
4095
4095
4095
4095
4095
4095
3901
3206
2205
968
42
38
36
34
43
545
1149
1612
1846
1869
1772
1655
1594
1570
1530
1491
1565
1882
2501
3357
4095
4095
4095
4095
3257
2211
1449
1127
1157
1361
1558
1653
1683
1701
1746
1849
2017
2260
2521
2718
2790
2697
2429
2043
1643
1351
1295
1481
1810
2129
2273
2200
2027
1937
2056
2404
2854
3216
3339
3177
2843
2519
2302
2135
1883
1444
875
385
162
274
698
1358
2160
2999
3742
4095
4095
3669
2827
1984
1464
1438
1845
2416
2859
3014
2844
2376
1717
1009
398
62
59
309
815
1468
2118
2558
2643
2380
1973
1704
1719
1968
2314
2612
2748
2695
2483
2154
1803
1525
1316
1136
953
793
759
946
1377
2028
2825
3604
4095
4095
3827
3026
2060
1247
835
958
1580
2492
3417
4095
4095
4095
3844
3206
2559
2086
1859
1823
1871
1903
1908
1972
2137
2346
2506
2563
2515
2387
2155
1785
1271
681
178
36
64
346
834
1478
2253
3078
3807
4095
4095
3867
3044
2092
1373
1122
1376
1981
2677
3202
3406
3262
2869
2445
2209
2228
2409
2557
2483
2118
1536
883
269
37
36
35
36
35
34
134
718
1516
2337
3077
3682
4095
4095
4095
4095
4095
4095
4095
4023
3490
2756
1918
1176
746
723
1038
1535
2011
2301
2353
2229
2046
1890
1790
1711
1598
1426
1184
887
622
541
753
1223
1749
2070
2003
1541
844
196
35
182
970
2226
3627
4095
4095
4095
4095
4095
3262
2054
1020
392
337
879
1828
2830
3543
3767
3465
2749
1807
867
149
34
86
559
1278
2112
2981
3861
4095
4095
4095
4095
4095
4095
3087
1936
977
321
39
34
35
37
53
132
346
734
1264
1858
2407
2762
2874
2789
2611
2460
2428
2582
2937
3407
3845
4095
4095
4045
3585
2881
2077
1321
689
170
36
35
33
300
902
1543
1978
2121
2049
1873
1682
1560
1593
1790
2114
2518
2920
3247
3484
3630
3648
3457
2978
2236
1451
918
857
1251
1873
2434
2726
2738
2581
2357
2120
1859
1514
1033
409
38
37
36
33
283
1296
2581
3768
4095
4095
4095
4095
3905
3509
3237
3004
2702
2296
1809
1354
1064
982
1110
1377
1655
1874
2018
2079
2112
2228
2523
2986
3461
3716
3636
3275
2825
2534
2564
2892
3300
3493
3249
2580
1750
1074
746
828
1264
1875
2430
2733
2666
2236
1623
1119
968
1261
1903
2639
3186
3397
3251
2848
2384
1982
1639
1326
1034
762
554
445
441
567
813
1100
1369
1630
1892
2175
2506
2827
3035
3075
2929
2595
2107
1544
1056
797
862
1232
1770
2306
2702
2893
2893
2784
2681
2702
2857
3058
3232
3356
3452
3494
3360
2928
2182
1297
567
198
259
711
1428
2192
2726
2813
2392
1652
958
600
673
1113
1747
2389
2931
3341
3658
3888
3956
3798
3398
2782
2041
1322
775
478
486
765
1223
1787
2401
2971
3360
3465
3253
2757
2128
1599
1364
1532
2097
2925
3799
4095
4095
4012
2861
1431
172
36
35
33
212
633
1095
1479
1744
1945
2198
2618
3217
3900
4095
4095
4095
4095
3479
2561
1798
1296
1019
874
768
597
340
100
40
131
515
1054
1521
1771
1792
1643
1444
1299
1232
1226
1233
1229
1293
1593
2234
3139
4046
4095
4095
4095
4095
3730
3299
2991
2784
2617
2438
2253
2094
1992
1954
1955
1905
1718
1393
1007
640
350
156
62
58
207
686
1512
2575
3696
4095
4095
4095
4095
4095
4095
4095
3503
2558
1525
482
39
37
35
34
33
163
626
1175
1694
2155
2556
2918
3263
3569
3770
3786
3581
3198
2734
2357
2209
2355
2807
3501
4095
4095
4095
4095
4095
3207
1755
423
39
36
35
34
48
376
840
1328
1753
2038
2141
2083
1955
1901
1988
2170
2344
2453
2483
2469
2469
2537
2741
3103
3544
3930
4095
4074
3627
2794
1726
695
45
34
210
737
1312
1741
1886
1683
1149
407
37
36
35
33
79
549
1156
1701
2117
2493
3011
3791
4095
4095
4095
4095
4095
4095
4095
4095
4095
3416
2770
2297
2072
2072
2134
2057
1718
1103
314
38
37
36
35
33
200
894
1641
2159
2276
2026
1616
1259
1060
1062
1283
1701
2245
2785
3183
3405
3472
3431
3359
3256
3091
2862
2565
2174
1692
1215
923
943
1289
1895
2631
3354
3886
4059
3794
3113
2182
1222
389
37
35
33
186
618
1028
1271
1355
1436
1719
2335
3275
4095
4095
4095
4095
4095
4095
3704
2668
1799
1291
1225
1570
2117
2536
2558
2080
1237
339
37
34
177
831
1611
2243
2539
2482
2204
1911
1837
2108
2689
3387
3889
3918
3371
2376
1293
551
442
957
1794
2542
2906
2822
2458
2050
1787
1768
1936
2180
2389
2486
2432
2211
1892
1615
1479
1532
1764
2100
2443
2684
2713
2475
2014
1453
914
482
210
174
437
963
1595
2147
2470
2471
2153
1620
1083
753
725
935
1227
1465
1593
1613
1574
1549
1615
1871
2362
3010
3685
4095
4095
4095
4095
4095
4095
4095
3758
3249
2715
2279
2041
2072
2306
2556
2624
2400
1949
1472
1154
1090
1247
1462
1567
1499
1325
1192
1271
1621
2179
2847
3474
3863
3852
3372
2492
1424
483
36
35
399
1236
2265
3213
3794
3824
3298
2364
1240
218
36
34
33
97
444
913
1419
1878
2185
2321
2390
2541
2841
3190
3395
3318
2949
2411
1901
1582
1568
1839
2237
2556
2660
2536
2284
2033
1850
1741
1668
1631
1654
1754
1962
2314
2809
3396
3947
4095
4095
4065
3483
2703
1829
1017
412
100
77
194
325
352
250
141
210
579
1249
2148
3121
4019
4095
4095
4095
3817
2892
2067
1573
1551
1998
2793
3661
4095
4095
3505
2395
1155
84
36
35
34
156
713
1401
2019
2415
2553
2505
2409
2385
2467
2618
2788
2960
3145
3367
3600
3777
3815
3603
3085
2289
1341
481
38
36
372
1102
1934
2612
2912
2752
2247
1638
1198
1141
1534
2245
3014
3576
3758
3574
3183
2806
2551
2352
2067
1642
1177
806
590
549
702
1018
1414
1801
2126
2374
2569
2756
2933
3040
2994
2774
2441
2064
1709
1402
1111
793
438
123
49
264
835
1547
2197
2684
2984
3119
3122
3036
2958
2988
3144
3355
3490
3450
3267
3033
2808
2599
2378
2135
1921
1811
1861
2047
2278
2423
2386
2125
1619
885
55
38
37
35
33
91
859
1978
3186
4095
4095
4095
4095
4095
4095
4095
3743
3034
2226
1478
975
839
1007
1256
1387
1341
1153
910
695
572
636
938
1399
1810
1955
1769
1375
1000
846
958
1254
1595
1913
2246
2645
3133
3685
4095
4095
4095
4095
4095
4095
4003
3676
3467
3421
3484
3549
3503
3273
2812
2129
1340
591
42
37
36
37
36
34
33
244
882
1726
2555
3130
3328
3212
2973
2829
2900
3170
3472
3568
3303
2644
1681
592
39
38
37
34
32
574
1826
3316
4095
4095
4095
4095
4095
3709
3054
2551
2128
1690
1189
664
268
216
649
1549
2683
3721
4095
4095
4095
3953
3361
2815
2405
2101
1850
1665
1577
1578
1640
1753
1888
2021
2094
1997
1708
1365
1173
1277
1642
2033
2178
1912
1282
554
102
189
864
1913
2899
3457
3449
2981
2315
1728
1376
1276
1371
1564
1733
1839
1922
2073
2388
2858
3350
3686
3693
3270
2461
1512
807
677
1243
2346
3589
4095
4095
4095
3605
2581
1731
1164
847
668
495
297
123
66
197
599
1218
1927
2522
2843
2889
2784
2691
2667
2618
2382
1850
1056
204
37
36
33
223
856
1576
2150
2481
2647
2767
2891
2997
3061
3103
3183
3387
3739
4095
4095
4095
4095
4095
4095
3576
2610
1456
223
40
38
36
33
96
1028
2249
3299
3883
3949
3604
3002
2285
1571
1017
750
796
1100
1589
2195
2833
3407
3847
4083
4091
3935
3699
3420
3066
2618
2100
1586
1204
1020
1017
1114
1149
991
613
137
36
34
208
944
2012
3150
4019
4095
4095
3567
2822
2269
2106
2357
2892
3498
3900
3839
3206
2118
921
53
34
73
622
1375
2013
2300
2197
1849
1500
1354
1438
1645
1843
1893
1735
1387
954
570
297
128
67
102
268
558
883
1208
1605
2165
2895
3710
4095
4095
4095
4095
4095
3682
2872
2173
1686
1447
1467
1768
2319
2980
3554
3916
4026
3880
3461
2807
2022
1265
711
413
326
404
653
1046
1528
2032
2480
2812
2978
2971
2859
2717
2597
2538
2543
2560
2494
2240
1721
977
217
36
34
99
702
1655
2714
3589
4049
4013
3550
2894
2348
2138
2320
2741
3169
3423
3445
3261
2917
2463
1970
1519
1194
1069
1109
1173
1101
785
273
37
35
33
354
1212
2277
3327
4095
4095
4095
4095
3949
3048
2165
1526
1216
1194
1370
1679
2071
2459
2678
2568
2068
1259
400
36
42
606
1572
2507
3116
3341
3287
3123
3012
3025
3150
3337
3508
3608
3621
3563
3429
3145
2637
1931
1122
350
38
36
36
35
33
33
314
936
1650
2299
2799
3106
3225
3195
3069
2940
2859
2795
2707
2549
2271
1862
1383
972
816
1041
1660
2554
3476
4095
4095
4095
3868
3096
2301
1669
1254
1000
855
859
1088
1515
1982
2318
2418
2239
1866
1503
1355
1506
1834
2102
2149
1968
1701
1512
1461
1580
1899
2415
3052
3659
4057
4095
3852
3386
2884
2541
2487
2694
2963
3063
2853
2340
1648
916
261
36
36
35
34
90
401
867
1380
1867
2276
2589
2820
2999
3174
3405
3731
4095
4095
4095
4095
4095
3540
2728
1845
1061
584
547
907
1446
1880
2028
1909
1673
1499
1535
1826
2311
2800
3041
2885
2381
1733
1201
1000
1209
1763
2484
3133
3463
3308
2649
1587
310
41
38
35
33
169
1183
2378
3355
3894
4000
3775
3332
2747
2081
1444
1001
899
1228
1897
2679
3295
3522
3282
2675
1910
1204
722
554
741
1279
2071
2941
3704
4095
4095
4095
3925
3353
2707
2137
1761
1588
1566
1654
1829
2089
2455
2879
3243
3431
3342
2953
2369
1752
1284
1094
1198
1519
1910
2244
2503
2745
3045
3387
3672
3815
3775
3535
3132
2656
2218
1866
1552
1175
703
233
36
34
37
183
463
684
683
382
37
37
35
34
100
655
1491
2497
3504
4095
4095
4095
4095
4095
4095
3999
3679
3203
2624
2124
1865
1904
2154
2382
2374
2056
1492
833
280
50
182
732
1502
2213
2641
2714
2499
2143
1761
1442
1230
1149
1189
1322
1561
1939
2424
2940
3414
3843
4095
4095
4095
4095
4095
4095
4095
4095
4095
4059
3117
2080
1011
51
37
37
36
35
33
99
683
1422
2047
2368
2274
1774
982
164
35
33
544
1636
2939
4095
4095
4095
4095
3771
2618
1642
1134
1202
1762
2525
3088
3108
2458
1296
73
37
33
217
1171
2177
2741
2619
1882
846
40
35
70
887
2085
3189
3830
3912
3647
3394
3450
3861
4095
4095
4095
4095
4088
3439
2661
1791
979
450
361
681
1176
1537
1553
1248
860
628
654
882
1149
1299
1273
1152
1096
1243
1687
2398
3232
4004
4095
4095
4095
4095
4095
3981
3311
2590
1885
1216
587
85
34
136
715
1534
2313
2834
3017
2917
2694
2498
2436
2526
2706
2829
2755
2434
1917
1361
896
553
306
117
38
40
180
564
1033
1366
1383
1035
433
37
35
33
223
1007
2035
3100
4063
4095
4095
4095
4095
4095
4095
4095
4095
3685
2962
2205
1456
777
254
38
41
209
567
966
1278
1468
1624
1885
2352
3021
3756
4095
4095
4095
3309
2228
1172
474
346
775
1505
2207
2666
2838
2762
2477
2060
1646
1358
1267
1335
1434
1488
1540
1644
1851
2208
2723
3345
3973
4095
4095
4095
3575
2541
1399
458
42
152
756
1541
2168
2432
2260
1715
981
340
41
50
291
749
1348
2042
2720
3184
3305
3127
2826
2590
2476
2392
2253
2009
1642
1218
844
586
500
632
984
1496
2083
2650
3072
3245
3148
2877
2579
2400
2435
2696
3150
3681
4095
4095
4095
3606
2815
1997
1370
1010
859
816
782
703
633
683
933
1393
1989
2648
3306
3880
4095
4095
4083
3661
3115
2555
2106
1874
1855
1903
1817
1467
920
423
209
354
807
1453
2110
2566
2655
2324
1688
989
435
168
283
800
1625
2612
3600
4095
4095
4095
4095
4095
3244
2297
1602
1357
1584
2136
2738
3090
2963
2320
1377
485
38
46
487
1247
2051
2718
3194
3504
3662
3628
3366
2861
2218
1618
1202
1027
1100
1343
1647
1940
2112
2023
1587
825
40
37
37
35
33
154
596
1035
1425
1871
2511
3368
4095
4095
4095
4095
4095
4095
4095
4095
3726
2893
2130
1589
1344
1399
1643
1915
2067
2010
1758
1419
1134
1001
1011
1079
1150
1235
1362
1540
1779
2083
2436
2740
2824
2602
2170
1742
1475
1353
1238
1001
607
170
35
34
179
700
1422
2195
2887
3468
3939
4095
4095
4095
3778
3393
3000
2550
2008
1473
1161
1252
1792
2669
3607
4095
4095
3998
2983
1654
386
37
34
283
1183
2228
3058
3463
3414
2991
2362
1712
1148
723
437
323
413
692
1128
1660
2223
2747
3159
3396
3423
3273
2997
2624
2181
1723
1369
1234
1335
1657
2193
2916
3771
4095
4095
4095
4095
4095
4095
3496
2705
2165
1912
1866
1873
1735
1269
400
40
41
39
38
36
34
32
328
991
1637
2160
2554
2865
3136
3407
3723
4095
4095
4095
4095
4095
4095
4095
3699
2275
845
40
36
34
32
389
1166
2086
2901
3356
3295
2726
1855
1044
600
627
1070
1797
2668
3558
4095
4095
4095
4095
4042
3362
2843
2592
2522
2439
2199
1748
1110
409
37
36
35
35
208
522
824
1092
1338
1547
1738
1982
2359
2908
3585
4095
4095
4095
4095
3357
2322
1498
1185
1491
2304
3335
4095
4095
4095
3174
1889
764
163
227
844
1685
2334
2522
2228
1604
876
242
36
34
138
630
1199
1626
1820
1856
1913
2136
2507
2852
2954
2659
1998
1187
544
363
738
1531
2450
3232
3753
3990
4003
3911
3791
3667
3536
3341
3040
2633
2110
1506
895
360
66
123
611
1472
2466
3252
3600
3502
3088
2566
2155
1983
2037
2174
2220
2081
1782
1396
1046
853
891
1157
1510
1759
1818
1755
1748
1958
2386
2851
3139
3128
2827
2371
1946
1730
1854
2282
2850
3338
3564
3464
3103
2654
2279
2066
2006
2004
1940
1715
1342
905
480
132
35
39
173
479
812
1092
1331
1603
1975
2466
3067
3711
4095
4095
4095
4095
4095
4095
3471
2633
1838
1205
804
626
649
832
1117
1466
1804
2028
2085
1975
1731
1462
1321
1388
1660
2043
2365
2520
2486
2273
1941
1614
1414
1441
1773
2393
3189
3934
4095
4095
3683
2853
1996
1349
1062
1173
1605
2178
2696
2997
3009
2747
2282
1714
1108
550
133
35
46
185
396
606
820
1077
1385
1676
1850
1852
1708
1562
1571
1781
2145
2556
2951
3320
3677
4055
4095
4095
4095
4095
4095
3481
2327
1198
323
36
68
561
1353
2169
2780
3092
3163
3086
2906
2635
2311
2008
1777
1680
1779
2069
2455
2830
3139
3371
3511
3525
3411
3158
2754
2231
1628
1015
483
106
36
124
580
1358
2335
3300
3979
4095
3660
2756
1688
736
96
34
83
515
1113
1669
2074
2289
2328
2223
2028
1865
1863
2061
2337
2465
2268
1772
1207
864
943
1458
2212
2862
3132
2921
2323
1606
1060
857
1046
1512
2074
2594
3009
3318
3500
3470
3182
2661
1980
1313
873
786
1059
1604
2255
2790
3067
3071
2844
2431
1866
1189
486
37
34
244
902
1728
2486
3057
3462
3733
3848
3771
3481
2997
2458
2090
2051
2391
3041
3841
4095
4095
4095
4095
3852
2783
1764
996
604
560
732
965
1081
949
570
73
36
36
33
178
943
1966
2922
3607
3953
4013
3854
3518
3094
2720
2504
2413
2302
2052
1706
1434
1401
1617
1947
2250
2435
2422
2142
1584
883
302
84
242
650
1129
1575
1931
2140
2217
2267
2418
2756
3218
3640
3853
3708
3153
2271
1313
586
265
372
773
1237
1587
1762
1794
1786
1852
2032
2321
2704
3112
3472
3771
4013
4095
4095
3917
3521
3052
2591
2146
1750
1509
1531
1840
2288
2592
2510
1944
999
46
36
34
96
819
1747
2579
3205
3608
3774
3713
3459
3038
2490
1906
1391
1021
842
851
1013
1314
1787
2446
3244
4064
4095
4095
4095
4095
3938
3017
1989
913
41
37
35
32
357
1363
2530
3467
3849
3560
2777
1867
1216
1040
1296
1744
2065
2002
1452
581
38
36
32
408
1184
1982
2611
2957
2942
2571
1965
1338
879
665
727
1097
1767
2614
3425
3975
4095
3995
3656
3285
3050
3066
3351
3803
4095
4095
3845
3102
2243
1531
1109
964
1019
1127
1109
854
389
37
35
34
185
758
1467
2083
2471
2667
2829
3104
3483
3794
3894
3798
3610
3448
3341
3255
3202
3216
3293
3333
3221
2933
2535
2131
1759
1406
1082
807
596
432
278
122
40
42
167
512
982
1490
1902
2136
2219
2193
2053
1767
1326
787
286
40
50
345
958
1733
2526
3220
3753
4095
4095
4095
4095
4095
4095
4095
4095
3954
3224
2565
2027
1586
1241
1066
1130
1393
1676
1759
1495
906
214
36
33
353
1247
2318
3239
3745
3723
3268
2656
2167
1947
2019
2313
2722
3174
3607
3956
4095
3921
3289
2248
998
41
38
36
33
94
768
1628
2405
2948
3222
3254
3086
2817
2598
2520
2609
2840
3102
3245
3192
2923
2440
1823
1188
651
341
328
618
1179
1878
2487
2785
2656
2196
1673
1358
1386
1737
2297
2882
3313
3477
3356
3022
2618
2274
2067
2013
2079
2177
2181
2022
1718
1387
1226
1327
1650
2057
2389
2533
2429
2141
1865
1801
2037
2498
3041
3523
3852
3979
3845
3407
2722
1952
1304
887
668
561
489
429
446
568
774
1046
1319
1544
1735
1901
2034
2109
2100
2023
1936
1900
1941
2088
2334
2663
3050
3395
3575
3507
3172
2629
1948
1231
582
80
36
34
52
418
1136
2097
3103
3898
4095
4048
3340
2384
1507
944
840
1238
2014
2962
3851
4095
4095
4095
4095
4022
3316
2486
1675
1093
927
1251
1981
2872
3596
3923
3799
3329
2665
1943
1288
774
389
65
37
38
36
36
33
58
628
1376
2041
2467
2658
2768
2985
3435
4095
4095
4095
4095
4095
4095
3145
2063
1217
745
663
918
1360
1768
1940
1806
1440
1015
733
746
1109
1755
2516
3179
3547
3549
3240
2821
2507
2400
2461
2544
2473
2180
1738
1267
847
561
492
655
973
1346
1640
1749
1693
1575
1490
1472
1486
1456
1330
1124
917
870
1161
1839
2735
3574
4095
4095
4095
4002
3923
4043
4095
4095
4095
4095
3873
3224
2458
1739
1224
996
1074
1384
1818
2265
2611
2720
2446
1726
699
40
37
35
33
198
682
1044
1100
907
722
823
1309
2032
2702
3037
2943
2523
1978
1562
1471
1775
2390
3089
3668
4052
4095
4095
3817
3325
2853
2582
2579
2758
2919
2935
2807
2572
2256
1908
1608
1385
1201
970
640
298
105
160
529
1205
2109
3053
3794
4095
3950
3398
2750
2305
2256
2571
3012
3315
3352
3154
2821
2396
1864
1217
514
38
35
34
116
628
1344
2042
2511
2588
2249
1665
1150
1013
1405
2226
3195
4005
4095
4095
3752
3113
2636
2507
2691
2985
3186
3129
2765
2167
1464
827
384
165
164
353
656
933
1034
908
629
324
174
329
812
1531
2299
2873
3133
3145
3039
2895
2725
2560
2492
2582
2768
2937
3032
3089
3187
3332
3406
3323
3107
2799
2421
1958
1421
884
474
335
538
1054
1769
2491
3021
3256
3256
3142
3013
2889
2748
2585
2390
2164
1947
1766
1659
1623
1569
1448
1336
1372
1667
2194
2785
3253
3422
3242
2817
2348
2049
2053
2348
2790
3185
3329
3086
2439
1518
602
41
34
85
432
825
1089
1142
954
587
212
68
225
704
1407
2196
2903
3344
3383
3040
2474
1865
1357
1056
1033
1305
1848
2578
3333
3945
4095
4095
4095
3821
3599
3470
3363
3141
2750
2224
1637
1124
859
976
1497
2289
3065
3531
3526
3070
2363
1688
1295
1315
1661
2059
2192
1878
1148
231
37
35
33
349
1245
2322
3311
4008
4095
4095
4095
4057
3650
3121
2540
1999
1535
1146
853
746
904
1308
1815
2250
2503
2550
2424
2149
1752
1307
936
789
1003
1605
2470
3321
3844
3844
3354
2592
1793
1177
867
852
1052
1328
1523
1565
1532
1600
1879
2369
2947
3394
3531
3276
2669
1869
1095
527
264
323
707
1403
2323
3306
4095
4095
4095
4095
4095
4095
4095
3813
3139
2267
1290
337
38
37
36
34
33
469
1472
2558
3335
3576
3345
2860
2390
2099
2009
2092
2257
2352
2247
1942
1611
1498
1768
2390
3120
3649
3800
3510
2807
1803
712
38
36
34
33
228
551
836
1113
1425
1766
2098
2353
2496
2600
2772
3059
3393
3664
3816
3861
3808
3650
3402
3102
2792
2497
2239
1985
1658
1203
637
72
36
36
35
36
34
34
270
890
1689
2506
3197
3710
4047
4095
4095
3839
3480
3210
3136
3245
3404
3458
3355
3154
2961
2850
2860
3031
3370
3790
4095
4095
4095
3807
3177
2376
1493
673
102
34
92
524
1169
1824
2318
2568
2598
2470
2239
1965
1718
1540
1451
1465
1528
1584
1635
1674
1667
1607
1511
1380
1244
1191
1289
1579
2051
2607
3074
3286
3148
2622
1772
786
40
35
32
383
1194
2064
2701
2987
2983
2802
2552
2338
2240
2256
2288
2192
1926
1633
1528
1725
2181
2762
3281
3583
3575
3211
2592
1969
1606
1615
1943
2444
2912
3149
2988
2375
1452
560
74
137
688
1522
2366
2984
3208
3045
2686
2346
2127
1981
1788
1482
1112
831
825
1230
2067
3157
4095
4095
4095
4095
3970
3367
2776
2263
1938
1840
1914
2036
2047
1897
1674
1515
1478
1506
1482
1312
1004
703
611
830
1329
2009
2729
3313
3572
3430
2968
2368
1839
1495
1367
1456
1699
1971
2126
2027
1630
999
292
37
34
32
423
1347
2400
3272
3809
4019
4017
3973
3963
3944
3835
3563
3093
2501
1971
1708
1822
2238
2696
2900
2714
2227
1631
1087
734
641
786
1097
1512
1946
2276
2367
2130
1634
1082
670
495
528
728
1078
1567
2194
2899
3553
3988
4073
3775
3191
2511
1950
1615
1523
1637
1888
2215
2568
2870
3060
3112
3036
2909
2818
2787
2757
2597
2190
1547
817
205
35
35
123
339
600
878
1187
1518
1794
1924
1861
1615
1269
948
766
847
1319
2216
3399
4095
4095
4095
4095
4095
4095
3838
3108
2535
2206
2158
2375
2776
3199
3417
3289
2790
2016
1134
277
37
35
34
50
420
840
1135
1323
1507
1752
2068
2453
2888
3355
3798
4081
4025
3537
2707
1763
938
356
62
38
80
208
370
515
621
752
994
1413
2000
2629
3155
3481
3561
3415
3102
2693
2276
1933
1713
1628
1686
1915
2322
2825
3319
3688
3822
3685
3358
2990
2694
2500
2381
2327
2414
2717
3180
3617
3836
3739
3323
2710
2071
1524
1130
919
878
960
1162
1499
1974
2553
3108
3488
3610
3416
2878
2045
1088
243
36
34
34
273
816
1528
2310
3026
3529
3722
3526
2932
2069
1180
548
390
720
1381
2119
2700
3022
3091
2948
2613
2139
1590
1040
568
240
131
268
625
1112
1577
1906
2055
2052
1968
1840
1690
1582
1579
1696
1919
2231
2648
3167
3732
4095
4095
4095
3796
3121
2355
1681
1296
1295
1626
2149
2683
3065
3160
2893
2332
1658
1052
621
366
248
278
487
852
1320
1837
2333
2744
3047
3241
3369
3534
3804
4095
4095
4095
4095
4095
4095
4095
4095
3872
2851
1569
221
38
35
33
141
906
1638
1929
1640
909
69
36
35
33
139
631
1198
1727
2227
2754
3317
3798
4019
3861
3393
2842
2467
2448
2798
3388
4027
4095
4095
4095
4025
3177
2173
1200
458
77
47
125
215
196
67
35
36
35
34
105
506
1044
1590
2072
2464
2776
3063
3385
3752
4095
4095
4095
3766
2927
1957
1135
635
487
642
1004
1472
1994
2501
2900
3115
3130
3054
3045
3184
3384
3475
3349
3014
2583
2194
1944
1906
2098
2460
2857
3115
3109
2828
2382
1898
1485
1202
1067
1064
1127
1203
1274
1312
1323
1334
1380
1504
1738
2112
2637
3276
3879
4095
4001
3224
1998
645
39
36
33
246
917
1604
2193
2699
3209
3778
4095
4095
4095
4004
3238
2561
2242
2316
2578
2777
2727
2328
1609
768
104
34
82
430
828
1107
1188
1084
920
901
1178
1761
2514
3220
3751
4059
4095
3950
3502
2903
2322
1892
1689
1692
1845
2115
2456
2810
3076
3108
2796
2163
1342
521
37
34
134
754
1580
2316
2737
2739
2409
1986
1680
1561
1577
1655
1805
2084
2477
2838
2978
2843
2544
2298
2295
2594
3108
3623
3866
3660
3033
2228
1501
991
719
663
771
923
972
809
488
194
81
163
455
964
1688
2585
3500
4095
4095
4095
4029
3360
2613
2010
1739
1872
2369
3043
3614
3815
3520
2797
1847
952
365
203
458
1075
1928
2802
3468
3743
3536
2932
2139
1398
885
641
596
638
714
886
1255
1838
2535
3158
3476
3353
2818
2091
1463
1159
1287
1821
2642
3549
4095
4095
4095
4095
3806
3387
2977
2515
2007
1535
1206
1079
1097
1129
1053
788
374
37
36
37
36
35
34
44
404
850
1163
1334
1517
1858
2399
3100
3819
4095
4095
4095
3610
2876
2349
2180
2383
2869
3505
4095
4095
4095
4095
3624
2763
1830
1017
534
487
853
1506
2220
2743
2928
2752
2337
1939
1805
2010
2400
2700
2723
2490
2141
1798
1543
1443
1511
1701
1908
2006
1935
1757
1631
1679
1904
2225
2557
2848
3068
3199
3185
2934
2423
1707
930
270
36
34
36
202
542
868
1048
1020
846
706
791
1166
1807
2653
3605
4095
4095
4095
4095
4054
3133
2342
1810
1591
1668
1988
2493
3057
3530
3786
3765
3532
3242
3042
3003
3084
3159
3079
2785
2333
1785
1176
568
84
35
35
35
35
34
49
446
1179
2019
2702
3051
3037
2779
2489
2301
2202
2134
2033
1854
1641
1457
1333
1293
1363
1537
1742
1915
2012
2002
1934
1920
2039
2317
2707
3112
3459
3726
3929
4036
3957
3663
3246
2864
2614
2459
2265
1895
1331
715
229
38
49
247
631
1142
1725
2295
2755
3041
3141
3051
2780
2336
1769
1233
921
939
1268
1767
2266
2637
2861
2985
3074
3162
3218
3221
3196
3174
3141
3046
2836
2487
2034
1550
1156
977
1043
1348
1858
2464
2992
3320
3439
3439
3452
3497
3448
3145
2555
1828
1178
749
576
602
719
876
1104
1456
1977
2654
3393
4046
4095
4095
3579
2396
1103
172
34
329
1075
1883
2450
2611
2370
1863
1338
1041
1093
1400
1725
1878
1818
1635
1429
1214
1003
853
793
830
959
1153
1366
1535
1585
1446
1128
767
576
700
1152
1837
2595
3266
3740
3979
4021
3958
3879
3828
3835
3896
3958
3930
3762
3423
2946
2445
2040
1834
1857
2041
2201
2120
1657
798
41
38
37
35
32
410
1272
2216
3098
3839
4095
4095
4095
4095
4020
3791
3494
3006
2252
1281
250
38
36
34
139
899
1775
2411
2677
2689
2700
2938
3446
4089
4095
4095
4095
4095
4095
4095
4095
3877
3187
2350
1407
473
38
35
33
165
604
885
770
307
37
35
33
237
1002
2039
3138
4078
4095
4095
4095
3884
3167
2571
2223
2168
2325
2561
2788
2969
3103
3204
3256
3169
2813
2154
1309
451
38
37
36
37
36
35
35
33
350
1033
1825
2614
3319
3889
4095
4095
4095
4095
4095
4095
4030
3775
3619
3487
3292
2996
2628
2287
2068
1956
1826
1569
1152
602
72
35
33
380
1155
2021
2691
2971
2824
2372
1818
1380
1242
1481
2000
2541
2856
2808
2423
1844
1232
766
624
876
1464
2192
2788
3088
3060
2814
2508
2235
2037
1946
1958
2023
2116
2208
2240
2166
2020
1939
2064
2460
3072
3708
4095
4095
4095
3683
2831
1753
638
38
35
33
270
1023
1889
2581
2950
3039
2976
2900
2880
2911
2957
2932
2752
2395
1926
1469
1148
1069
1277
1693
2132
2384
2311
1977
1625
1479
1593
1856
2072
2086
1875
1567
1348
1391
1818
2620
3600
4095
4095
4095
4069
3161
2295
1732
1598
1880
2436
3005
3316
3200
2640
1786
867
121
36
34
282
882
1556
2061
2181
1813
1022
98
36
33
291
1356
2721
3944
4095
4095
3735
2599
1537
796
401
234
180
217
368
594
827
1023
1214
1461
1771
2150
2617
3130
3588
3890
4027
4095
4095
4095
4095
4095
4095
4095
3429
2576
1806
1368
1382
1739
2182
2444
2326
1829
1157
592
339
407
657
941
1207
1476
1788
2148
2466
2595
2431
2000
1479
1077
930
1076
1412
1747
1909
1864
1743
1712
1877
2265
2760
3140
3209
2863
2208
1502
1019
924
1229
1832
2539
3097
3310
3136
2688
2147
1731
1570
1623
1755
1826
1791
1716
1683
1788
2066
2486
3032
3659
4095
4095
4095
4095
4095
3567
2971
2465
2078
1756
1449
1141
846
594
402
308
388
695
1221
1817
2231
2309
2074
1670
1301
1148
1289
1658
2113
2506
2695
2601
2276
1828
1403
1167
1170
1340
1571
1807
2055
2350
2690
2981
3106
3010
2718
2302
1827
1400
1160
1216
1577
2098
2568
2845
2882
2674
2222
1587
929
420
183
267
637
1223
1886
2468
2855
3037
3076
3043
3010
3016
3023
2913
2566
1974
1323
885
868
1296
2023
2845
3564
4060
4095
4095
3911
3446
2857
2235
1686
1271
992
778
519
199
36
34
38
240
609
985
1299
1549
1811
2164
2648
3192
3626
3826
3786
3617
3479
3429
3442
3443
3353
3185
2981
2801
2662
2543
2414
2219
1935
1573
1125
605
87
35
33
115
694
1544
2480
3319
3914
4095
4095
4095
4095
4095
3895
3439
2880
2335
1882
1487
1066
556
42
36
35
32
475
1513
2747
3817
4095
4095
3758
2719
1536
484
37
34
163
893
1944
3030
3841
4095
4037
3596
3054
2543
2140
1863
1708
1649
1648
1715
1851
2037
2211
2275
2207
2085
1991
1963
1998
2038
1988
1825
1622
1450
1384
1502
1818
2279
2726
EOF