Process identification data:
2147
2148
2151
2145
2091
1928
1670
1378
1106
889
735
666
780
1196
1908
2731
3399
3693
3590
3243
2837
2510
2316
2225
2199
2261
2488
2907
3471
4087
4095
4095
4095
4095
4095
3863
3508
3294
3200
3137
2986
2682
2257
1745
1142
490
38
36
35
35
34
34
85
360
809
1379
2025
2629
3073
3298
3288
3107
2908
2841
2991
3328
3687
3832
3619
3057
2301
1560
1013
813
1011
1547
2249
2865
3181
3106
2673
2074
1576
1394
1610
2105
2634
2969
2950
2560
1929
1308
948
975
1346
1873
2291
2409
2231
1907
1655
1641
1871
2253
2641
2897
3003
3043
3085
3152
3207
3197
3156
3176
3303
3537
3825
4082
4095
4095
4095
4095
4095
4095
4095
4095
3486
2355
1337
614
247
202
394
676
922
1051
1004
787
509
359
473
848
1338
1792
2144
2396
2615
2836
3007
3055
2975
2826
2706
2696
2767
2830
2857
2912
3070
3371
3794
4095
4095
4095
3579
2573
1457
618
364
746
1519
2315
2820
2847
2425
1749
1109
764
851
1368
2188
3063
3743
4041
3916
3531
3124
2853
2749
2768
2779
2624
2190
1446
495
39
37
34
33
329
986
1663
2247
2679
2988
3229
3423
3606
3797
4002
4095
4095
4095
4095
4095
4095
4031
3197
2492
2132
2217
2671
3216
3542
3493
3102
2540
2004
1631
1419
1243
1000
696
432
294
253
205
109
76
242
697
1349
2052
2633
2997
3180
3271
3360
3457
3504
3422
3180
2809
2345
1826
1325
975
897
1122
1557
1972
2152
2003
1627
1261
1105
1215
1520
1933
2414
2918
3382
3785
4095
4095
4095
4095
4095
4095
4095
4095
3249
2219
1286
608
235
113
138
293
656
1301
2228
3343
4095
4095
4095
4095
4095
3070
2037
1391
1214
1468
1964
2426
2608
2403
1893
1299
880
812
1137
1715
2238
2424
2133
1469
719
144
35
36
117
334
583
826
1083
1410
1850
2428
3097
3734
4095
4095
4095
4095
4095
4095
4095
4095
4095
3836
3506
3412
3617
3993
4095
4095
3505
2420
1178
193
34
212
1052
2112
2979
3409
3334
2858
2223
1629
1168
875
744
703
663
604
609
803
1229
1787
2317
2706
2926
2968
2797
2425
1990
1669
1568
1680
1905
2134
2340
2484
2474
2231
1793
1294
866
600
552
769
1248
1908
2609
3258
3811
4095
4095
4095
4087
3603
3047
2502
2062
1792
1721
1809
1951
2067
2080
1955
1739
1556
1557
1846
2364
2910
3235
3137
2578
1716
865
342
328
814
1665
2672
3639
4095
4095
4095
4095
3498
2513
1519
661
77
35
35
208
659
1232
1796
2205
2383
2401
2442
2643
3021
3491
3893
4095
4095
3890
3451
2987
2712
2774
3130
3574
3859
3821
3485
2981
2490
2170
2041
1975
1840
1615
1381
1247
1211
1199
1122
921
649
453
430
592
915
1305
1628
1804
1807
1661
1499
1503
1757
2246
2907
3616
4095
4095
4095
4095
3805
3277
2749
2329
2126
2191
2439
2677
2709
2400
1798
1128
651
505
651
916
1127
1182
1055
777
445
236
372
978
1974
3117
4095
4095
4095
4095
4095
3973
3112
2264
1601
1295
1421
1935
2689
3439
3919
3899
3343
2429
1436
643
207
143
381
771
1099
1195
1045
817
715
869
1285
1847
2416
2858
3058
3026
2865
2718
2714
2896
3225
3649
4081
4095
4095
3805
2826
1562
278
39
37
36
34
33
368
1097
2027
2993
3843
4095
4095
4095
4095
4095
4095
4095
4095
4095
4095
3976
3109
2318
1705
1264
922
609
299
64
35
36
35
37
38
37
36
34
132
1202
2702
4095
4095
4095
4095
4095
4095
3818
2819
1908
1266
984
1070
1438
1918
2324
2474
2268
1726
1038
506
371
693
1341
2045
2600
2961
3147
3161
2982
2634
2207
1819
1555
1415
1353
1353
1470
1792
2389
3242
4095
4095
4095
4095
4095
3070
1672
555
46
186
915
1934
2867
3397
3369
2869
2184
1654
1538
1901
2606
3393
3974
4095
3894
3270
2389
1417
572
51
34
94
390
722
1017
1292
1585
1863
1999
1865
1454
933
492
229
187
385
838
1483
2132
2550
2589
2308
1958
1787
1925
2338
2871
3349
3642
3692
3485
3100
2659
2244
1903
1699
1682
1830
2050
2288
2584
3014
3619
4095
4095
4095
4095
4095
3718
2420
1163
256
36
42
376
961
1578
2000
2111
1975
1783
1691
1690
1698
1684
1665
1631
1535
1333
1106
1061
1322
1826
2367
2717
2794
2659
2415
2160
1939
1771
1650
1565
1519
1526
1605
1757
1974
2278
2690
3162
3618
3976
4095
4095
4095
4095
4095
4095
4095
3879
3403
2743
2013
1395
1026
948
1169
1584
2056
2468
2716
2689
2326
1640
743
40
36
34
193
1178
2483
3612
4095
3962
3172
2170
1355
1034
1320
2117
3157
4069
4095
4095
3773
2885
2033
1461
1282
1456
1767
1925
1726
1145
332
38
36
34
33
387
858
1111
1063
832
687
860
1443
2350
3387
4095
4095
4095
4095
3539
2578
1716
1099
778
727
837
1018
1228
1427
1611
1813
2023
2225
2387
2441
2330
2094
1840
1668
1688
1935
2364
2900
3453
3906
4095
4095
3881
3480
3024
2607
2258
1980
1796
1739
1853
2192
2752
3412
3955
4095
3905
3233
2353
1552
1060
960
1147
1391
1468
1269
853
450
351
715
1511
2535
3493
4095
4095
4095
4095
4071
3458
2785
2145
1565
1032
561
237
167
408
935
1618
2334
2980
3517
3919
4095
4091
3831
3443
3075
2840
2771
2810
2858
2763
2351
1521
316
42
40
39
37
34
32
360
1120
1711
1971
2026
2134
2456
2994
3637
4095
4095
4095
4095
4095
4077
3695
3346
3073
2904
2831
2831
2857
2814
2560
1989
1086
50
40
38
37
34
33
607
1492
2343
2950
3265
3391
3454
3520
3608
3674
3648
3527
3369
3248
3220
3258
3326
3437
3578
3672
3601
3263
2654
1889
1195
776
762
1194
1969
2849
3573
3936
3818
3267
2436
1524
740
265
192
508
1150
1964
2775
3461
3943
4095
4055
3702
3166
2555
2034
1729
1685
1828
1986
2017
1851
1513
1095
700
435
355
432
549
608
584
508
494
669
1050
1545
2055
2516
2940
3360
3743
4021
4095
4071
3758
3165
2350
1509
872
606
765
1269
1895
2338
2406
2068
1488
957
674
642
768
924
983
887
678
531
684
1250
2115
3018
3723
4052
3940
3440
2754
2218
2142
2646
3598
4095
4095
4095
4095
3358
2023
1068
798
1260
2238
3338
4095
4095
4048
3232
2260
1383
771
452
362
425
566
731
890
1051
1210
1348
1482
1624
1776
1924
1994
1968
1882
1799
1761
1751
1768
1855
2054
2360
2711
3050
3302
3376
3236
2908
2434
1898
1428
1142
1136
1473
2080
2754
3266
3412
3183
2766
2413
2290
2436
2783
3195
3480
3412
2852
1834
621
40
36
35
34
34
161
555
1175
2008
2950
3790
4095
4095
4095
3930
3786
3833
3975
4095
4076
3852
3447
2916
2367
1935
1639
1378
1072
756
546
506
581
672
699
618
472
389
512
893
1462
2057
2517
2817
2997
3098
3113
3012
2826
2591
2303
1973
1624
1286
1044
971
1099
1464
2058
2761
3373
3685
3568
3081
2414
1791
1436
1424
1691
2109
2527
2849
3067
3222
3350
3433
3421
3302
3086
2761
2274
1567
666
40
37
36
34
32
660
1668
2630
3272
3484
3336
3039
2809
2764
2889
3133
3452
3816
4095
4095
4095
4095
3880
3257
2550
1923
1500
1261
1089
914
783
749
830
989
1180
1405
1654
1880
2028
2069
2007
1823
1502
1126
896
1025
1544
2252
2880
3245
3310
3149
2871
2588
2348
2131
1880
1603
1426
1471
1778
2253
2706
3012
3183
3279
3321
3247
3031
2763
2583
2591
2740
2890
2896
2656
2209
1706
1321
1155
1192
1365
1554
1643
1586
1371
997
520
82
36
36
203
522
823
1077
1342
1699
2242
2993
3839
4095
4095
4095
4087
3407
2912
2753
2921
3328
3837
4095
4095
4095
4095
3562
2447
1076
42
38
36
32
296
1001
1552
1679
1318
600
38
36
33
160
972
2080
3199
4095
4095
4095
4095
4095
3388
2459
1729
1398
1492
1909
2506
3125
3653
4040
4095
4095
4095
3916
3710
3451
3128
2717
2234
1720
1195
671
177
37
36
37
36
34
33
346
1071
1860
2564
3159
3664
4057
4095
4095
4095
4078
3784
3513
3340
3267
3180
2962
2601
2133
1575
930
245
36
35
33
239
721
1217
1626
1885
1978
1943
1818
1666
1573
1636
1885
2287
2779
3262
3629
3808
3783
3561
3164
2596
1894
1166
559
152
38
56
219
549
1012
1526
2036
2515
2904
3130
3175
3081
2961
2975
3171
3441
3642
3696
3593
3363
3096
2924
2972
3277
3690
3929
3794
3265
2501
1769
1306
1192
1336
1572
1779
1913
1993
2019
1989
1929
1886
1902
1943
1913
1730
1372
912
470
147
37
39
165
519
1026
1648
2327
2966
3440
3635
3476
2984
2269
1521
945
701
832
1208
1613
1857
1861
1720
1601
1609
1746
1935
2080
2144
2202
2361
2710
3295
4025
4095
4095
4095
4095
4095
4095
4071
3299
2571
2009
1701
1637
1696
1694
1462
999
475
99
42
212
664
1281
1914
2366
2470
2164
1505
661
39
36
33
238
1057
1984
2690
3038
3146
3181
3266
3441
3667
3909
4087
4077
3787
3246
2581
1925
1404
1121
1121
1369
1736
2008
2023
1724
1168
542
95
62
443
1176
1989
2649
3039
3129
2937
2539
2099
1854
1967
2432
3085
3708
4095
4095
4095
4095
3664
3170
2840
2747
2827
2926
2852
2454
1734
831
41
38
36
34
32
432
1158
1801
2216
2405
2430
2377
2320
2275
2259
2261
2207
2039
1797
1636
1746
2232
3032
3933
4095
4095
4095
3371
2096
830
40
36
34
103
564
1081
1517
1879
2242
2628
2940
3043
2901
2590
2255
2021
1889
1798
1682
1553
1483
1568
1909
2540
3376
4095
4095
4095
4095
4095
3656
2664
1833
1299
1059
971
911
865
905
1120
1529
2019
2424
2650
2661
2449
2059
1612
1267
1153
1317
1681
2051
2186
1916
1251
386
38
35
33
581
1489
2337
2861
2994
2882
2768
2870
3288
3934
4095
4095
4095
3678
2533
1357
426
37
34
34
83
303
679
1195
1765
2270
2640
2903
3094
3188
3175
3052
2820
2501
2128
1779
1568
1547
1702
1988
2345
2687
2954
3136
3236
3301
3389
3476
3469
3277
2926
2590
2476
2697
3176
3702
4037
4004
3579
2882
2100
1366
771
336
54
35
36
36
36
34
64
552
1370
2286
3079
3613
3896
3972
3893
3700
3387
2995
2586
2243
2084
2132
2273
2323
2137
1690
1129
693
588
915
1588
2381
3021
3256
3030
2466
1775
1186
844
779
905
1089
1255
1434
1667
1925
2169
2396
2599
2715
2662
2397
1971
1556
1368
1536
2027
2690
3367
3949
4095
4095
4095
4095
3943
3105
2022
840
40
37
35
32
464
1318
2193
2853
3151
3070
2704
2216
1779
1473
1257
1063
854
655
521
538
760
1159
1620
2006
2220
2247
2144
2012
2003
2292
2984
4026
4095
4095
4095
4095
4095
4095
4095
3580
2869
2265
1798
1513
1436
1495
1487
1203
554
40
39
37
35
32
385
1398
2503
3433
4076
4095
4095
4095
3654
3113
2523
1939
1468
1229
1238
1370
1480
1521
1527
1533
1535
1492
1345
1123
904
780
879
1288
1930
2580
2993
3028
2685
2091
1464
1075
1143
1730
2653
3540
4085
4095
3913
3403
2796
2167
1608
1206
962
836
789
841
1076
1519
2108
2698
3106
3241
3156
2957
2773
2729
2834
2981
3049
2983
2797
2544
2280
2023
1787
1628
1628
1844
2251
2706
3052
3202
3104
2748
2210
1612
1096
787
722
850
1086
1324
1451
1446
1418
1504
1789
2283
2900
3519
3996
4095
4095
3716
3043
2164
1216
398
36
34
36
217
555
972
1480
2082
2716
3283
3683
3813
3605
3092
2433
1899
1710
1938
2473
3043
3323
3081
2307
1270
403
82
404
1211
2108
2691
2701
2151
1308
540
205
473
1282
2340
3247
3736
3767
3474
3048
2650
2365
2207
2142
2138
2198
2357
2639
3015
3345
3422
3104
2419
1536
696
114
35
34
70
218
509
995
1631
2243
2610
2601
2306
1979
1821
1892
2176
2651
3286
3988
4095
4095
4095
4095
4095
3914
3357
2734
2004
1206
459
34
35
33
109
499
1049
1688
2313
2792
3008
2953
2759
2582
2478
2410
2301
2086
1760
1358
938
583
428
621
1173
1913
2587
3017
3207
3250
3252
3260
3222
3120
3018
3020
3217
3610
4034
4095
3964
3340
2501
1612
774
53
37
34
33
214
736
1145
1245
1047
667
264
54
118
526
1210
1974
2645
3127
3370
3370
3183
2953
2862
2987
3277
3643
4023
4095
4095
4095
3974
3387
2895
2694
2815
3104
3348
3423
3298
3008
2582
2052
1489
941
372
38
38
36
35
33
135
683
1185
1372
1157
691
281
226
707
1691
2986
4095
4095
4095
4095
4095
4095
3603
3255
3077
2951
2727
2317
1716
964
172
37
37
35
34
34
181
481
944
1669
2688
3883
4095
4095
4095
4095
3596
2208
1003
305
244
716
1502
2338
2972
3285
3292
3127
2982
2951
3035
3207
3421
3608
3627
3352
2746
1959
1241
764
612
783
1184
1681
2167
2516
2609
2385
1858
1127
367
36
35
33
333
1136
2165
3146
3833
4095
4095
4095
4095
4095
4095
4095
4095
3679
3068
2583
2292
2181
2214
2352
2552
2743
2782
2556
2085
1456
807
254
36
35
35
35
34
36
204
488
691
752
699
574
459
438
566
900
1489
2264
3078
3765
4095
4095
4095
4095
4095
4001
3642
3257
2935
2707
2582
2568
2661
2789
2802
2580
2094
1441
800
337
147
235
544
970
1450
1907
2282
2580
2842
3107
3344
3431
3273
2887
2407
2023
1837
1841
1974
2131
2231
2279
2272
2228
2200
2197
2174
2086
1885
1589
1274
1041
966
1037
1225
1521
1933
2466
3035
3455
3554
3289
2754
2088
1431
910
666
762
1129
1635
2188
2744
3277
3731
4000
3961
3551
2812
1928
1205
888
1036
1534
2167
2720
3077
3207
3187
3132
3171
3361
3616
3757
3624
3168
2533
1937
1506
1204
904
480
39
37
36
33
99
774
1660
2473
2984
3077
2752
2128
1423
918
864
1371
2324
3434
4095
4095
4095
4095
4095
3788
3191
2630
2168
1831
1626
1508
1430
1360
1283
1245
1310
1469
1632
1718
1721
1669
1594
1501
1385
1323
1419
1734
2228
2744
3055
3023
2636
2001
1297
722
389
305
385
505
614
737
932
1252
1677
2129
2531
2842
3018
3032
2922
2765
2643
2652
2807
3001
3105
3069
2983
2997
3180
3437
3607
3558
3280
2924
2679
2680
2908
3231
3495
3546
3290
2729
1922
993
114
38
37
35
33
33
413
1057
1644
1993
2101
2096
2156
2430
2947
3595
4095
4095
4095
4095
4095
4095
4095
4095
4095
3820
2771
1594
573
38
36
35
34
34
237
631
976
1234
1481
1776
2122
2495
2882
3274
3589
3661
3403
2852
2172
1618
1400
1597
2087
2564
2752
2516
1883
1006
87
38
37
35
32
488
1629
2925
4031
4095
4095
4095
4095
3673
2927
2375
2155
2291
2663
3086
3422
3568
3481
3175
2713
2183
1615
1016
455
90
47
243
698
1275
1908
2551
3138
3550
3640
3329
2702
1987
1403
1054
943
1041
1339
1852
2546
3302
3915
4095
4044
3545
2924
2429
2218
2309
2616
2963
3175
3147
2835
2267
1549
807
163
37
34
38
380
1021
1720
2239
2429
2314
2015
1701
1506
1436
1386
1230
941
644
504
616
963
1439
1924
2330
2620
2801
2937
3064
3155
3140
3001
2788
2599
2506
2470
2402
2287
2216
2277
2507
2896
3343
3714
3935
3996
3910
3677
3290
2757
2126
1496
926
441
98
36
64
313
804
1478
2255
3046
3713
4095
4095
3826
3224
2566
2052
1748
1602
1520
1434
1311
1182
1095
1097
1213
1391
1593
1835
2139
2470
2721
2757
2545
2170
1757
1473
1482
1876
2638
3565
4095
4095
4095
4095
3893
3124
2273
1439
723
166
36
36
34
34
55
251
632
1157
1715
2200
2575
2849
3076
3324
3624
3970
4095
4095
4095
4095
3887
2791
1517
379
38
35
33
270
836
1466
2036
2479
2768
2924
3008
3087
3163
3128
2861
2295
1463
509
39
36
34
33
649
1735
2940
4010
4095
4095
4095
3970
3046
2197
1621
1333
1215
1135
1064
1111
1423
2065
2923
3762
4095
4095
4095
3919
2960
1752
528
39
36
36
34
34
633
1649
2745
3612
4019
3889
3307
2528
1901
1734
2146
3047
4095
4095
4095
4095
4095
4095
3893
2867
1913
1088
385
37
36
34
34
34
62
232
552
1034
1664
2336
2907
3226
3203
2854
2245
1496
716
48
36
35
33
532
1610
2834
3803
4095
4095
3929
3383
2760
2173
1736
1500
1499
1751
2200
2758
3321
3778
4046
4041
3730
3134
2333
1525
963
796
1031
1581
2284
2916
3240
3084
2485
1733
1207
1099
1314
1599
1756
1771
1710
1628
1604
1708
1955
2261
2508
2604
2550
2461
2428
2480
2641
2888
3170
3436
3600
3567
3276
2744
2049
1331
794
556
608
852
1090
1151
994
713
439
292
355
681
1202
1733
2059
2038
1688
1157
645
348
413
896
1739
2802
3874
4095
4095
4095
4095
4095
4095
4095
3797
3567
3353
3041
2639
2251
2005
1906
1818
1623
1264
756
190
37
35
35
34
102
553
1108
1557
1753
1661
1413
1240
1348
1806
2545
3393
4095
4095
4095
4095
3932
3379
3069
3139
3528
4017
4095
4095
3658
2663
1434
224
39
37
35
34
102
1001
2273
3549
4095
4095
4095
3329
1857
358
38
34
32
977
2535
4045
4095
4095
4095
4095
4043
2684
1310
182
37
36
34
34
56
464
1013
1586
2163
2753
3316
3735
3841
3528
2857
2026
1311
933
919
1161
1539
1975
2403
2771
3065
3242
3228
2967
2442
1767
1212
1032
1355
2127
3081
3828
4095
3902
3317
2537
1767
1159
772
588
503
392
216
73
92
403
1032
1786
2418
2728
2714
2581
2569
2796
3238
3750
4095
4095
4095
4095
4095
3758
3394
3107
2849
2548
2176
1725
1255
867
631
585
756
1115
1529
1813
1835
1564
1039
382
37
36
35
32
239
1011
1993
2934
3591
3804
3548
2953
2291
1835
1708
1892
2295
2797
3248
3526
3581
3445
3193
2900
2669
2635
2904
3426
3953
4095
3884
3169
2304
1611
1330
1485
1890
2308
2548
2543
2358
2131
1999
1996
2060
2099
2037
1896
1709
1502
1304
1141
1077
1146
1293
1431
1467
1300
895
315
36
34
93
816
1816
2668
3113
3176
3077
3064
3253
3592
3886
3895
3509
2794
1979
1368
1116
1171
1404
1721
2058
2320
2366
2081
1478
714
68
35
63
601
1423
2247
2884
3263
3444
3512
3567
3674
3826
3962
4029
3942
3621
3039
2242
1347
556
92
86
521
1298
2145
2755
2976
2867
2607
2381
2266
2213
2165
2086
1921
1632
1221
795
518
465
620
953
1488
2248
3142
3929
4095
4095
3479
2448
1376
560
190
310
809
1469
2092
2589
2958
3199
3338
3463
3691
4095
4095
4095
4095
4095
4095
3227
1942
871
296
276
645
1150
1591
1856
1928
1829
1582
1276
1009
787
554
247
36
36
35
34
33
245
931
1938
3023
3891
4095
4095
4095
3972
3921
4095
4095
4095
4095
4095
4095
4095
3987
2729
1311
47
39
38
36
35
33
41
273
491
661
922
1381
1972
2476
2730
2740
2646
2623
2742
2964
3212
3363
3298
2982
2469
1895
1461
1269
1308
1482
1611
1539
1260
934
754
853
1223
1741
2307
2867
3357
3705
3893
3943
3871
3691
3379
2888
2224
1509
958
733
884
1313
1786
2109
2249
2291
2324
2391
2473
2533
2573
2624
2706
2775
2779
2683
2433
2004
1424
804
278
37
40
260
759
1405
2095
2739
3256
3627
3850
3942
3977
4008
4059
4095
4095
4095
3976
3512
2839
2096
1495
1230
1390
1867
2419
2836
3016
2981
2745
2289
1605
801
92
35
33
357
1072
1805
2259
2279
1882
1220
536
97
79
526
1412
2530
3566
4095
4095
3543
2437
1200
191
35
86
885
2145
3462
4095
4095
4095
4095
3637
2839
1993
1184
536
178
210
624
1273
1965
2571
3041
3382
3549
3427
2925
2070
1086
313
40
169
655
1216
1617
1773
1779
1776
1837
1929
1953
1837
1614
1401
1358
1641
2279
3145
4050
4095
4095
4095
4095
3790
2610
1496
811
726
1149
1784
2284
2425
2213
1825
1494
1443
1775
2398
3070
3515
3524
3070
2314
1527
989
868
1195
1822
2512
3011
3106
2709
1895
889
45
36
33
121
851
1785
2559
2911
2774
2277
1667
1243
1260
1786
2653
3574
4095
4095
4095
3785
3279
3021
3127
3476
3765
3679
3098
2136
1078
279
39
219
719
1225
1530
1545
1341
1115
1043
1181
1424
1574
1486
1143
660
275
233
666
1484
2390
3068
3324
3157
2770
2372
2056
1824
1671
1594
1570
1601
1689
1807
1969
2181
2410
2605
2682
2582
2344
2079
1899
1922
2214
2712
3230
3545
3538
3243
2820
2449
2207
2081
2060
2159
2401
2733
3024
3125
2925
2464
1893
1406
1191
1332
1758
2318
2864
3263
3447
3418
3206
2891
2540
2149
1722
1325
1024
886
948
1143
1386
1650
1933
2194
2372
2453
2477
2518
2568
2488
2126
1443
552
39
36
33
36
514
1176
1658
1825
1731
1516
1350
1394
1734
2366
3218
4095
4095
4095
4095
4095
3928
3179
2686
2464
2375
2275
2144
2078
2194
2485
2769
2811
2439
1649
656
39
34
34
34
244
906
1841
2923
3947
4095
4095
4095
4095
4095
3859
3468
3216
3079
2964
2743
2296
1636
902
306
64
178
590
1149
1664
1996
2130
2099
1965
1782
1540
1254
955
649
327
44
35
34
62
471
1156
1964
2743
3408
3930
4095
4095
4095
4095
4095
4095
4095
3012
1888
1080
774
974
1551
2297
3011
3541
3757
3571
3011
2197
1331
581
104
39
170
465
747
955
1095
1219
1358
1503
1680
1892
2108
2270
2278
2100
1776
1383
1070
1028
1386
2151
3115
3938
4095
4095
3955
3469
3045
2736
2564
2555
2718
3027
3379
3618
3627
3345
2834
2211
1600
1104
768
643
764
1085
1435
1613
1498
1153
773
573
708
1185
1838
2393
2600
2404
1996
1663
1582
1739
2015
2280
2436
2495
2493
2435
2366
2322
2283
2207
2046
1817
1579
1400
1376
1602
2125
2923
3874
4095
4095
4095
4095
4095
3636
2935
2425
2156
2084
2102
2060
1804
1306
632
40
37
35
32
249
849
1397
1658
1614
1409
1190
1056
1028
1125
1389
1854
2496
3213
3818
4095
4095
3949
3804
3877
4095
4095
4095
4095
3659
2779
1857
1037
418
90
128
529
1227
2031
2674
2955
2839
2472
2089
1891
1950
2215
2558
2846
2930
2726
2269
1680
1123
708
441
250
65
35
34
81
450
942
1306
1423
1369
1320
1441
1828
2439
3150
3832
4095
4095
4095
3705
2925
2103
1407
918
631
525
579
781
1137
1619
2163
2686
3112
3363
3439
3442
3512
3757
4095
4095
4095
4012
3170
2188
1424
1134
1326
1773
2169
2330
2296
2232
2308
2597
3024
3415
3575
3336
2703
1881
1141
705
698
1099
1789
2584
3276
3705
3796
3580
3149
2575
1907
1249
670
208
35
34
39
140
347
602
909
1303
1793
2325
2807
3125
3212
3064
2710
2186
1588
1071
735
573
548
654
855
1070
1170
1050
710
288
53
189
888
2109
3608
4095
4095
4095
4095
4095
3802
3300
3257
3637
4095
4095
4095
4073
3294
2336
1365
584
185
256
672
1130
1359
1243
819
250
36
35
34
67
364
819
1361
1908
2348
2573
2541
2328
2102
2037
2248
2757
3485
4095
4095
4095
4095
4095
3747
3222
2942
2925
3096
3321
3463
3372
2973
2341
1651
1060
634
357
168
47
35
34
36
261
902
1885
3076
4095
4095
4095
4095
4095
4095
3506
2312
1320
662
361
358
534
809
1157
1591
2105
2576
2798
2633
2136
1470
778
137
37
36
35
33
274
913
1633
2208
2479
2432
2215
2041
2069
2325
2726
3150
3495
3696
3687
3489
3235
3031
2890
2790
2742
2785
2912
3041
3039
2772
2188
1336
369
38
36
33
265
1158
2217
3103
3557
3520
3112
2551
2093
1893
1965
2179
2399
2530
2505
2319
2049
1829
1791
1978
2271
2485
2471
2190
1789
1531
1627
2104
2828
3601
4095
4095
4095
4095
3589
2616
1580
773
436
613
1160
1849
2418
2642
2449
1898
1132
397
37
57
504
1320
2220
2927
3255
3107
2528
1733
1054
803
1128
1906
2780
3407
3631
3500
3162
2733
2253
1718
1161
636
247
79
112
359
844
1512
2217
2780
3099
3171
3062
2890
2781
2779
2833
2865
2800
2585
2265
1932
1644
1433
1289
1232
1347
1705
2256
2806
3117
3085
2810
2483
2282
2273
2360
2385
2219
1837
1324
812
438
344
662
1439
2585
3882
4095
4095
4095
4095
4095
3759
2461
1259
408
46
43
157
400
745
1225
1824
2398
2704
2561
1991
1251
671
444
528
729
835
749
512
298
297
607
1245
2101
2963
3602
3863
3752
3418
3023
2683
2495
2544
2834
3298
3844
4095
4095
4095
4095
3680
2748
1869
1286
1110
1291
1651
1967
2002
1626
856
41
38
37
34
33
130
779
1684
2736
3852
4095
4095
4095
4095
4095
4095
3488
2529
1796
1374
1264
1359
1459
1370
1033
542
69
35
34
318
1015
1813
2395
2543
2267
1768
1271
950
888
1068
1465
2071
2847
3739
4095
4095
4095
4095
4095
4095
3148
2056
1086
447
257
443
832
1237
1534
1729
1839
1848
1743
1569
1437
1412
1460
1529
1585
1627
1692
1803
2004
2290
2572
2760
2795
2689
2517
2309
2095
1927
1867
1986
2248
2492
2546
2364
2031
1721
1614
1794
2186
2583
2758
2566
2064
1516
1253
1479
2170
3088
3880
4095
4095
3790
3300
2954
2789
2654
2389
1952
1386
751
122
37
35
33
272
801
1318
1687
1884
1942
1911
1811
1657
1503
1412
1403
1456
1542
1683
1961
2412
3018
3669
4095
4095
4095
3782
3265
2897
2783
2942
3256
3515
3515
3186
2649
2121
1806
1817
2141
2648
3123
3345
3209
2716
1982
1187
498
91
67
385
1014
1773
2486
3013
3283
3246
2899
2333
1662
1015
542
317
314
451
615
722
803
952
1253
1659
1986
2031
1699
1072
403
58
223
955
2056
3179
3955
4095
3954
3405
2818
2397
2229
2260
2410
2631
2872
3085
3221
3212
3064
2832
2591
2406
2295
2238
2174
2102
2087
2170
2345
2568
2736
2771
2686
2515
2308
2109
1946
1833
1732
1622
1552
1557
1618
1662
1641
1561
1491
1502
1584
1712
1884
2113
2453
2937
3547
4095
4095
4095
4095
3710
2630
1460
474
37
95
757
1766
2667
3120
3049
2580
1948
1353
865
505
259
89
38
37
118
516
1269
2317
3452
4095
4095
4095
4095
3528
2348
1237
470
160
311
855
1644
2491
3186
3581
3648
3423
3004
2500
2012
1623
1420
1447
1693
2082
2538
2989
3355
3522
3380
2919
2244
1564
1105
988
1208
1606
1963
2159
2200
2187
2217
2312
2410
2439
2378
2230
1960
1500
808
42
38
38
36
33
54
829
1900
2867
3450
3524
3129
2450
1781
1420
1562
2208
3174
4095
4095
4095
4095
4095
4095
4095
4095
3684
2500
1545
1035
993
1263
1612
1846
1830
1535
1036
471
42
35
36
34
34
49
420
1045
1746
2374
2827
3114
3268
3310
3278
3190
3025
2757
2402
2070
1933
2135
2700
3517
4095
4095
4095
4095
4095
4027
3368
2691
2080
1636
1413
1346
1297
1173
926
561
112
37
37
36
34
35
35
159
411
702
1040
1448
1938
2464
2988
3462
3841
4095
4095
4076
3845
3648
3621
3789
4035
4095
4095
3734
3104
2300
1521
1004
913
1252
1881
2551
3021
3134
2892
2384
1775
1279
1035
1019
1075
1062
963
879
932
1130
1346
1436
1337
1064
701
398
294
419
718
1135
1669
2301
2970
3577
4039
4095
4095
4095
3996
3729
3438
3092
2669
2226
1870
1663
1632
1781
2053
2368
2641
2783
2789
2706
2563
2391
2220
2086
2068
2236
2579
2963
3175
3073
2635
1941
1198
660
462
576
832
1013
1021
890
690
507
452
642
1178
2040
3093
4095
4095
4095
4095
4095
4095
4095
3930
3166
2491
1946
1476
978
362
38
37
36
35
34
118
594
1173
1707
2065
2198
2179
2152
2280
2636
3116
3467
3453
2971
2160
1363
932
1032
1597
2420
3192
3614
3555
3063
2345
1676
1261
1173
1337
1598
1781
1820
1749
1661
1638
1705
1866
2176
2676
3361
4095
4095
4095
4095
4095
3425
2532
1773
1246
1013
1063
1281
1484
1525
1390
1210
1120
1133
1170
1168
1135
1155
1354
1804
2486
3230
3786
3978
3809
3427
3012
2647
2337
2072
1863
1731
1666
1647
1662
1713
1801
1930
2057
2147
2245
2401
2638
2878
2947
2699
2113
1353
661
208
90
264
662
1175
1694
2122
2400
2526
2537
2487
2408
2341
2303
2263
2174
1999
1784
1623
1574
1687
2011
2524
3102
3546
3711
3567
3210
2787
2434
2273
2355
2585
2750
2628
2115
1375
746
493
668
1159
1774
2337
2721
2869
2848
2815
2913
3130
3272
3118
2555
1719
928
487
526
952
1546
2069
2376
2442
2323
2163
2113
2213
2368
2473
2505
2507
2506
2459
2344
2212
2110
2012
1832
1503
1056
621
339
251
334
585
1038
1653
2343
2994
3501
3787
3792
3535
3121
2667
2307
2160
2285
2649
3137
3597
3842
3761
3375
2792
2171
1641
1322
1271
1473
1784
1963
1849
1467
979
576
334
276
423
752
1160
1485
1645
1707
1786
1972
2297
2690
3050
3273
3236
2861
2189
1418
841
672
1018
1765
2628
3284
3526
3347
2882
2366
1989
1807
1814
2001
2312
2663
2994
3245
3377
3393
3303
3123
2881
2623
2361
2117
1932
1803
1677
1521
1326
1115
937
797
719
731
821
957
1141
1374
1631
1883
2097
2240
2361
2578
2942
3434
3935
4095
4095
3937
3466
3022
2728
2601
2535
2437
2277
2085
1956
1938
1979
2030
2074
2112
2148
2177
2200
2173
2027
1759
1470
1304
1368
1668
2072
2397
2512
2377
2089
1754
1417
1115
917
856
921
1043
1140
1173
1116
977
837
860
1200
1905
2818
3665
4095
4095
3635
2762
1845
1228
1101
1451
2059
2612
2898
2878
2626
2280
2030
2035
2358
2916
3471
3778
3744
3415
2875
2188
1448
814
409
280
409
714
1073
1323
1322
1054
657
353
306
493
777
1022
1196
1352
1562
1898
2455
3267
4095
4095
4095
4095
4095
3893
2929
2219
1943
2107
2541
2955
3088
2869
2448
2042
1827
1847
2005
2146
2123
1902
1604
1401
1413
1641
1989
2335
2579
2614
2366
1836
1194
685
530
849
1593
2538
3363
3827
3864
3595
3256
3049
3011
2995
2815
2389
1781
1108
526
209
273
694
1315
1911
2308
2458
2384
2110
1679
1136
637
367
415
723
1137
1471
1611
1587
1529
1578
1809
2161
2546
2923
3266
3573
3869
4095
4095
4095
4095
4095
3868
3283
2583
1857
1165
573
140
35
56
318
785
1335
1875
2362
2688
2730
2465
2016
1592
1376
1431
1686
1956
2055
1869
1454
993
697
706
1030
1622
2407
3288
4095
4095
4095
4095
4095
3514
2805
2252
1967
1973
2151
2300
2264
1978
1488
871
238
36
35
34
199
964
1971
2864
3381
3416
3047
2491
1974
1665
1646
1953
2549
3308
4000
4095
4095
3425
2515
1762
1421
1504
1827
2140
2270
2167
1897
1590
1367
1346
1564
1930
2282
2482
2468
2284
2004
1663
1289
892
466
54
36
35
33
371
1298
2403
3366
4010
4095
4095
3907
3481
3080
2836
2822
2995
3238
3414
3422
3226
2854
2385
1893
1440
1065
840
812
972
1243
1466
1506
1328
996
620
320
248
579
1403
2611
3882
4095
4095
4095
4095
3784
3194
2808
2614
2549
2515
2391
2099
1625
1034
505
243
395
994
1902
2862
3618
4000
4036
3860
3589
3260
2892
2502
2098
1713
1379
1119
963
900
915
998
1115
1233
1365
1550
1832
2193
2543
2761
2751
2539
2228
1954
1808
1827
2000
2256
2485
2542
2284
1657
773
40
37
36
35
34
35
35
34
105
554
1343
2373
3504
4095
4095
4095
4095
4095
4095
3615
3048
2757
2656
2605
2507
2320
2039
1755
1624
1778
2269
2998
3711
4095
4095
3783
3142
2338
1464
593
39
37
35
32
315
1068
1848
2403
2574
2333
1769
1073
516
342
661
1455
2527
3570
4095
4095
4095
4095
4095
4095
4074
4073
4060
3898
3444
2663
1656
612
39
36
35
34
94
426
857
1286
1633
1838
1893
1850
1748
1652
1638
1750
2027
2454
2960
3422
3672
3645
3411
3130
2910
2768
2638
2470
2258
2036
1831
1617
1356
1035
693
381
209
282
662
1311
2067
2711
3045
2984
2574
1969
1398
1113
1318
2053
3175
4095
4095
4095
4095
4095
3942
3047
2166
1323
532
39
36
35
32
430
1494
2863
4095
4095
4095
4095
4095
3001
1737
580
39
36
34
33
407
1053
1713
2321
2874
3389
3789
3921
3697
3164
2491
1932
1696
1819
2182
2580
2830
2882
2761
2521
2222
1909
1657
1492
1387
1289
1116
850
551
302
190
225
391
657
984
1370
1796
2221
2596
2871
3019
3073
3042
2924
2718
2466
2285
2255
2389
2647
2924
3087
3065
2845
2440
1939
1456
1060
830
796
887
1001
1102
1244
1493
1896
2472
3184
3952
4095
4095
4095
4095
4095
3865
3149
2592
2149
1716
1220
664
137
36
35
34
88
518
1071
1495
1641
1502
1167
852
811
1174
1902
2853
3825
4095
4095
4095
4095
4095
4095
3958
3737
3599
3503
3405
3272
3080
2803
2426
1922
1262
451
40
40
39
38
36
34
34
156
521
811
940
927
892
981
1273
1805
2548
3387
4095
4095
4095
4095
4095
4095
4095
4095
4095
4095
4095
4095
3757
3434
3144
2912
2712
2454
2098
1708
1399
1245
1231
1321
1466
1567
1494
1181
655
53
36
34
33
178
822
1656
2459
3075
3467
3630
3543
3224
2752
2283
1972
1890
2037
2336
2678
2955
3031
2869
2589
2324
2164
2127
2148
2136
2058
1917
1759
1691
1805
2081
2348
2401
2147
1650
1067
606
463
685
1157
1675
2076
2329
2494
2648
2859
3159
3547
3936
4095
4095
3680
2953
2193
1682
1593
1921
2476
2977
3216
3116
2691
2008
1200
414
37
35
35
34
35
39
181
610
1272
2013
2630
3001
3170
3295
3539
3936
4095
4095
4095
3913
3216
2505
1917
1518
1326
1343
1572
1983
2461
2855
3021
2872
2444
1890
1424
1163
1079
1068
1028
899
686
490
476
741
1243
1855
2423
2810
2964
2932
2828
2767
2800
2889
2926
2807
2505
2114
1792
1637
1711
2039
2609
3335
4020
4095
4095
3601
2688
1901
1570
1828
2572
3500
4095
4095
3831
2836
1703
762
230
106
194
262
129
36
36
34
33
224
896
1834
2811
3548
3835
3645
3151
2610
2183
1906
1794
1896
2229
2699
3174
3558
3781
3777
3495
2948
2248
1532
903
444
234
356
841
1556
2225
2589
2515
2038
1337
650
244
328
964
1979
3002
3659
3742
3312
2621
1949
1548
1530
1802
2156
2439
2654
2897
3221
3540
3726
3687
3399
2946
2488
2149
2010
2076
2253
2406
2385
2156
1820
1502
1245
1007
733
451
253
178
226
411
751
1244
1851
2499
3145
3707
4060
4095
3856
3342
2695
2065
1583
1317
1285
1461
1759
2034
2187
2226
2258
2375
2590
2844
3063
3238
3391
3542
3651
3602
3314
2769
2066
1401
979
930
1274
1895
2589
3074
3157
2826
2229
1606
1164
940
808
590
143
38
39
38
37
35
32
512
1682
2905
3793
4095
3976
3571
3220
3127
3370
3844
4095
4095
4095
4095
3948
3298
2697
2253
1996
1887
1842
1764
1565
1215
801
460
282
319
553
876
1164
1320
1378
1520
1943
2720
3707
4095
4095
4095
4095
4095
3608
2835
2079
1373
744
218
36
36
35
34
46
340
909
1625
2382
3085
3674
4095
4095
4095
4095
4095
4095
4095
4095
3976
3636
3271
2948
2720
2559
2352
1992
1438
778
242
60
254
739
1221
1419
1213
672
71
35
51
627
1565
2506
3139
3351
3179
2717
2152
1648
1293
1142
1234
1509
1836
2092
2175
2042
1745
1420
1224
1273
1593
2109
2686
3197
3543
3675
3603
3383
3099
2787
2501
2312
2246
2268
2298
2233
1981
1532
1003
607
512
743
1226
1854
2530
3199
3805
4095
4095
4095
4095
4031
3499
2760
1878
934
66
38
36
35
33
124
527
969
1368
1755
2188
2674
3155
3567
3873
4036
3985
3656
3053
2332
1764
1548
1731
2192
2672
2967
3026
2885
2654
2467
2365
2302
2254
2231
2225
2221
2179
2058
1868
1607
1259
800
260
36
34
125
666
1340
1940
2397
2709
2884
2948
2951
2961
3025
3084
3042
2887
2686
2550
2597
2877
3317
3709
3819
3541
2979
2334
1790
1435
1270
1264
1337
1439
1584
1811
2123
2408
2511
2364
2077
1857
1890
2228
2726
3104
3101
2579
1599
418
38
36
32
388
1541
2899
4000
4095
4095
3985
3252
2456
1692
1030
589
453
590
908
1354
1922
2576
3209
3675
3874
3852
3746
3674
3639
3514
3159
2508
1607
614
38
35
37
649
1627
2525
2985
2833
2140
1168
257
36
33
301
973
1819
2729
3625
4095
4095
4095
4095
4095
3825
3059
2213
1434
866
609
719
1136
1724
2339
2848
3160
3223
2978
2451
1775
1163
830
834
1033
1237
1311
1188
882
498
179
82
266
689
1207
1678
1985
2110
2148
2225
2466
2953
3662
4095
4095
4095
4095
4095
4095
3893
3565
3133
2582
2006
1504
1100
787
541
362
274
279
344
386
336
224
193
368
757
1294
1897
2471
2915
3186
3315
3365
3409
3480
3545
3592
3651
3765
3953
4095
4095
4095
3833
3114
2174
1256
615
387
530
848
1085
1061
717
171
37
34
34
192
702
1389
2176
2924
3475
3733
3664
3282
2636
1816
972
345
136
413
1098
1979
2860
3593
4044
4095
3870
3412
2934
2584
2409
2409
2526
2623
2572
2365
2143
2051
2102
2178
2123
1904
1628
1469
1559
1900
2345
2684
2726
2396
1825
1269
986
1149
1763
2694
3709
4095
4095
4095
3948
3104
2314
1697
1289
1144
1287
1641
2048
2379
2533
2453
2181
1848
1614
1579
1733
1949
2080
2080
1960
1768
1531
1265
990
685
309
37
37
36
35
32
494
1468
2601
3622
4095
4095
4095
3959
3518
3210
3044
2929
2722
2358
1915
1558
1461
1711
2205
2667
2824
2578
2094
1673
1564
1811
2283
2807
3238
3481
3470
3157
2563
1800
1015
322
36
35
36
34
37
362
1024
1836
2628
3265
3645
3718
3499
3065
2620
2432
2697
3419
4095
4095
4095
4095
4095
3312
2751
2535
2574
2710
2728
2439
1819
1042
385
101
245
679
1090
1201
927
443
81
72
418
1040
1698
2188
2351
2132
1586
940
513
527
980
1658
2262
2634
2830
2960
3074
3151
3124
2945
2646
2341
2189
2301
2675
3233
3801
4095
4095
4095
4043
3421
2591
1664
826
253
71
288
878
1634
2261
2530
2423
2128
1868
1785
1884
2082
2259
2279
2046
1567
1007
656
753
1309
2109
2869
3350
3419
3140
2742
2492
2536
2829
3175
3376
3382
3264
3126
2976
2734
2345
1823
1238
669
145
36
35
35
33
107
450
827
1138
1393
1702
2136
2700
3358
4010
4095
4095
4095
3807
2802
1659
689
161
150
507
985
1414
1794
2172
2551
2871
3069
3127
3026
2795
2489
2169
1951
1980
2331
2961
3715
4095
4095
4095
3952
3222
2526
1999
1653
1420
1206
951
649
332
53
36
35
34
33
230
895
1870
2990
4011
4095
4095
4095
3484
2412
1476
983
1092
1717
2539
3152
3277
2909
2322
1876
1825
2198
2829
3489
3972
4095
3973
3454
2744
1990
1319
804
398
82
35
35
34
32
36
37
36
36
35
34
209
907
1865
2879
3749
4095
4095
4095
4095
3931
3977
4095
4095
4095
4095
4095
4095
4095
4095
4095
4095
4095
3977
3362
2368
1024
43
42
43
41
35
33
32
594
1358
2003
2506
2906
3230
3442
3535
3570
3593
3639
3745
3905
4071
4095
4095
4093
3881
3606
3328
3100
2948
2806
2563
2123
1471
694
39
38
37
36
35
34
32
355
1093
2026
2948
3605
3823
3616
3137
2556
1993
1506
1162
1026
1083
1260
1516
1880
2365
2895
3355
3635
3658
3430
3047
2696
2572
2794
3313
3907
4095
4095
4095
3702
3009
2179
1316
555
57
34
108
436
820
1100
1156
973
676
439
407
676
1248
2042
2947
3777
4095
4095
4095
3729
3063
2408
1915
1660
1617
1690
1771
1845
1976
2180
2393
2516
2531
2544
2655
2894
3252
3631
3940
4095
4095
3982
3581
2967
2207
1454
894
632
615
688
729
690
578
473
515
811
1360
2037
2632
2931
2889
2609
2284
2080
2073
2261
2539
2802
3007
3162
3275
3288
3077
2592
1898
1180
657
457
583
964
1437
1785
1887
1737
1410
1063
830
736
795
1045
1520
2200
2979
3663
4062
4075
3716
3101
2360
1607
930
422
215
422
1012
1769
2403
2714
2731
2638
2599
2630
2644
2596
2558
2656
2923
3262
3504
3487
3196
2773
2377
2134
2120
2345
2752
3191
3471
3430
3033
2422
1780
1214
742
372
186
298
784
1579
2494
3310
3867
4090
3957
3504
2867
2196
1576
999
411
37
35
34
33
184
630
1159
1604
1813
1722
1449
1251
1364
1898
2746
3650
4095
4095
4095
4095
3605
3016
2597
2381
2338
2415
2503
2472
2260
1905
1494
1155
975
984
1222
1653
2171
2684
3138
3521
3807
3946
3896
3613
3067
2334
1544
847
360
111
101
327
737
1169
1442
1492
1442
1513
1866
2454
3023
3300
3191
2838
2497
2338
2361
2481
2626
2734
2780
2766
2678
2494
2179
1707
1102
451
37
34
247
1053
2109
3079
3722
3966
3886
3662
3410
3140
2813
2429
2070
1813
1645
1546
1546
1711
2070
2534
2883
2951
2705
2252
1808
1582
1679
2027
2381
2471
2183
1611
994
561
382
459
784
1282
1805
2227
2518
2743
2941
3034
2922
2622
2280
2037
1908
1840
1827
1918
2126
2393
2600
2599
2314
1748
1056
486
298
642
1406
2264
2858
2986
2697
2202
1740
1486
1543
1952
2666
3543
4095
4095
4095
3994
3023
2060
1315
848
631
602
685
858
1147
1538
1994
2447
2811
3016
2984
2679
2192
1690
1312
1132
1181
1498
2094
2893
3682
4095
4095
3543
2514
1393
569
285
570
1257
2076
2820
3397
3795
3999
3983
3738
3258
2537
1603
578
39
37
36
35
34
39
372
921
1514
2023
2420
2720
2906
3001
3049
3116
3247
3406
3556
3720
3921
4095
4095
4095
4095
3859
3239
2543
1917
1424
1029
672
357
146
124
326
730
1297
1969
2634
3164
3468
3481
3167
2547
1702
818
128
36
34
54
256
579
1019
1633
2457
3460
4095
4095
4095
4095
3685
2648
1951
1831
2294
3081
3771
3966
3450
2303
888
40
36
34
57
587
1223
1759
2123
2302
2321
2214
2060
1996
2093
2286
2492
2678
2855
3076
3373
3676
3863
3821
3444
2713
1768
899
418
503
1071
1816
2413
2678
2638
2475
2387
2473
2654
2712
2480
1921
1112
263
37
34
34
134
498
957
1487
2058
2545
2852
2971
2994
3034
3155
3362
3578
3692
3654
3455
3145
2837
2582
2335
2031
1682
1349
1096
951
861
772
646
538
568
810
1229
1741
2257
2723
3118
3379
3411
3154
2677
2216
2029
2238
2769
3412
3906
4045
3715
2943
1928
967
360
264
650
1332
2022
2518
2789
2959
3184
3492
3738
3764
3531
3083
2488
1866
1395
1207
1359
1745
2114
2266
2144
1765
1210
588
65
35
34
142
616
1296
2006
2598
2958
3037
2924
2769
2668
2651
2696
2769
2848
2871
2786
2618
2444
2321
2245
2138
1937
1692
1515
1482
1591
1761
1931
2074
2161
2226
2367
2677
3149
3660
4019
4090
3885
3472
2886
2161
1398
741
280
63
63
233
599
1086
1544
1836
1949
2015
2149
2394
2710
2989
3156
3176
3045
2815
2582
2483
2598
2896
3233
3407
3257
2775
2064
1270
595
239
318
832
1647
2501
3080
3183
2774
1957
997
177
36
34
103
670
1516
2378
2960
3117
2929
2591
2312
2254
2463
2907
3479
3974
4095
3988
3479
2778
2045
1350
762
342
106
79
265
664
1142
1516
1673
1652
1628
1800
2257
2953
3737
4095
4095
4095
3951
3184
2498
2039
1772
1582
1368
1105
871
714
636
656
757
859
877
773
580
389
348
628
1339
2426
3677
4095
4095
4095
4095
4095
4095
3493
2728
2291
2265
2564
2930
3099
2910
2389
1719
1114
716
572
680
987
1385
1715
1830
1653
1275
933
814
941
1198
1461
1700
1930
2127
2272
2351
2362
2316
2267
2260
2314
2409
2484
2525
2610
2793
3042
3251
3325
3266
3128
2970
2800
2551
2166
1630
997
388
42
47
371
958
1535
1881
1906
1663
1281
920
745
915
1528
2548
3801
4095
4095
4095
4095
4095
4095
4071
3391
2950
2729
2567
2320
1955
1521
1116
846
716
618
440
149
36
35
34
48
334
759
1166
1471
1647
1685
1614
1548
1637
1932
2322
2607
2615
2295
1751
1219
1012
1348
2250
3527
4095
4095
4095
4095
4095
4095
3320
2172
1056
116
37
35
33
297
800
1221
1425
1407
1269
1149
1118
1158
1214
1279
1440
1806
2378
3010
3492
3668
3479
3019
2490
2102
1992
2182
2606
3165
3753
4095
4095
4095
3826
2963
1935
949
172
36
33
225
761
1328
1747
1960
2023
2076
2189
2316
2348
2171
1759
1201
650
263
149
398
1083
2169
3460
4095
4095
4095
4095
4095
4095
4095
3970
3360
2761
2247
1812
1428
1098
849
732
781
935
1113
1247
1264
1105
751
247
37
36
36
33
97
758
1778
2887
3798
4095
4095
4085
3763
3585
3587
3662
3686
3581
3311
2890
2359
1847
1570
1719
2339
3292
4095
4095
4095
4095
3940
2711
1426
288
38
36
37
36
36
35
34
34
206
662
1357
2219
3061
3673
3935
3863
3624
3426
3435
3719
4095
4095
4095
4095
3567
2313
947
41
38
36
34
33
449
1026
1433
1616
1698
1828
2059
2343
2606
2796
2897
2969
3123
3404
3795
4095
4095
4095
4095
4095
3955
2974
1882
906
197
36
34
96
536
1228
2039
2782
3313
3600
3684
3652
3612
3623
3679
3673
3463
2948
2099
986
41
38
36
33
129
894
1705
2223
2341
2117
1735
1453
1471
1888
2636
3460
4071
4095
4095
3814
3318
2828
2457
2265
2191
2091
1837
1402
910
512
307
285
320
252
42
37
36
35
33
334
1017
1768
2426
2910
3186
3317
3403
3548
3849
4095
4095
4095
4095
4095
4095
3580
2909
2342
1956
1780
1752
1785
1826
1874
1914
1919
1911
1982
2240
2741
3425
4095
4095
4095
4095
4095
3397
2426
1623
1093
841
763
688
499
200
36
35
35
159
420
674
861
989
1101
1267
1536
1899
2269
2578
2812
2957
2962
2748
2276
1666
1198
1137
1587
2404
3258
3795
3780
3183
2246
1373
893
911
1320
1865
2277
2385
2199
1905
1725
1763
1959
2144
2158
1989
1753
1604
1645
1902
2351
2896
3368
3648
3735
3733
3742
3781
3778
3604
3229
2742
2256
1832
1473
1119
717
262
37
36
35
34
78
597
1428
2449
3531
4095
4095
4095
4095
4095
3825
3256
2819
2605
2660
2964
3363
3631
3573
3068
2128
906
40
38
35
33
221
875
1559
2154
2649
3029
3229
3174
2863
2372
1802
1242
775
481
481
846
1517
2299
2979
3442
3686
3798
3884
3977
4008
3886
3600
3220
2873
2641
2487
2304
1993
1483
819
124
37
36
35
34
33
64
396
886
1449
2003
2474
2847
3101
3173
3020
2680
2324
2147
2221
2450
2688
2822
2826
2737
2578
2409
2276
2187
2148
2201
2336
2537
2818
3176
3599
4040
4095
4095
4095
3593
2837
1994
1134
360
36
34
80
648
1534
2513
3370
3945
4095
4033
3576
2809
1856
950
357
214
461
884
1199
1221
966
636
457
582
1004
1537
1927
2000
1789
1533
1490
1799
2409
3087
3554
3604
3202
2522
1848
1418
1348
1661
2319
3218
4095
4095
4095
4095
4095
3951
3010
2207
1659
1335
1159
1053
924
723
500
350
343
494
738
998
1278
1642
2104
2581
2987
3295
3504
3607
3577
3420
3232
3093
3046
3109
3258
3408
3445
3245
2711
1870
920
165
35
134
687
1446
2196
2777
3105
3188
3048
2727
2306
1840
1382
970
570
184
36
35
38
237
630
1007
1212
1230
1144
1104
1271
1697
2331
3077
3750
4095
4076
3626
2987
2382
1948
1756
1847
2215
2760
3313
3711
3819
3579
3067
2450
1930
1685
1787
2114
2414
2501
2351
2031
1610
1142
685
358
303
546
1006
1551
2025
2343
2496
2516
2456
2364
2274
2240
2306
2504
2858
3330
3780
3991
3798
3169
2277
1401
749
400
319
408
604
874
1175
1466
1754
2076
2470
2957
3474
3936
4095
4095
4095
4095
3485
2693
1949
1411
1149
1150
1360
1743
2224
2647
2834
2655
2095
1288
523
118
220
764
1556
2360
3014
3440
3598
3530
3325
3057
2765
2427
2062
1793
1756
1985
2397
2865
3288
3599
3714
3484
2803
1713
455
38
35
32
439
1401
2362
2982
3045
2519
1527
360
38
35
32
631
1764
2846
3476
3485
2969
2206
1539
1263
1492
2108
2806
3244
3267
2974
2632
2442
2420
2474
2540
2616
2736
2889
2984
2891
2537
1977
1404
1015
905
1032
1246
1449
1632
1803
1957
2097
2229
2382
2537
2627
2567
2269
1733
1080
479
77
40
265
829
1554
2285
2896
3341
3673
3960
4095
4095
4095
3631
2854
1962
1209
856
1003
1577
2399
3205
3717
3749
3297
2514
1635
931
624
815
1425
2231
2992
3491
3573
3185
2402
1402
415
37
35
33
218
972
1931
2824
3445
3725
3719
3585
3436
3273
3025
2623
2106
1661
1510
1745
2286
2924
3409
3569
3323
2742
1997
1303
834
626
611
712
893
1156
1527
2000
2520
2980
3250
3231
2866
2203
1417
746
393
483
988
1730
2438
2841
2802
2365
1705
1087
738
780
1240
1977
2714
3176
3237
2992
2704
2607
2752
3001
3141
3011
2598
2062
1659
1568
1777
2139
2457
2600
2548
2352
2066
1725
1405
1232
1270
1505
1839
2146
2341
2409
2430
2501
2648
2824
2930
2895
2759
2634
2626
2770
3000
3145
2996
2470
1685
901
416
387
726
1157
1412
1336
894
204
38
36
33
68
740
1705
2650
3366
3715
3706
3455
3127
2859
2705
2655
2673
2772
2965
3203
3353
3329
3170
2998
2878
2734
2422
1833
1008
159
36
35
34
468
1299
2242
3089
3689
3980
3977
3761
3460
3250
3264
3522
3930
4095
4095
4095
4053
3505
2967
2587
2403
2340
2252
2002
1543
900
120
38
38
36
35
34
41
349
752
1092
1258
1208
971
666
462
530
1002
1854
2888
3866
4095
4095
4095
4095
3750
3217
2810
2595
2599
2773
3029
3311
3567
3788
4004
4095
4095
4095
3855
3143
2229
1331
700
503
741
1252
1762
1986
1774
1156
357
37
34
51
557
1266
1915
2409
2731
2916
2998
2941
2713
2311
1789
1299
1017
1071
1497
2224
3125
4011
4095
4095
4095
4095
3364
2545
1911
1584
1545
1633
1672
1556
1297
999
789
787
1065
1595
2247
2786
2959
2660
1973
1061
132
38
36
35
32
336
1353
2642
3860
4095
4095
4095
3654
2689
2016
1837
2123
2681
3247
3596
3567
3113
2330
1460
775
422
449
804
1338
1907
2434
2900
3289
3570
3690
3602
3309
2875
2396
1953
1641
1514
1590
1862
2234
2505
2478
2044
1236
231
39
36
33
64
909
2080
3202
4041
4095
4095
4095
4095
3927
3715
3475
3143
2719
2318
2097
2170
2544
3105
3657
3939
3697
2833
1443
45
41
39
36
34
33
246
958
1641
2112
2352
2462
2583
2853
3314
3892
4095
4095
4095
4095
4095
3703
3016
2421
2004
1736
1543
1417
1433
1691
2219
2881
3460
3778
3727
3263
2442
1450
590
115
99
445
1028
1646
2101
2252
2094
1766
1440
1202
1070
1021
1009
1010
1058
1229
1625
2314
3245
4095
4095
4095
4095
3562
2355
1401
1019
1258
1888
2583
3088
3301
3217
2840
2248
1598
1050
708
632
820
1225
1703
2031
2051
1785
1420
1145
1055
1121
1260
1384
1399
1290
1113
986
1036
1285
1632
1942
2121
2122
2002
1859
1760
1737
1783
1904
2115
2389
2678
2957
3273
3694
4095
4095
4095
4095
4095
4095
4075
3571
3001
2328
1611
1030
763
913
1452
2226
3005
3553
3659
3275
2469
1389
244
39
37
35
33
62
389
815
1279
1770
2237
2567
2653
2459
2034
1517
1142
1164
1724
2732
3906
4095
4095
4095
4095
4026
3004
2002
1220
824
840
1146
1555
1864
1931
1782
1551
1338
1186
1083
1042
1161
1550
2200
2971
3676
4095
4095
4095
4095
4095
4095
3905
3545
3127
2730
2423
2159
1798
1199
308
40
40
39
36
35
32
396
1531
2862
4012
4095
4095
4095
4095
3939
3409
2796
2138
1542
1176
1171
1540
2124
2606
2673
2175
1248
290
35
33
362
1033
1660
1991
1926
1518
951
516
457
885
1785
3005
4095
4095
4095
4095
4095
4095
4095
3959
3164
2252
1326
522
38
35
34
149
658
1365
2092
2656
2903
2809
2514
2232
2104
2109
2103
1935
1566
1077
617
368
461
880
1508
2196
2823
3341
3801
4095
4095
4095
4095
4095
4095
4095
4095
3561
2486
1438
466
38
37
37
36
35
34
37
250
659
1190
1784
2304
2582
2591
2482
2487
2765
3328
4057
4095
4095
4095
4095
3501
2415
1582
1169
1147
1384
1719
2017
2153
2045
1756
1418
1132
924
743
497
187
36
36
36
36
35
35
32
413
1292
2386
3425
4095
4095
4095
4095
4095
4067
3632
3174
2775
2514
2452
2626
3028
3556
4017
4095
3919
3295
2436
1519
763
388
528
1116
1872
2497
2857
3005
3092
3219
3352
3344
3080
2537
1796
1032
380
37
35
43
430
1136
1877
2421
2698
2798
2839
2827
2728
2552
2372
2280
2320
2458
2614
2677
2600
2397
2138
1915
1788
1764
1806
1879
1939
1929
1780
1506
1246
1175
1389
1864
2437
2867
2997
2794
2338
1834
1547
1633
2043
2565
2980
3185
3159
2909
2487
2027
1701
1638
1830
2155
2497
2751
2858
2821
2646
2334
1881
1279
570
39
34
33
502
1342
2184
2813
3191
3397
3499
3518
3455
3263
2935
2532
2176
2027
2152
2440
2717
2836
2742
2518
2283
2092
1967
1947
2053
2215
2273
2104
1731
1288
938
767
728
713
634
519
519
796
1420
2327
3342
4095
4095
4095
4095
4095
3440
2257
1143
245
37
35
33
46
428
1062
1768
2391
2796
2929
2879
2779
2730
2789
2972
3221
3403
3409
3188
2795
2363
1977
1716
1659
1872
2358
3022
3636
3953
3815
3178
2141
945
40
36
36
33
128
864
1966
3225
4095
4095
4095
4095
4095
3112
2028
1114
492
256
410
873
1521
2169
2616
2763
2602
2227
1789
1379
1011
668
344
84
41
243
906
1915
3002
3890
4095
4095
4095
4095
3852
3542
3218
2872
2538
2325
2320
2547
2947
3401
3757
3831
3455
2611
1450
233
38
36
34
34
303
648
830
797
643
513
508
695
1103
1739
2548
3404
4095
4095
4095
4095
3458
2629
1848
1322
1179
1408
1880
2445
2930
3181
3118
2769
2245
1736
1434
1448
1809
2404
3033
3524
3799
3842
3685
3378
2972
2582
2328
2236
2229
2177
1983
1701
1458
1337
1345
1460
1594
1656
1582
1308
822
195
37
36
36
34
40
555
1363
2195
2913
3514
4055
4095
4095
4095
4095
3713
2988
2558
2609
3088
3744
4095
4095
4095
3519
2758
2079
1639
1462
1398
1217
744
63
36
34
33
442
1170
1774
2045
1959
1662
1408
1391
1686
2278
3050
3853
4095
4095
4095
4095
3336
2545
2073
2027
2338
2803
3130
3036
2378
1284
140
36
34
64
552
1004
1109
827
356
40
70
589
1503
2475
3198
3549
3569
3406
3212
3047
2930
2829
2640
2297
1836
1360
1005
911
1128
1611
2238
2840
3267
3462
3501
3478
3464
3501
3576
3660
3699
3628
3382
2953
2462
2071
1872
1805
1742
1559
1159
542
39
38
37
36
33
248
1300
2600
3742
4095
4095
4095
4095
4095
4095
3482
2822
2312
2014
1890
1792
1594
1297
1011
888
991
1284
1689
2085
2341
2372
2169
1843
1582
1556
1770
2057
2219
2135
1786
1317
907
704
769
1022
1305
1462
1439
1323
1254
1305
1478
1762
2146
2616
3137
3593
3923
4095
4095
4095
4095
3957
3674
3437
3325
3310
3299
3179
2840
2284
1675
1240
1101
1206
1430
1664
1840
1887
1712
1264
660
183
80
379
993
1726
2433
2978
3263
3262
3027
2678
2382
2211
2120
2068
2049
2037
1979
1873
1800
1870
2112
2427
2662
2716
2619
2434
2224
2038
1878
1745
1662
1609
1584
1637
1799
2009
2105
1963
1593
1113
638
235
40
70
456
1233
2244
3236
3988
4095
4095
4095
4019
3675
3347
3040
2739
2474
2269
2127
2043
1999
1932
1741
1333
692
41
37
35
33
222
949
1825
2626
3240
3609
3743
3738
3708
3744
3830
3871
3740
3320
2590
1707
957
622
801
1328
1885
2209
2234
2044
1813
1743
1957
2409
2899
3219
3285
3163
3026
3020
3175
3391
3513
3384
2886
2066
1135
315
36
35
34
64
493
1217
2087
2901
3474
3701
3559
3122
2490
1843
1418
1387
1789
2505
3263
3739
3748
3326
2636
1862
1181
695
467
555
917
1428
1972
2451
2825
3105
3261
3237
2981
2521
1954
1424
1053
898
996
1316
1734
2112
2330
2337
2196
1978
1716
1464
1327
1357
1521
1775
2090
2412
2641
2662
2440
2064
1709
1546
1640
1961
2426
2961
3447
3753
3803
3602
3224
2779
2396
2146
2056
2133
2269
2307
2163
1890
1601
1351
1146
960
762
597
568
777
1234
1816
2357
2707
2767
2555
2164
1715
1377
1302
1580
2211
3050
3832
4095
4095
3772
3112
2518
2219
2259
2507
2739
2747
2444
1879
1246
772
557
579
729
891
998
1045
1121
1392
1997
2951
4051
4095
4095
4095
4095
3781
3115
2583
2229
2073
2068
2121
2128
2025
1876
1789
1836
1965
2008
1787
1242
519
38
36
35
34
34
317
916
1607
2242
2762
3128
3275
3201
2999
2829
2832
2994
3134
3031
2631
2049
1489
1116
985
1014
1058
995
798
591
603
1003
1757
2671
3527
4095
4095
4095
3773
2948
2167
1721
1750
2219
2928
3625
4092
4095
3701
2812
1723
763
228
248
717
1328
1775
1885
1683
1392
1206
1178
1294
1535
1875
2253
2562
2689
2541
2130
1607
1192
1078
1317
1778
2276
2635
2728
2574
2322
2172
2234
2475
2775
3033
3234
3407
3541
3586
3518
3326
3034
2693
2344
2009
1655
1296
1006
899
1074
1534
2130
2618
2773
2501
1910
1243
771
627
803
1220
1765
2293
2645
2723
2555
2230
1836
1426
1017
662
470
564
973
1601
2256
2701
2800
2608
2325
2126
2058
2041
2013
2028
2205
2574
3006
3301
3348
3164
2871
2615
2450
2335
2230
2096
1940
1851
1864
1922
1905
1705
1302
788
296
37
35
112
684
1691
2930
4095
4095
4095
4095
4095
4095
4095
4095
3679
3275
2874
2431
1910
1304
702
210
36
35
35
181
645
1299
1998
2581
2920
2921
2583
1999
1353
862
669
767
1043
1355
1638
1889
2111
2340
2613
2941
3343
3779
4095
4095
4095
4095
4095
3925
3506
3118
2842
2720
2684
2575
2257
1674
841
40
39
39
37
35
33
109
832
1737
2558
3120
3305
3114
2633
2057
1607
1461
1672
2124
2647
3098
3389
3512
3448
3172
2696
2109
1606
1411
1607
2109
2776
3484
4095
4095
4095
4095
4095
4095
4027
3507
2921
2215
1353
370
38
37
35
34
33
107
395
668
883
1045
1141
1182
1229
1405
1837
2566
3484
4095
4095
4095
4095
4095
4095
4013
3635
3239
2848
2457
2010
1487
922
405
99
75
272
657
1087
1406
1546
1551
1490
1395
1312
1322
1503
1848
2212
2434
2429
2238
1978
1733
1587
1651
2008
2658
3415
3972
4078
3676
2935
2170
1640
1478
1703
2186
2691
3013
3088
2976
2767
2525
2311
2125
1908
1562
1038
394
37
35
33
294
1055
2068
3140
4020
4095
4095
3577
2663
1797
1211
1006
1182
1683
2380
3060
3490
3559
3296
2846
2432
2179
2061
1965
1801
1546
1227
911
695
655
794
1073
1452
1867
2218
2420
2482
2483
2542
2770
3150
3578
3921
4071
3987
3701
3319
2971
2795
2867
3159
3542
3848
3938
3695
3094
2202
1181
228
37
35
34
34
260
667
1042
1304
1486
1674
1945
2316
2712
3041
3189
3078
2687
2031
1244
581
286
484
1113
1930
2632
3037
3112
2887
2411
1743
1013
447
272
599
1377
2414
3449
4095
4095
4095
3791
2820
1716
646
39
37
35
32
244
816
1357
1716
1895
1992
2130
2334
2549
2699
2793
2935
3226
3669
4095
4095
4095
3948
3475
3142
3096
3354
3771
4091
4095
3829
3281
2641
2086
1654
1298
1001
810
747
770
788
716
577
468
452
528
641
747
857
1026
1329
1864
2664
3620
4095
4095
4095
4095
4095
3335
2426
1769
1499
1659
2179
2880
3559
4029
4095
3799
3114
2220
1248
294
39
38
37
35
33
237
1246
2437
3399
3868
3753
3110
2166
1215
526
253
348
636
962
1236
1414
1498
1550
1691
1993
2411
2840
3164
3272
3139
2861
2630
2595
2766
3030
3240
3295
3144
2803
2396
2106
2071
2328
2830
3436
3943
4095
3880
3237
2372
1510
839
469
397
579
964
1505
2136
2716
3059
3068
2797
2401
2013
1665
1318
928
501
169
104
377
917
1557
2103
2392
2414
2282
2107
1947
1818
1743
1744
1804
1882
1964
2063
2227
2522
2962
3468
3908
4095
4095
4095
4095
4095
4095
4095
3847
3312
2551
1677
774
40
38
37
36
35
33
42
506
1296
2205
3039
3638
3872
3653
2999
2092
1255
782
861
1492
2501
3612
4095
4095
4095
3900
2738
1463
342
37
34
57
587
1327
2065
2685
3125
3328
3231
2870
2370
1900
1660
1765
2178
2738
3218
3391
3149
2579
1932
1438
1182
1152
1255
1366
1442
1548
1791
2262
2923
3602
4095
4095
4095
3746
3166
2499
1850
1277
798
434
211
156
280
554
922
1330
1788
2321
2854
3224
3254
2865
2160
1375
723
337
261
519
1120
1987
2916
3649
4027
4093
4031
4036
4095
4095
4095
4095
3883
3334
2696
2018
1375
875
581
466
473
563
689
782
764
632
512
583
949
1577
2285
2875
3252
3410
3364
3109
2682
2201
1793
1509
1353
1299
1327
1475
1779
2211
2651
2947
2965
2621
1963
1200
626
485
827
1472
2161
2656
2790
2516
1921
1253
843
943
1573
2562
3655
4095
4095
4095
4095
4095
4083
2957
1660
484
37
34
36
262
521
564
336
37
36
35
33
524
1580
2899
4095
4095
4095
4095
4095
4095
4095
4095
4095
3893
3220
2235
1003
41
38
36
35
40
532
1140
1614
1857
1885
1783
1653
1579
1550
1514
1483
1568
1892
2515
3370
4095
4095
4095
4095
3236
2198
1453
1147
1187
1390
1575
1651
1663
1674
1719
1828
2003
2249
2514
2716
2796
2713
2453
2068
1659
1358
1294
1473
1798
2115
2258
2189
2025
1946
2078
2431
2878
3228
3335
3161
2823
2503
2295
2136
1890
1453
883
389
162
268
688
1344
2144
2984
3732
4095
4095
3694
2855
2010
1484
1449
1845
2406
2842
2997
2830
2370
1719
1017
408
69
62
306
799
1440
2082
2529
2628
2382
1990
1734
1754
2004
2346
2639
2765
2701
2475
2129
1766
1485
1281
1110
934
775
743
939
1383
2050
2856
3635
4095
4095
3832
3024
2053
1233
814
929
1542
2454
3384
4085
4095
4095
3856
3216
2565
2088
1865
1835
1890
1919
1912
1964
2125
2336
2501
2560
2507
2372
2132
1757
1246
662
166
36
65
351
844
1491
2268
3090
3815
4095
4095
3859
3034
2083
1363
1115
1367
1973
2672
3205
3421
3289
2894
2461
2204
2200
2367
2514
2451
2103
1539
893
284
37
36
36
36
35
34
136
718
1508
2316
3042
3639
4095
4095
4095
4095
4095
4095
4095
4023
3482
2751
1923
1189
758
725
1027
1513
1989
2285
2348
2231
2054
1899
1797
1712
1590
1409
1157
857
596
530
761
1244
1777
2096
2019
1543
831
173
35
166
951
2204
3608
4095
4095
4095
4095
4095
3287
2074
1032
393
329
869
1818
2822
3531
3743
3429
2711
1782
863
161
35
91
561
1279
2112
2977
3852
4095
4095
4095
4095
4095
4095
3068
1913
954
300
37
35
35
37
55
138
354
740
1265
1850
2388
2733
2845
2766
2602
2468
2448
2610
2968
3432
3859
4095
4095
4018
3554
2852
2055
1306
681
168
36
35
34
293
892
1533
1972
2122
2054
1884
1696
1571
1592
1775
2084
2481
2886
3226
3480
3643
3671
3484
3003
2255
1461
919
850
1239
1859
2413
2700
2710
2560
2353
2135
1890
1546
1049
399
38
37
36
33
290
1320
2620
3814
4095
4095
4095
4095
3883
3483
3211
2978
2679
2276
1796
1352
1071
995
1122
1384
1654
1866
2002
2054
2081
2200
2509
2996
3493
3761
3678
3295
2815
2500
2520
2852
3270
3475
3239
2569
1738
1061
733
816
1254
1867
2424
2731
2669
2240
1627
1119
959
1242
1877
2606
3153
3370
3231
2837
2379
1982
1639
1324
1029
755
544
428
418
545
797
1091
1368
1634
1900
2185
2517
2837
3038
3069
2915
2570
2072
1501
1009
758
842
1235
1794
2343
2740
2925
2912
2788
2668
2672
2816
3015
3197
3339
3453
3505
3371
2931
2182
1295
564
192
245
685
1391
2152
2691
2792
2391
1672
991
638
708
1143
1768
2399
2926
3321
3627
3852
3925
3776
3384
2771
2031
1318
775
481
488
768
1226
1792
2409
2984
3376
3480
3264
2760
2122
1581
1338
1499
2064
2898
3787
4095
4095
4029
2876
1443
178
36
34
34
210
634
1104
1495
1763
1962
2209
2618
3208
3886
4095
4095
4095
4095
3469
2547
1785
1288
1019
878
773
603
343
98
39
123
499
1033
1498
1755
1791
1660
1473
1327
1247
1220
1212
1203
1269
1573
2220
3128
4035
4095
4095
4095
4095
3734
3303
2997
2795
2633
2456
2267
2102
1995
1952
1946
1881
1687
1355
971
612
336
155
70
70
230
708
1524
2575
3685
4095
4095
4095
4095
4095
4095
4095
3510
2567
1528
477
39
37
36
35
32
162
634
1193
1719
2180
2573
2924
3258
3555
3749
3764
3563
3189
2736
2365
2214
2354
2798
3487
4095
4095
4095
4095
4095
3197
1753
428
38
37
35
34
50
383
848
1328
1739
2010
2103
2045
1927
1890
1997
2191
2368
2471
2489
2463
2456
2523
2733
3103
3551
3938
4095
4072
3620
2786
1717
689
44
34
202
722
1297
1727
1875
1672
1137
394
37
36
36
34
92
571
1170
1702
2102
2469
2985
3772
4095
4095
4095
4095
4095
4095
4095
4095
4095
3421
2777
2300
2070
2060
2112
2026
1683
1075
302
38
36
37
35
34
195
883
1628
2144
2257
1997
1574
1208
1007
1018
1254
1694
2259
2818
3231
3455
3512
3455
3359
3237
3057
2821
2520
2126
1647
1181
900
930
1285
1893
2633
3359
3894
4071
3806
3122
2182
1207
355
37
34
33
179
620
1041
1292
1378
1456
1733
2338
3265
4095
4095
4095
4095
4095
4095
3684
2658
1800
1303
1244
1590
2130
2539
2549
2059
1206
302
36
34
173
833
1616
2247
2541
2483
2207
1917
1844
2110
2681
3363
3850
3871
3325
2343
1274
545
441
959
1803
2561
2934
2852
2483
2064
1790
1762
1925
2168
2378
2475
2423
2202
1883
1604
1466
1515
1744
2077
2419
2660
2689
2456
2005
1456
928
500
226
182
438
957
1585
2131
2447
2440
2118
1590
1066
753
737
950
1238
1467
1584
1599
1561
1535
1599
1850
2337
2981
3657
4095
4095
4095
4095
4095
4095
4095
3752
3239
2704
2267
2025
2052
2276
2519
2583
2364
1926
1466
1162
1105
1258
1472
1568
1491
1309
1169
1246
1597
2160
2832
3465
3858
3848
3367
2485
1416
475
37
34
395
1225
2249
3191
3769
3801
3281
2356
1245
232
37
35
34
86
423
889
1400
1866
2182
2324
2397
2551
2849
3195
3391
3308
2937
2405
1897
1589
1572
1834
2222
2531
2631
2515
2276
2036
1858
1748
1668
1627
1651
1753
1966
2322
2817
3399
3941
4095
4095
4041
3464
2696
1831
1022
411
88
61
166
303
348
269
170
244
606
1263
2149
3111
3996
4095
4095
4095
3798
2884
2065
1576
1553
1996
2784
3645
4095
4095
3489
2377
1133
71
37
34
33
170
728
1407
2014
2404
2542
2494
2394
2360
2430
2572
2742
2928
3134
3380
3630
3811
3841
3612
3080
2276
1325
466
37
35
368
1095
1926
2607
2912
2757
2252
1642
1197
1130
1511
2212
2973
3528
3710
3532
3155
2796
2556
2367
2089
1665
1198
823
599
548
692
1001
1392
1775
2104
2353
2549
2738
2917
3029
2989
2775
2442
2059
1695
1383
1093
781
434
124
48
257
821
1527
2173
2662
2969
3114
3124
3041
2963
2990
3141
3340
3463
3418
3240
3020
2815
2618
2396
2141
1909
1785
1825
2012
2250
2408
2387
2139
1641
911
66
39
36
36
34
77
832
1952
3169
4095
4095
4095
4095
4095
4095
4095
3746
3037
2224
1466
952
812
988
1253
1401
1368
1184
935
707
567
613
902
1359
1775
1935
1769
1400
1043
894
995
1268
1585
1881
2204
2606
3104
3671
4095
4095
4095
4095
4095
4095
4010
3688
3481
3434
3492
3550
3497
3261
2798
2114
1324
578
41
36
36
36
36
35
33
251
899
1752
2588
3166
3360
3234
2981
2824
2885
3147
3449
3551
3293
2640
1675
581
39
38
37
34
32
590
1845
3332
4095
4095
4095
4095
4095
3689
3039
2544
2129
1696
1196
669
272
220
655
1557
2690
3721
4095
4095
4095
3917
3330
2797
2404
2119
1883
1708
1618
1608
1652
1744
1863
1988
2065
1974
1694
1356
1169
1281
1653
2047
2192
1925
1295
569
115
195
858
1896
2878
3441
3442
2985
2324
1739
1382
1277
1367
1553
1716
1821
1911
2074
2403
2886
3382
3717
3714
3277
2452
1490
778
649
1221
2333
3583
4095
4095
4095
3597
2569
1719
1154
843
669
501
307
134
74
205
602
1211
1909
2490
2800
2845
2749
2677
2682
2654
2426
1892
1088
219
36
35
33
212
841
1563
2142
2479
2655
2785
2916
3021
3079
3113
3186
3388
3735
4095
4095
4095
4095
4095
4095
3549
2592
1447
221
39
38
36
34
103
1038
2258
3307
3884
3945
3589
2976
2250
1527
973
716
784
1115
1624
2238
2871
3431
3853
4073
4070
3907
3671
3398
3056
2619
2108
1596
1214
1028
1024
1118
1148
983
593
108
36
34
188
927
2012
3175
4068
4095
4095
3612
2838
2257
2075
2320
2862
3479
3891
3835
3197
2101
898
46
34
78
642
1409
2049
2326
2205
1839
1478
1328
1416
1626
1827
1883
1731
1392
965
584
309
139
73
105
261
538
852
1173
1577
2150
2898
3731
4095
4095
4095
4095
4095
3677
2854
2146
1653
1412
1434
1742
2310
2992
3586
3955
4063
3907
3475
2806
2003
1233
670
374
293
382
642
1046
1538
2049
2503
2839
3005
2991
2868
2710
2574
2507
2513
2540
2490
2251
1744
1008
247
36
34
94
689
1638
2703
3593
4068
4039
3572
2901
2339
2116
2292
2714
3149
3416
3451
3280
2949
2499
2006
1551
1220
1087
1117
1171
1086
763
248
37
35
33
369
1233
2297
3341
4095
4095
4095
4095
3981
3080
2192
1549
1236
1208
1380
1684
2076
2462
2680
2569
2066
1256
406
36
52
647
1617
2539
3120
3317
3241
3070
2974
3017
3178
3395
3581
3679
3678
3603
3448
3145
2622
1911
1106
342
38
36
36
35
34
33
323
942
1652
2300
2804
3122
3250
3228
3102
2964
2868
2791
2695
2536
2257
1849
1372
965
819
1059
1692
2597
3524
4095
4095
4095
3876
3089
2280
1642
1232
994
871
891
1123
1546
2005
2335
2433
2255
1883
1515
1362
1505
1827
2093
2141
1969
1718
1543
1503
1623
1932
2431
3050
3646
4043
4095
3848
3387
2888
2543
2487
2700
2980
3092
2888
2375
1678
939
279
37
35
35
34
89
393
850
1358
1846
2263
2590
2837
3027
3208
3438
3762
4095
4095
4095
4095
4095
3522
2705
1824
1049
580
551
912
1450
1886
2039
1931
1701
1527
1553
1834
2316
2814
3065
2917
2409
1743
1193
977
1182
1741
2471
3129
3467
3319
2664
1604
330
40
38
36
33
173
1187
2382
3355
3894
4003
3785
3348
2767
2096
1447
988
876
1202
1880
2676
3307
3546
3310
2699
1920
1195
696
521
713
1263
2068
2947
3714
4095
4095
4095
3946
3371
2721
2146
1765
1588
1557
1635
1803
2064
2441
2880
3258
3456
3369
2973
2380
1753
1281
1090
1195
1517
1905
2241
2502
2746
3045
3383
3663
3805
3767
3536
3142
2675
2240
1883
1557
1171
694
224
36
34
40
196
475
692
686
381
38
37
35
34
95
654
1502
2516
3530
4095
4095
4095
4095
4095
4095
3985
3657
3174
2592
2098
1850
1909
2178
2418
2415
2090
1515
839
269
43
163
710
1485
2204
2642
2724
2520
2170
1790
1460
1236
1142
1172
1299
1540
1919
2406
2924
3401
3837
4095
4095
4095
4095
4095
4095
4095
4095
4095
4039
3100
2069
1005
51
38
37
36
35
34
88
666
1411
2045
2373
2285
1784
990
165
36
33
528
1619
2929
4095
4095
4095
4095
3771
2611
1626
1114
1183
1749
2523
3096
3123
2477
1315
83
37
33
218
1168
2166
2723
2597
1858
826
40
35
70
889
2089
3198
3843
3923
3655
3401
3453
3860
4095
4095
4095
4095
4095
3470
2686
1801
971
423
320
634
1132
1508
1547
1265
895
669
688
899
1147
1284
1257
1146
1104
1262
1710
2415
3238
3996
4095
4095
4095
4095
4095
3973
3312
2600
1907
1245
618
106
35
132
700
1510
2282
2804
2993
2910
2706
2529
2475
2564
2731
2836
2741
2404
1876
1316
854
520
290
122
42
48
207
587
1040
1353
1360
1011
419
37
36
34
231
1018
2049
3109
4067
4095
4095
4095
4095
4095
4095
4095
4095
3677
2961
2215
1471
792
264
38
39
192
544
947
1270
1478
1651
1921
2384
3033
3741
4095
4095
4071
3286
2236
1210
531
402
814
1516
2190
2633
2805
2741
2472
2066
1653
1357
1259
1329
1435
1503
1565
1675
1878
2228
2730
3338
3953
4095
4095
4095
3550
2524
1391
456
42
142
738
1521
2159
2444
2295
1762
1027
373
47
49
271
714
1300
1993
2682
3165
3305
3140
2848
2615
2496
2407
2259
2007
1633
1205
826
568
484
619
978
1496
2087
2659
3085
3257
3154
2874
2566
2380
2413
2681
3143
3687
4095
4095
4095
3606
2794
1957
1317
959
825
809
802
740
674
713
951
1396
1984
2644
3308
3888
4095
4095
4063
3621
3062
2503
2067
1857
1862
1933
1857
1505
940
421
188
329
787
1441
2104
2560
2647
2313
1675
975
425
167
295
826
1658
2641
3615
4095
4095
4095
4095
4095
3235
2302
1619
1377
1600
2144
2740
3089
2963
2322
1377
477
37
44
485
1252
2068
2744
3224
3530
3675
3625
3348
2833
2188
1591
1178
1009
1091
1346
1664
1967
2142
2054
1617
850
42
38
36
34
34
145
580
1014
1402
1853
2502
3377
4095
4095
4095
4095
4095
4095
4095
4095
3697
2871
2123
1599
1368
1431
1674
1937
2074
2000
1737
1395
1116
993
1013
1088
1160
1237
1349
1515
1749
2061
2430
2756
2857
2641
2202
1759
1473
1336
1216
980
595
166
36
33
189
719
1448
2223
2915
3490
3953
4095
4095
4095
3741
3348
2956
2519
1999
1489
1195
1292
1825
2688
3616
4095
4095
4009
3000
1676
411
36
33
280
1171
2207
3029
3428
3381
2968
2353
1717
1163
740
453
338
432
714
1147
1672
2221
2732
3137
3378
3419
3287
3022
2653
2201
1730
1364
1221
1322
1650
2190
2914
3766
4095
4095
4095
4095
4095
4095
3487
2700
2165
1918
1878
1890
1755
1290
416
41
40
39
38
36
34
33
326
994
1648
2178
2580
2897
3171
3442
3750
4095
4095
4095
4095
4095
4095
4095
3660
2261
863
40
36
35
33
396
1164
2073
2882
3333
3269
2698
1826
1016
574
605
1055
1795
2682
3586
4095
4095
4095
4095
4015
3334
2820
2577
2514
2437
2201
1751
1115
416
37
36
34
35
209
514
805
1057
1291
1500
1704
1973
2373
2937
3617
4095
4095
4095
4095
3332
2292
1469
1160
1474
2299
3342
4095
4095
4095
3171
1865
721
115
181
809
1668
2337
2538
2249
1621
883
239
36
34
135
629
1203
1635
1831
1858
1903
2115
2481
2828
2934
2646
1994
1187
548
370
747
1544
2464
3245
3761
3990
3989
3885
3755
3631
3508
3328
3045
2652
2136
1531
912
363
58
102
574
1428
2426
3226
3592
3511
3109
2591
2178
2003
2052
2178
2209
2055
1748
1365
1028
849
899
1168
1515
1753
1796
1726
1715
1930
2370
2852
3159
3163
2872
2416
1979
1744
1844
2251
2804
3287
3512
3415
3055
2612
2248
2054
2018
2034
1973
1735
1340
879
441
95
35
39
176
485
815
1089
1318
1581
1948
2439
3045
3696
4095
4095
4095
4095
4095
4095
3455
2616
1821
1190
793
614
630
798
1069
1411
1756
2002
2086
2001
1770
1497
1336
1379
1631
2006
2330
2494
2472
2270
1946
1616
1403
1412
1726
2340
3144
3909
4095
4095
3709
2879
2012
1352
1053
1159
1590
2159
2670
2965
2973
2714
2260
1703
1103
543
121
35
42
170
380
590
805
1064
1374
1668
1848
1855
1714
1566
1568
1771
2127
2533
2923
3294
3656
4046
4095
4095
4095
4095
4095
3469
2308
1174
296
35
64
557
1352
2168
2775
3084
3154
3078
2899
2628
2302
1998
1768
1672
1773
2061
2440
2810
3117
3352
3495
3512
3396
3137
2728
2202
1605
1004
496
139
42
150
600
1362
2322
3276
3953
4095
3642
2741
1673
720
82
34
81
514
1118
1680
2090
2307
2343
2228
2019
1846
1839
2036
2319
2453
2262
1764
1197
852
936
1463
2233
2895
3168
2949
2330
1588
1020
807
997
1475
2054
2588
3009
3320
3501
3472
3187
2664
1979
1307
865
781
1056
1604
2252
2785
3063
3071
2848
2434
1864
1178
466
37
34
233
894
1726
2491
3063
3469
3739
3851
3772
3475
2981
2432
2055
2012
2353
3011
3825
4095
4095
4095
4095
3852
2767
1738
967
576
535
712
952
1075
948
569
70
37
35
33
174
942
1971
2929
3610
3948
3998
3834
3501
3084
2720
2506
2411
2288
2028
1680
1412
1386
1608
1941
2244
2423
2405
2123
1565
869
297
87
256
667
1145
1581
1917
2106
2170
2220
2384
2740
3215
3645
3859
3712
3154
2267
1308
579
257
363
763
1227
1577
1752
1784
1775
1844
2028
2327
2718
3126
3477
3757
3983
4095
4095
3882
3508
3064
2624
2187
1784
1528
1534
1830
2266
2561
2469
1899
956
43
36
33
111
847
1773
2597
3211
3603
3758
3691
3437
3022
2486
1914
1404
1029
839
838
996
1298
1778
2448
3260
4092
4095
4095
4095
4095
3925
2989
1951
870
40
37
35
32
366
1384
2557
3491
3863
3566
2776
1859
1204
1026
1288
1747
2078
2019
1466
585
38
35
32
399
1175
1978
2616
2967
2951
2571
1956
1325
869
664
737
1116
1786
2628
3424
3960
4095
3977
3645
3283
3053
3070
3352
3804
4095
4095
3839
3097
2237
1524
1101
960
1021
1135
1118
860
388
37
35
34
172
746
1465
2091
2484
2679
2836
3106
3482
3790
3890
3797
3618
3467
3367
3281
3220
3217
3276
3301
3178
2890
2503
2117
1767
1432
1121
849
633
458
288
118
38
40
158
497
965
1465
1872
2109
2202
2194
2077
1809
1373
825
309
41
48
330
938
1712
2509
3208
3747
4095
4095
4095
4095
4095
4095
4095
4095
3963
3237
2575
2035
1590
1241
1060
1116
1372
1654
1741
1480
890
196
36
33
364
1270
2346
3265
3761
3720
3248
2624
2135
1924
2008
2309
2719
3166
3591
3934
4088
3901
3281
2254
1016
42
37
36
33
89
755
1610
2384
2930
3210
3251
3086
2819
2598
2515
2596
2821
3081
3226
3178
2913
2440
1833
1208
676
366
345
624
1174
1870
2479
2778
2647
2181
1648
1324
1350
1713
2295
2903
3347
3508
3371
3021
2606
2257
2049
1995
2060
2159
2163
2005
1702
1375
1217
1325
1655
2068
2404
2547
2433
2132
1841
1771
2006
2475
3024
3511
3843
3970
3837
3400
2715
1951
1313
906
694
587
507
438
445
558
757
1021
1292
1519
1717
1891
2035
2118
2113
2034
1945
1908
1953
2102
2345
2666
3043
3381
3561
3497
3170
2634
1958
1242
595
89
34
34
59
432
1141
2084
3076
3863
4095
4031
3344
2402
1532
968
855
1241
2007
2946
3834
4095
4095
4095
4095
4058
3351
2515
1693
1099
922
1242
1971
2866
3596
3929
3809
3341
2678
1952
1289
765
372
56
36
37
37
35
34
69
641
1376
2031
2450
2638
2750
2967
3422
4095
4095
4095
4095
4095
4095
3162
2077
1228
753
669
921
1360
1766
1941
1808
1444
1017
733
750
1125
1786
2560
3222
3575
3554
3224
2788
2469
2365
2438
2535
2476
2190
1747
1266
838
549
485
661
994
1376
1671
1774
1705
1575
1482
1461
1476
1450
1332
1131
925
876
1161
1831
2719
3552
4095
4095
4095
3995
3929
4063
4095
4095
4095
4095
3886
3215
2427
1697
1183
964
1052
1371
1811
2261
2611
2725
2456
1741
713
40
37
34
33
195
682
1049
1110
914
722
814
1294
2016
2689
3033
2949
2537
1998
1585
1490
1786
2390
3081
3654
4030
4095
4095
3810
3320
2852
2586
2589
2773
2936
2951
2820
2581
2260
1907
1601
1372
1181
947
620
288
109
177
551
1225
2118
3051
3783
4095
3930
3385
2751
2318
2272
2584
3022
3326
3368
3174
2838
2408
1867
1214
513
38
34
33
121
629
1334
2024
2493
2577
2253
1682
1170
1030
1413
2226
3188
3991
4095
4095
3722
3089
2623
2509
2706
3011
3222
3172
2808
2201
1476
813
348
124
128
327
649
944
1058
934
648
334
176
332
822
1549
2317
2886
3139
3145
3034
2884
2710
2544
2481
2577
2772
2949
3047
3100
3191
3327
3393
3305
3088
2789
2426
1981
1455
917
496
342
530
1043
1762
2490
3024
3259
3250
3131
2994
2862
2715
2555
2373
2164
1963
1794
1692
1651
1582
1440
1309
1339
1644
2187
2792
3266
3437
3255
2827
2349
2039
2036
2334
2785
3190
3335
3086
2431
1506
589
40
34
89
440
835
1097
1149
961
596
223
76
236
712
1410
2193
2896
3335
3377
3038
2478
1874
1365
1060
1032
1299
1839
2569
3325
3936
4095
4095
4095
3848
3642
3520
3406
3162
2743
2194
1599
1093
845
977
1504
2293
3063
3524
3517
3066
2368
1701
1315
1336
1683
2073
2194
1863
1121
203
38
35
33
373
1275
2351
3329
4013
4095
4095
4095
4050
3652
3131
2556
2014
1543
1144
844
730
887
1293
1806
2248
2510
2564
2441
2163
1760
1310
935
786
1002
1612
2487
3345
3866
3856
3354
2582
1777
1157
844
828
1036
1325
1534
1585
1555
1618
1893
2381
2959
3407
3542
3283
2671
1865
1088
522
265
329
710
1401
2313
3291
4095
4095
4095
4095
4095
4095
4095
3825
3141
2256
1272
321
38
38
36
35
32
473
1474
2558
3336
3579
3348
2861
2388
2095
2007
2099
2274
2373
2267
1954
1610
1484
1744
2363
3095
3630
3793
3516
2825
1829
743
39
36
34
34
212
530
818
1100
1415
1753
2078
2330
2475
2591
2785
3097
3445
3715
3849
3867
3791
3622
3374
3083
2784
2498
2248
1998
1674
1218
646
70
37
36
36
35
34
34
267
881
1679
2500
3197
3716
4059
4095
4095
3870
3504
3217
3122
3213
3364
3421
3330
3145
2966
2866
2883
3054
3388
3801
4095
4095
4095
3791
3155
2348
1460
638
77
34
96
544
1206
1871
2366
2609
2624
2481
2236
1951
1696
1513
1427
1444
1510
1569
1621
1668
1672
1624
1536
1407
1271
1217
1309
1589
2048
2595
3059
3272
3136
2616
1775
801
42
36
33
375
1174
2039
2684
2983
2991
2818
2569
2351
2245
2252
2276
2173
1909
1627
1537
1744
2203
2780
3292
3588
3576
3214
2595
1972
1607
1614
1940
2440
2908
3146
2985
2375
1458
570
84
145
692
1518
2353
2967
3192
3032
2676
2341
2132
1996
1808
1502
1127
837
824
1222
2058
3151
4095
4095
4095
4095
3951
3350
2767
2264
1950
1863
1948
2074
2083
1926
1697
1531
1485
1499
1463
1286
975
675
589
820
1337
2039
2772
3358
3608
3450
2971
2358
1822
1480
1356
1453
1704
1987
2146
2045
1639
999
282
37
35
32
435
1368
2425
3297
3827
4027
4014
3962
3952
3935
3828
3556
3083
2486
1957
1700
1823
2249
2714
2923
2730
2231
1620
1071
720
637
789
1104
1520
1953
2278
2360
2116
1613
1060
654
490
537
746
1098
1583
2201
2899
3551
3993
4085
3789
3196
2503
1931
1588
1498
1626
1895
2240
2604
2907
3085
3118
3022
2881
2781
2748
2723
2579
2191
1566
846
236
36
36
114
322
586
876
1194
1529
1801
1925
1857
1608
1261
938
754
834
1306
2206
3394
4095
4095
4095
4095
4095
4095
3854
3120
2537
2193
2128
2335
2742
3181
3417
3301
2806
2030
1145
288
38
35
34
44
392
809
1112
1319
1520
1785
2103
2476
2894
3344
3774
4049
3993
3511
2695
1766
953
379
78
42
84
206
359
496
598
727
972
1398
1997
2640
3177
3513
3600
3452
3128
2697
2252
1885
1659
1588
1671
1929
2354
2860
3344
3699
3821
3679
3353
2990
2698
2511
2392
2336
2421
2717
3171
3600
3816
3726
3320
2718
2084
1537
1137
925
884
968
1169
1499
1962
2533
3086
3475
3607
3425
2896
2066
1103
249
36
35
34
264
808
1524
2310
3028
3534
3729
3535
2942
2082
1196
565
400
719
1370
2102
2681
3011
3090
2956
2624
2149
1596
1039
560
228
123
266
627
1115
1581
1912
2062
2061
1978
1850
1700
1588
1575
1678
1887
2196
2619
3153
3735
4095
4095
4095
3830
3146
2362
1669
1268
1260
1595
2129
2679
3081
3188
2923
2357
1673
1058
622
367
247
275
482
840
1304
1821
2322
2745
3061
3267
3404
3573
3842
4095
4095
4095
4095
4095
4095
4095
4095
3883
2866
1585
235
38
36
34
139
901
1633
1925
1635
902
65
36
34
34
150
651
1220
1747
2243
2763
3323
3795
4003
3835
3360
2807
2438
2433
2800
3407
4056
4095
4095
4095
4044
3177
2154
1172
430
62
44
119
205
185
62
36
36
34
34
102
492
1024
1572
2067
2474
2798
3089
3404
3759
4095
4095
4095
3725
2889
1930
1125
641
502
659
1017
1484
2002
2502
2893
3100
3113
3036
3029
3172
3375
3469
3344
3007
2574
2184
1932
1893
2081
2439
2830
3087
3082
2805
2368
1892
1484
1202
1063
1054
1109
1181
1250
1292
1314
1339
1392
1515
1739
2100
2616
3251
3854
4095
3987
3215
1993
644
39
35
33
256
924
1603
2181
2677
3180
3746
4095
4095
4095
3998
3241
2572
2252
2319
2574
2767
2711
2307
1586
744
88
35
87
442
843
1117
1186
1070
900
883
1164
1756
2512
3219
3744
4045
4095
3921
3469
2870
2295
1872
1676
1684
1839
2107
2447
2804
3074
3110
2799
2159
1328
498
37
34
132
753
1573
2302
2719
2718
2387
1962
1656
1541
1561
1642
1791
2072
2474
2844
2991
2852
2547
2291
2279
2574
3085
3600
3844
3639
3016
2215
1494
991
726
682
799
954
996
818
478
167
56
129
420
931
1665
2574
3501
4095
4095
4095
4039
3366
2615
2008
1734
1866
2358
3027
3592
3791
3499
2778
1829
936
352
199
466
1093
1949
2816
3465
3723
3503
2897
2112
1384
881
642
593
631
708
886
1265
1855
2551
3161
3461
3319
2775
2052
1440
1156
1301
1845
2667
3569
4095
4095
4095
4095
3777
3354
2947
2489
1988
1524
1205
1088
1111
1144
1063
793
377
38
36
37
36
36
34
38
380
823
1139
1316
1511
1863
2413
3117
3836
4095
4095
4095
3615
2878
2344
2167
2359
2839
3476
4095
4095
4095
4095
3627
2760
1817
993
502
459
834
1503
2228
2753
2933
2748
2325
1923
1789
1997
2392
2696
2720
2485
2128
1781
1527
1431
1504
1700
1912
2015
1951
1779
1653
1695
1905
2209
2526
2811
3037
3180
3180
2939
2433
1722
946
287
36
34
34
179
508
837
1026
1011
845
709
794
1166
1802
2641
3586
4095
4095
4095
4095
4071
3152
2356
1817
1591
1660
1974
2472
3029
3500
3765
3755
3535
3248
3044
2997
3073
3148
3072
2782
2330
1780
1166
552
69
35
35
35
35
34
41
420
1160
2017
2719
3085
3075
2809
2502
2295
2182
2108
2008
1835
1625
1441
1312
1266
1335
1516
1733
1915
2016
2000
1924
1905
2025
2307
2705
3114
3463
3727
3921
4019
3932
3633
3214
2835
2587
2433
2240
1871
1313
705
228
38
54
259
643
1145
1716
2277
2736
3027
3135
3052
2785
2341
1774
1238
920
930
1252
1748
2250
2627
2856
2984
3073
3157
3208
3207
3178
3154
3124
3034
2832
2487
2031
1543
1146
968
1034
1336
1842
2441
2969
3303
3427
3430
3443
3489
3442
3146
2564
1842
1187
747
564
588
709
876
1114
1469
1986
2657
3388
4033
4095
4095
3551
2370
1084
163
34
337
1094
1911
2480
2637
2388
1868
1330
1021
1064
1368
1694
1850
1796
1626
1436
1235
1031
880
811
834
954
1146
1365
1540
1594
1455
1131
762
563
685
1140
1835
2603
3281
3754
3989
4029
3971
3897
3849
3850
3904
3958
3928
3760
3420
2942
2441
2043
1843
1871
2059
2215
2131
1664
801
41
39
37
34
32
416
1278
2222
3105
3849
4095
4095
4095
4095
4014
3777
3479
2999
2260
1302
279
38
36
33
124
868
1740
2384
2664
2693
2716
2958
3469
4095
4095
4095
4095
4095
4095
4095
4095
3844
3147
2308
1372
453
38
35
33
179
618
890
770
307
36
35
33
251
1012
2039
3127
4057
4095
4095
4095
3874
3167
2582
2238
2182
2330
2556
2779
2963
3108
3220
3281
3198
2837
2170
1318
456
38
38
36
37
36
35
34
33
345
1043
1853
2658
3370
3935
4095
4095
4095
4095
4095
4095
3995
3748
3604
3481
3296
3007
2641
2297
2071
1952
1819
1566
1158
619
87
35
34
366
1126
1985
2659
2953
2828
2396
1849
1407
1257
1481
1983
2515
2829
2795
2425
1858
1247
774
621
866
1456
2190
2791
3089
3061
2812
2502
2226
2025
1934
1950
2021
2119
2214
2243
2162
2009
1923
2048
2447
3068
3712
4095
4095
4095
3686
2826
1741
624
38
35
33
271
1020
1882
2567
2934
3027
2973
2907
2893
2922
2959
2923
2738
2381
1915
1459
1140
1066
1282
1705
2149
2397
2316
1973
1612
1463
1575
1834
2045
2060
1855
1554
1345
1395
1828
2632
3615
4095
4095
4095
4079
3168
2291
1711
1558
1832
2391
2972
3300
3198
2651
1804
888
138
35
34
269
865
1543
2053
2180
1815
1021
91
36
33
276
1341
2712
3944
4095
4095
3747
2608
1542
800
404
240
189
229
379
601
827
1016
1208
1459
1773
2152
2617
3127
3583
3885
4018
4082
4095
4095
4095
4095
4095
4095
3423
2577
1811
1379
1397
1752
2188
2441
2318
1820
1148
582
326
391
640
923
1190
1465
1786
2155
2483
2613
2449
2018
1498
1094
941
1077
1405
1735
1895
1852
1734
1708
1883
2283
2787
3171
3236
2883
2216
1498
1003
896
1195
1804
2526
3104
3336
3173
2719
2162
1719
1535
1580
1724
1820
1815
1758
1732
1829
2090
2492
3025
3646
4095
4095
4095
4095
4095
3583
2980
2467
2076
1757
1452
1148
854
602
404
307
382
690
1223
1829
2250
2330
2092
1680
1302
1139
1272
1638
2094
2495
2697
2619
2304
1855
1420
1169
1159
1323
1561
1812
2077
2381
2721
3007
3123
3015
2714
2289
1811
1384
1148
1214
1586
2116
2590
2866
2895
2676
2214
1575
921
419
189
276
644
1226
1888
2469
2864
3059
3106
3076
3033
3023
3014
2890
2536
1948
1303
874
869
1308
2044
2875
3599
4092
4095
4095
3905
3429
2836
2218
1678
1271
995
784
528
207
36
35
37
233
600
978
1293
1542
1800
2152
2636
3186
3628
3830
3790
3619
3474
3423
3441
3453
3377
3211
2999
2800
2642
2510
2379
2193
1927
1585
1152
638
110
36
33
103
674
1525
2464
3306
3903
4095
4095
4095
4095
4095
3886
3431
2875
2332
1881
1485
1061
553
42
37
35
32
487
1521
2747
3803
4095
4095
3719
2684
1511
475
37
34
182
918
1963
3040
3842
4095
4026
3581
3036
2525
2126
1858
1718
1673
1680
1748
1877
2053
2218
2276
2206
2081
1982
1945
1973
2007
1955
1799
1607
1450
1398
1525
1847
2311
2759
EOF