Process identification data:
2162
2164
2168
2163
2108
1945
1685
1391
1114
893
736
666
778
1190
1898
2723
3401
3707
3611
3261
2846
2515
2322
2237
2212
2267
2488
2907
3481
4095
4095
4095
4095
4095
4095
3919
3573
3366
3268
3196
3040
2736
2315
1806
1202
548
40
36
36
35
34
34
88
352
789
1352
1998
2606
3052
3281
3275
3096
2899
2837
2993
3335
3695
3838
3622
3067
2320
1581
1032
824
1012
1541
2242
2868
3200
3141
2715
2106
1594
1403
1615
2109
2642
2977
2952
2555
1919
1297
944
975
1345
1862
2269
2383
2208
1895
1651
1635
1860
2233
2612
2860
2969
3018
3078
3162
3236
3242
3207
3219
3333
3555
3844
4095
4095
4095
4095
4095
4095
4095
4095
4095
3578
2434
1407
685
325
284
469
732
951
1058
1001
780
503
355
471
840
1321
1764
2101
2336
2544
2770
2966
3054
3012
2882
2752
2714
2762
2823
2864
2936
3100
3397
3814
4095
4095
4095
3610
2606
1494
662
418
808
1580
2370
2866
2881
2448
1766
1133
804
899
1413
2214
3063
3719
4009
3893
3525
3134
2873
2772
2788
2796
2634
2192
1446
506
38
36
34
33
314
953
1620
2204
2649
2978
3236
3432
3602
3774
3970
4095
4095
4095
4095
4095
4095
4095
3303
2603
2234
2300
2723
3246
3569
3536
3168
2619
2076
1684
1443
1245
987
680
429
310
289
256
161
109
258
685
1325
2037
2640
3019
3198
3273
3350
3446
3496
3413
3165
2788
2332
1840
1375
1052
974
1176
1573
1962
2142
2008
1643
1276
1113
1213
1513
1919
2394
2891
3360
3779
4095
4095
4095
4095
4095
4095
4095
4095
3277
2271
1362
694
313
165
162
292
640
1281
2216
3346
4095
4095
4095
4095
4095
3148
2115
1456
1262
1503
1989
2451
2650
2477
1994
1404
965
863
1158
1721
2245
2440
2158
1494
725
124
35
34
117
353
616
863
1116
1435
1856
2409
3055
3677
4095
4095
4095
4095
4095
4095
4095
4095
4095
3896
3571
3483
3699
4086
4095
4095
3586
2484
1229
233
34
212
1046
2108
2994
3449
3399
2943
2321
1722
1240
915
748
681
634
590
628
854
1295
1848
2364
2738
2949
2985
2810
2440
2004
1673
1548
1635
1844
2072
2286
2444
2455
2246
1846
1371
946
662
591
782
1238
1874
2557
3200
3755
4095
4095
4095
4085
3620
3074
2531
2093
1835
1777
1868
2008
2119
2129
1998
1771
1577
1569
1850
2361
2900
3232
3150
2609
1753
893
362
346
839
1702
2723
3704
4095
4095
4095
4095
3556
2547
1540
686
114
35
38
224
650
1201
1759
2179
2377
2414
2457
2641
2994
3447
3856
4095
4095
3942
3509
3032
2731
2762
3097
3543
3858
3862
3559
3069
2574
2239
2088
1997
1847
1620
1396
1275
1252
1257
1200
1012
741
536
502
663
983
1360
1653
1793
1771
1621
1476
1495
1760
2263
2938
3660
4095
4095
4095
4095
3880
3329
2779
2342
2128
2183
2426
2670
2717
2423
1832
1170
694
542
675
925
1120
1160
1014
723
386
185
330
942
1942
3093
4095
4095
4095
4095
4095
4039
3180
2313
1622
1287
1393
1908
2686
3473
3991
4005
3463
2546
1541
735
295
226
457
828
1130
1203
1041
818
727
894
1316
1868
2423
2853
3058
3042
2904
2773
2771
2935
3238
3636
4052
4095
4095
3823
2865
1601
291
39
38
36
34
33
355
1080
2010
2977
3833
4095
4095
4095
4095
4095
4095
4095
4095
4095
4095
4092
3233
2438
1809
1353
1004
695
391
141
37
35
36
36
37
37
36
34
129
1198
2706
4095
4095
4095
4095
4095
4095
3901
2892
1952
1275
966
1038
1402
1890
2312
2482
2291
1761
1080
546
396
698
1336
2039
2601
2968
3155
3164
2975
2615
2173
1772
1512
1396
1373
1410
1543
1859
2435
3265
4095
4095
4095
4095
4095
3127
1756
661
129
281
999
1997
2917
3448
3430
2936
2246
1700
1559
1902
2601
3401
4010
4095
3986
3375
2497
1519
660
93
35
86
367
699
1010
1304
1612
1892
2018
1858
1416
864
403
140
117
337
810
1462
2106
2520
2562
2284
1935
1763
1901
2323
2872
3366
3668
3720
3506
3114
2663
2237
1893
1696
1696
1863
2100
2353
2659
3093
3696
4095
4095
4095
4095
4095
3794
2494
1235
322
36
53
407
988
1585
1984
2084
1953
1774
1694
1709
1743
1758
1751
1705
1580
1345
1095
1027
1265
1758
2308
2680
2775
2642
2390
2133
1926
1778
1669
1581
1524
1519
1586
1730
1949
2267
2702
3196
3677
4063
4095
4095
4095
4095
4095
4095
4095
3905
3438
2787
2065
1443
1064
985
1214
1655
2153
2581
2825
2779
2390
1681
770
40
36
34
190
1176
2481
3607
4095
3952
3177
2200
1407
1092
1363
2126
3133
4020
4095
4095
3801
2953
2122
1551
1360
1515
1807
1947
1731
1138
316
37
36
34
33
344
809
1075
1057
863
744
920
1488
2372
3378
4095
4095
4095
4095
3534
2596
1746
1136
823
774
882
1049
1242
1432
1619
1834
2061
2269
2429
2473
2349
2101
1837
1665
1691
1953
2400
2949
3506
3957
4095
4095
3939
3534
3065
2634
2276
1991
1800
1733
1835
2168
2734
3413
3986
4095
4004
3340
2447
1616
1088
967
1149
1401
1490
1302
878
451
326
672
1463
2508
3505
4095
4095
4095
4095
4095
3539
2835
2168
1578
1058
606
298
230
456
962
1637
2363
3031
3591
4007
4095
4095
3883
3468
3075
2826
2757
2820
2904
2846
2454
1626
407
41
40
39
37
34
32
309
1020
1578
1828
1900
2037
2395
2964
3630
4095
4095
4095
4095
4095
4095
3774
3392
3084
2890
2815
2831
2887
2880
2659
2112
1214
106
40
38
37
34
32
574
1479
2366
3008
3347
3474
3519
3553
3613
3671
3652
3545
3397
3277
3241
3267
3328
3438
3586
3697
3650
3338
2751
1989
1283
845
813
1238
2013
2899
3625
3986
3870
3320
2492
1585
801
317
227
525
1145
1945
2760
3465
3978
4095
4095
3797
3247
2614
2076
1765
1727
1882
2047
2079
1899
1538
1095
687
426
366
467
598
660
632
548
525
690
1061
1546
2046
2499
2919
3347
3754
4066
4095
4095
3825
3196
2354
1504
874
625
800
1311
1931
2361
2415
2073
1498
981
713
691
817
960
998
885
668
522
676
1233
2081
2974
3680
4019
3925
3453
2802
2294
2225
2716
3649
4095
4095
4095
4095
3424
2086
1125
856
1325
2314
3426
4095
4095
4095
3327
2343
1448
812
471
370
435
590
776
959
1142
1311
1442
1556
1675
1805
1927
1970
1923
1831
1755
1734
1744
1780
1879
2083
2385
2732
3069
3326
3402
3264
2933
2456
1919
1446
1159
1158
1503
2121
2808
3338
3502
3279
2852
2464
2300
2421
2770
3205
3516
3474
2934
1925
701
40
37
35
35
34
200
610
1225
2039
2960
3785
4095
4095
4095
3952
3819
3875
4020
4095
4095
3859
3463
2968
2465
2065
1781
1515
1195
858
624
565
631
727
756
652
460
334
439
832
1435
2072
2567
2885
3061
3140
3131
3013
2818
2577
2288
1965
1631
1309
1078
1010
1145
1523
2130
2838
3438
3724
3576
3064
2388
1773
1448
1472
1760
2180
2590
2903
3122
3282
3420
3510
3498
3370
3140
2798
2304
1599
698
40
38
36
34
34
689
1719
2683
3314
3514
3364
3078
2862
2811
2909
3108
3383
3725
4075
4095
4095
4095
4007
3391
2667
2011
1561
1312
1149
988
853
801
858
1000
1181
1403
1647
1873
2034
2098
2059
1883
1556
1166
926
1048
1565
2270
2899
3259
3309
3129
2840
2566
2346
2149
1907
1633
1455
1503
1813
2295
2749
3047
3196
3266
3303
3253
3087
2864
2698
2686
2806
2937
2933
2684
2229
1715
1321
1150
1189
1372
1573
1659
1592
1372
1006
544
113
34
38
203
516
815
1069
1328
1679
2220
2972
3823
4095
4095
4095
4095
3434
2935
2776
2952
3372
3893
4095
4095
4095
4095
3647
2543
1177
42
38
35
32
301
1016
1570
1690
1321
602
38
36
33
161
964
2061
3171
4095
4095
4095
4095
4095
3385
2455
1728
1407
1516
1953
2574
3210
3735
4095
4095
4095
4095
3919
3716
3479
3193
2820
2355
1836
1288
739
228
36
37
36
36
34
32
342
1068
1854
2550
3133
3633
4036
4095
4095
4095
4095
3792
3519
3350
3286
3213
3010
2658
2185
1611
950
263
39
34
34
260
751
1247
1645
1888
1974
1948
1837
1687
1585
1633
1874
2276
2783
3287
3672
3859
3820
3572
3151
2578
1889
1184
590
180
40
56
209
529
988
1506
2025
2510
2903
3136
3191
3113
3007
3030
3231
3504
3701
3745
3626
3380
3104
2935
2991
3303
3727
3988
3881
3382
2637
1910
1438
1305
1419
1618
1789
1900
1975
2015
2008
1966
1926
1935
1965
1933
1757
1411
951
497
158
37
39
166
523
1029
1648
2326
2967
3450
3659
3509
3014
2281
1515
927
681
815
1190
1595
1847
1865
1743
1646
1667
1806
1983
2110
2156
2204
2365
2722
3305
4028
4095
4095
4095
4095
4095
4095
4095
3428
2685
2101
1773
1694
1744
1736
1503
1040
521
146
66
268
733
1349
1965
2389
2469
2157
1503
659
39
36
33
214
1032
1984
2728
3108
3226
3251
3323
3490
3705
3926
4083
4062
3786
3273
2629
1969
1420
1111
1098
1347
1732
2037
2086
1804
1244
597
120
62
429
1149
1958
2620
3017
3115
2942
2571
2155
1920
2014
2440
3067
3692
4095
4095
4095
4095
3742
3242
2889
2767
2833
2943
2896
2528
1835
945
61
37
36
34
32
433
1169
1825
2251
2436
2443
2365
2291
2244
2235
2243
2192
2027
1795
1647
1762
2240
3030
3925
4095
4095
4095
3412
2161
898
40
36
34
80
512
1024
1470
1855
2244
2650
2972
3084
2948
2635
2290
2048
1917
1834
1724
1593
1513
1589
1928
2555
3387
4095
4095
4095
4095
4095
3726
2730
1886
1330
1069
967
909
881
943
1179
1605
2107
2521
2739
2728
2489
2077
1617
1265
1143
1288
1630
1983
2118
1869
1242
418
37
35
34
596
1491
2320
2830
2953
2842
2738
2848
3266
3909
4095
4095
4095
3729
2603
1435
507
38
34
34
76
278
643
1159
1737
2258
2653
2948
3167
3277
3260
3120
2863
2521
2132
1779
1563
1526
1663
1943
2312
2677
2978
3199
3332
3410
3491
3549
3503
3277
2907
2564
2447
2671
3164
3716
4084
4079
3668
2973
2183
1438
827
380
72
36
35
36
35
34
50
514
1326
2253
3071
3632
3937
4020
3941
3745
3427
3025
2605
2257
2099
2153
2302
2361
2178
1724
1147
694
587
930
1624
2428
3061
3271
3017
2442
1766
1209
902
858
974
1118
1240
1397
1630
1906
2172
2411
2606
2701
2624
2348
1929
1531
1356
1530
2022
2683
3358
3938
4095
4095
4095
4095
4020
3186
2093
891
40
37
34
32
424
1274
2166
2858
3196
3153
2803
2304
1835
1489
1242
1028
822
637
521
549
770
1156
1607
1996
2227
2273
2177
2033
2001
2267
2945
3987
4095
4095
4095
4095
4095
4095
4095
3677
2982
2383
1913
1620
1529
1571
1549
1256
600
40
39
37
34
32
368
1390
2515
3470
4095
4095
4095
4095
3691
3121
2505
1905
1439
1215
1239
1379
1492
1535
1546
1556
1564
1530
1385
1153
913
764
852
1260
1909
2563
2976
3014
2681
2106
1507
1150
1239
1820
2712
3555
4065
4095
3874
3364
2764
2151
1615
1229
984
852
807
869
1113
1555
2141
2731
3139
3269
3168
2952
2766
2738
2862
3022
3092
3015
2806
2533
2263
2024
1821
1681
1685
1898
2311
2784
3145
3296
3182
2790
2212
1581
1046
733
686
847
1110
1364
1491
1476
1433
1504
1782
2277
2900
3520
3987
4095
4084
3703
3060
2213
1284
466
36
34
35
192
522
936
1446
2050
2684
3255
3663
3803
3606
3109
2466
1940
1749
1976
2523
3106
3389
3135
2339
1281
400
74
398
1215
2122
2707
2705
2135
1275
512
196
491
1316
2374
3270
3741
3760
3468
3054
2674
2402
2235
2150
2122
2164
2320
2613
3012
3371
3467
3151
2451
1545
688
104
34
34
76
234
536
1029
1668
2277
2633
2606
2287
1938
1778
1871
2191
2694
3329
3999
4095
4095
4095
4095
4095
3989
3454
2842
2112
1305
544
39
35
34
131
532
1073
1687
2286
2757
2987
2960
2791
2626
2522
2452
2341
2124
1785
1364
929
567
411
607
1163
1912
2598
3039
3230
3260
3243
3241
3213
3132
3048
3052
3234
3604
4011
4095
3984
3401
2595
1726
892
132
36
35
33
201
732
1161
1272
1057
633
192
36
93
524
1231
2004
2669
3134
3362
3358
3180
2963
2879
3005
3293
3662
4055
4095
4095
4095
4051
3449
2922
2684
2788
3090
3367
3470
3358
3078
2668
2163
1617
1060
458
38
38
37
35
34
118
643
1128
1306
1092
634
233
184
673
1672
2982
4095
4095
4095
4095
4095
4095
3600
3248
3078
2974
2773
2383
1794
1042
241
38
36
35
34
34
161
480
968
1707
2728
3921
4095
4095
4095
4095
3598
2197
986
288
229
699
1482
2324
2972
3304
3328
3175
3033
2999
3083
3258
3473
3645
3639
3340
2730
1955
1254
792
653
842
1257
1755
2230
2570
2664
2445
1922
1184
402
37
35
33
318
1129
2168
3160
3860
4095
4095
4095
4095
4095
4095
4095
4095
3700
3117
2656
2381
2274
2294
2407
2584
2773
2840
2656
2217
1587
905
302
37
36
35
35
34
36
197
490
698
754
693
566
457
445
576
898
1459
2204
2994
3677
4095
4095
4095
4095
4095
4084
3736
3343
3004
2763
2634
2618
2704
2815
2809
2578
2097
1458
829
374
190
286
600
1033
1517
1976
2344
2631
2876
3117
3325
3382
3211
2833
2373
2014
1852
1875
2021
2184
2283
2323
2308
2261
2240
2246
2228
2133
1920
1613
1293
1063
995
1068
1253
1543
1951
2490
3065
3490
3588
3322
2781
2108
1444
924
681
778
1146
1657
2218
2786
3327
3780
4046
4003
3581
2823
1921
1183
861
1014
1523
2165
2725
3087
3222
3209
3166
3215
3415
3679
3830
3711
3268
2636
2025
1568
1241
924
486
38
38
35
33
108
815
1732
2565
3076
3147
2791
2138
1412
891
826
1329
2286
3415
4095
4095
4095
4095
4095
3873
3264
2688
2207
1845
1618
1489
1409
1342
1265
1226
1294
1471
1667
1793
1827
1780
1685
1561
1420
1335
1408
1701
2179
2691
3013
3002
2644
2039
1363
802
469
364
405
487
576
696
898
1231
1669
2135
2552
2875
3059
3080
2974
2819
2689
2681
2813
2993
3093
3063
2986
3002
3183
3447
3637
3620
3366
3009
2746
2726
2945
3272
3547
3609
3357
2799
1992
1053
147
37
37
36
34
34
417
1068
1659
2006
2109
2101
2157
2432
2958
3616
4095
4095
4095
4095
4095
4095
4095
4095
4095
3911
2843
1645
615
38
36
35
34
34
242
625
967
1231
1481
1773
2115
2493
2887
3279
3586
3652
3395
2860
2195
1644
1418
1600
2072
2538
2728
2507
1888
1020
96
39
36
34
32
475
1609
2905
4013
4095
4095
4095
4095
3728
2984
2409
2167
2296
2686
3142
3509
3667
3567
3229
2729
2169
1598
1024
504
164
96
301
737
1296
1916
2548
3123
3527
3612
3307
2694
1993
1416
1070
960
1055
1345
1848
2536
3301
3932
4095
4080
3575
2947
2452
2249
2358
2680
3033
3240
3204
2880
2301
1571
816
161
36
34
36
371
1027
1753
2298
2502
2376
2050
1707
1494
1416
1357
1187
883
578
443
572
940
1434
1932
2347
2639
2820
2953
3076
3162
3139
2987
2761
2564
2475
2457
2417
2326
2264
2322
2549
2939
3388
3752
3955
3994
3895
3666
3296
2784
2174
1554
983
494
144
42
82
337
818
1477
2243
3040
3721
4095
4095
3854
3236
2568
2051
1754
1613
1530
1436
1298
1165
1091
1117
1256
1454
1670
1919
2220
2539
2767
2782
2555
2163
1734
1443
1460
1876
2667
3615
4095
4095
4095
4095
3961
3184
2316
1457
710
129
36
36
34
34
74
298
688
1202
1733
2187
2535
2791
3005
3249
3561
3939
4095
4095
4095
4095
3928
2863
1619
492
38
34
33
282
844
1466
2031
2471
2759
2926
3024
3117
3197
3165
2900
2336
1495
518
38
37
35
33
642
1725
2927
4005
4095
4095
4095
4034
3090
2205
1593
1284
1165
1095
1030
1079
1396
2052
2935
3802
4095
4095
4095
3987
3021
1813
594
40
37
36
34
32
600
1619
2733
3625
4058
3951
3376
2591
1949
1762
2155
3046
4095
4095
4095
4095
4095
4095
3953
2945
2000
1182
491
38
36
35
34
34
52
200
506
990
1641
2352
2962
3306
3285
2913
2264
1474
662
40
36
35
33
498
1584
2840
3853
4095
4095
4003
3426
2775
2168
1721
1472
1456
1700
2152
2720
3299
3786
4090
4095
3847
3276
2486
1671
1086
883
1077
1590
2268
2889
3210
3056
2467
1734
1230
1148
1396
1706
1871
1866
1762
1641
1594
1693
1933
2223
2452
2551
2522
2475
2484
2572
2753
2999
3261
3492
3629
3583
3290
2754
2052
1329
794
566
636
900
1162
1234
1076
779
484
318
367
678
1182
1701
2027
2018
1680
1150
635
333
397
881
1726
2791
3866
4095
4095
4095
4095
4095
4095
4095
3861
3602
3370
3058
2670
2306
2081
1997
1926
1740
1375
844
246
37
36
34
34
109
553
1094
1524
1702
1597
1344
1183
1313
1805
2577
3451
4095
4095
4095
4095
3963
3416
3109
3170
3544
4020
4095
4095
3674
2715
1529
350
40
37
36
33
84
969
2243
3540
4095
4095
4095
3404
1930
422
38
34
33
961
2507
4021
4095
4095
4095
4095
4068
2735
1388
280
38
36
35
34
54
438
971
1544
2135
2743
3328
3768
3896
3598
2923
2078
1343
947
924
1163
1537
1966
2385
2753
3063
3273
3294
3052
2524
1832
1256
1057
1363
2121
3062
3806
4093
3886
3303
2526
1773
1193
835
669
592
481
297
128
119
398
990
1720
2345
2673
2692
2597
2620
2879
3348
3877
4095
4095
4095
4095
4095
3762
3408
3132
2880
2588
2231
1807
1364
1004
782
726
865
1176
1545
1794
1799
1524
997
342
38
36
34
33
279
1083
2081
3011
3634
3802
3503
2875
2195
1738
1623
1828
2258
2789
3269
3574
3662
3556
3318
3015
2747
2661
2883
3381
3915
4095
3939
3259
2408
1715
1433
1588
1986
2380
2588
2557
2369
2158
2059
2086
2166
2200
2115
1939
1720
1500
1308
1151
1081
1128
1253
1382
1431
1297
932
385
37
34
111
823
1791
2606
3023
3077
2989
3008
3242
3618
3936
3952
3563
2848
2033
1421
1161
1199
1406
1696
2009
2266
2328
2077
1503
748
85
35
78
656
1499
2315
2911
3238
3372
3417
3481
3621
3812
3985
4079
4016
3716
3149
2354
1442
614
103
70
487
1268
2132
2764
3005
2916
2679
2477
2376
2316
2234
2097
1873
1549
1142
748
512
486
652
982
1506
2253
3141
3935
4095
4095
3529
2486
1397
564
176
275
748
1392
2020
2553
2976
3262
3425
3548
3751
4095
4095
4095
4095
4095
4095
3307
2011
932
354
341
720
1237
1691
1964
2031
1916
1646
1311
1006
751
506
216
36
36
35
34
33
247
923
1917
2993
3858
4095
4095
4095
3956
3926
4095
4095
4095
4095
4095
4095
4095
4031
2798
1384
53
39
38
36
34
33
48
287
495
654
900
1348
1933
2441
2704
2720
2629
2610
2740
2972
3219
3357
3273
2943
2437
1886
1475
1299
1341
1511
1633
1562
1286
961
780
873
1241
1767
2340
2891
3357
3681
3857
3909
3858
3708
3431
2970
2322
1597
1019
767
897
1314
1777
2091
2225
2260
2294
2365
2460
2535
2586
2637
2712
2782
2798
2710
2452
1994
1374
720
186
35
38
288
818
1477
2163
2797
3306
3664
3872
3951
3977
4004
4057
4095
4095
4095
4031
3597
2945
2205
1597
1321
1464
1923
2460
2871
3059
3029
2797
2339
1645
826
100
35
34
348
1057
1787
2245
2278
1899
1247
561
103
72
507
1392
2518
3566
4095
4095
3556
2419
1148
128
35
87
909
2183
3503
4095
4095
4095
4095
3707
2896
2025
1186
515
143
178
609
1285
2006
2627
3096
3429
3596
3488
3007
2160
1160
350
40
151
632
1199
1603
1751
1750
1754
1833
1947
1983
1857
1608
1365
1304
1592
2249
3142
4070
4095
4095
4095
4095
3875
2697
1560
835
709
1114
1760
2290
2460
2253
1851
1501
1445
1789
2427
3112
3565
3575
3115
2353
1563
1021
890
1205
1826
2521
3037
3146
2749
1922
891
43
36
34
123
864
1805
2576
2918
2771
2276
1680
1271
1300
1824
2681
3592
4095
4095
4095
3841
3349
3095
3192
3523
3789
3684
3090
2117
1062
285
50
275
785
1277
1554
1548
1341
1131
1080
1233
1470
1594
1469
1085
568
167
141
603
1462
2407
3115
3378
3195
2779
2348
2013
1785
1649
1594
1590
1637
1737
1862
2023
2225
2436
2616
2686
2588
2355
2090
1898
1902
2184
2690
3237
3588
3608
3312
2863
2455
2183
2045
2028
2148
2417
2785
3112
3229
3018
2519
1897
1360
1117
1259
1707
2294
2864
3283
3481
3468
3276
2979
2633
2224
1767
1344
1032
897
966
1169
1405
1647
1906
2158
2345
2456
2520
2588
2641
2552
2178
1480
572
38
36
34
34
486
1141
1631
1814
1739
1538
1370
1396
1701
2288
3102
4014
4095
4095
4095
4095
3987
3223
2711
2482
2406
2335
2230
2165
2256
2507
2766
2805
2452
1683
704
39
36
34
33
231
878
1806
2892
3939
4095
4095
4095
4095
4095
3887
3506
3274
3147
3023
2785
2320
1649
918
340
107
240
649
1188
1682
2002
2137
2111
1979
1794
1548
1257
953
641
315
41
36
34
52
450
1142
1958
2742
3398
3907
4095
4095
4095
4095
4095
4095
4095
3024
1911
1113
818
1027
1611
2365
3087
3618
3826
3630
3054
2226
1343
580
99
40
183
487
771
975
1113
1242
1397
1562
1745
1939
2117
2236
2219
2039
1733
1365
1074
1039
1397
2148
3095
3916
4095
4095
3989
3500
3060
2735
2553
2538
2697
3013
3386
3658
3697
3433
2923
2281
1644
1122
770
643
768
1092
1437
1609
1498
1164
794
595
724
1195
1847
2406
2622
2438
2037
1699
1600
1735
1995
2246
2391
2449
2458
2427
2389
2368
2334
2251
2085
1855
1629
1463
1447
1672
2176
2941
3859
4095
4095
4095
4095
4095
3661
2965
2462
2202
2138
2163
2125
1863
1352
663
39
36
35
33
225
821
1379
1651
1610
1406
1193
1067
1044
1131
1372
1805
2422
3139
3772
4095
4095
4014
3877
3942
4095
4095
4095
4095
3752
2872
1938
1098
461
115
133
522
1219
2034
2704
3014
2918
2547
2141
1914
1954
2213
2562
2856
2948
2752
2309
1732
1171
730
422
191
38
35
34
78
452
946
1297
1393
1322
1268
1403
1819
2454
3170
3839
4095
4095
4095
3705
2937
2120
1424
940
666
579
641
840
1181
1642
2169
2682
3106
3358
3435
3441
3519
3780
4095
4095
4095
4073
3216
2216
1441
1153
1353
1808
2204
2356
2309
2241
2330
2643
3089
3480
3619
3345
2686
1862
1136
720
726
1136
1830
2625
3321
3757
3858
3649
3216
2631
1952
1279
680
196
35
34
38
142
352
612
926
1326
1816
2341
2814
3121
3196
3044
2690
2172
1584
1074
732
554
510
601
803
1031
1161
1078
758
320
46
129
791
2015
3547
4095
4095
4095
4095
4095
3841
3342
3301
3685
4095
4095
4095
4095
3330
2381
1420
643
235
285
686
1150
1411
1327
914
328
37
35
34
50
316
765
1314
1868
2312
2533
2502
2295
2081
2031
2264
2797
3537
4095
4095
4095
4095
4095
3778
3267
2988
2960
3112
3325
3479
3427
3080
2484
1789
1158
681
367
169
52
35
35
39
274
897
1865
3057
4095
4095
4095
4095
4095
4095
3569
2364
1345
660
347
350
547
848
1219
1668
2185
2650
2865
2698
2199
1526
820
168
37
36
34
33
231
853
1576
2165
2460
2441
2248
2083
2104
2346
2733
3151
3487
3672
3644
3437
3187
2996
2871
2787
2757
2814
2951
3088
3098
2841
2256
1391
401
38
35
33
234
1110
2177
3097
3599
3606
3223
2669
2195
1959
1993
2185
2404
2551
2542
2362
2091
1862
1811
1978
2263
2492
2513
2265
1881
1617
1686
2125
2809
3557
4095
4095
4095
4095
3675
2737
1718
901
532
671
1190
1862
2415
2616
2400
1839
1081
363
37
57
513
1338
2254
2979
3324
3184
2605
1793
1085
799
1089
1841
2715
3368
3635
3546
3237
2814
2327
1781
1204
656
242
69
115
392
905
1587
2289
2837
3133
3186
3063
2882
2776
2786
2852
2895
2837
2618
2282
1927
1620
1400
1258
1209
1335
1707
2274
2834
3148
3115
2836
2501
2302
2298
2389
2413
2236
1842
1323
817
453
367
686
1450
2581
3872
4095
4095
4095
4095
4095
3854
2570
1365
493
81
52
177
429
779
1260
1861
2442
2760
2620
2042
1284
687
450
534
734
835
733
483
266
276
604
1254
2111
2969
3606
3877
3781
3453
3042
2668
2442
2461
2743
3224
3813
4095
4095
4095
4095
3750
2821
1943
1354
1168
1333
1681
1990
2025
1653
888
42
38
37
35
33
125
774
1680
2736
3860
4095
4095
4095
4095
4095
4095
3502
2564
1869
1485
1393
1480
1557
1440
1078
560
60
36
33
283
979
1786
2390
2569
2320
1830
1322
980
900
1067
1454
2050
2818
3701
4095
4095
4095
4095
4095
4095
3211
2126
1147
477
243
392
775
1211
1560
1789
1902
1896
1777
1599
1473
1458
1514
1587
1634
1650
1681
1771
1972
2274
2579
2788
2839
2745
2579
2372
2160
1990
1917
2009
2242
2472
2534
2371
2055
1748
1642
1828
2230
2638
2815
2615
2098
1524
1224
1417
2090
3013
3827
4095
4095
3863
3419
3099
2932
2769
2464
1982
1372
708
81
36
35
34
259
789
1333
1740
1966
2034
1998
1876
1686
1496
1381
1366
1428
1527
1677
1959
2414
3024
3686
4095
4095
4095
3915
3389
2978
2816
2944
3251
3519
3535
3225
2701
2176
1852
1854
2176
2695
3193
3437
3315
2814
2048
1205
477
62
53
363
991
1750
2471
3021
3321
3311
2983
2424
1746
1079
577
329
318
457
625
732
808
948
1243
1653
1995
2051
1713
1059
357
38
193
956
2094
3239
4016
4095
3975
3410
2819
2404
2246
2282
2419
2620
2848
3063
3215
3229
3106
2881
2630
2425
2299
2234
2169
2097
2088
2181
2374
2620
2799
2824
2710
2510
2292
2106
1973
1889
1800
1687
1602
1589
1633
1667
1641
1563
1500
1520
1617
1763
1943
2164
2484
2949
3551
4095
4095
4095
4095
3798
2698
1500
497
37
103
763
1763
2658
3118
3066
2620
2007
1422
936
562
285
83
36
36
105
496
1235
2265
3389
4095
4095
4095
4095
3570
2403
1286
489
145
270
804
1602
2477
3209
3641
3733
3512
3086
2570
2073
1676
1451
1459
1684
2060
2518
2989
3385
3584
3466
3010
2325
1625
1145
1020
1241
1638
1988
2167
2183
2145
2163
2267
2396
2460
2423
2280
2003
1533
832
43
38
38
36
33
44
801
1864
2826
3405
3481
3094
2428
1770
1418
1564
2213
3178
4095
4095
4095
4095
4095
4095
4095
4095
3745
2568
1618
1112
1079
1361
1724
1963
1935
1611
1075
477
41
36
36
35
34
60
443
1066
1762
2382
2822
3090
3232
3270
3243
3161
3002
2746
2405
2083
1952
2159
2731
3558
4095
4095
4095
4095
4095
4060
3411
2748
2153
1717
1490
1413
1356
1226
975
595
125
37
37
36
35
34
35
172
441
737
1060
1442
1902
2405
2913
3380
3766
4040
4095
4049
3849
3691
3703
3899
4095
4095
4095
3790
3128
2305
1529
1031
952
1293
1914
2582
3061
3195
2980
2498
1900
1389
1103
1030
1036
997
897
829
905
1134
1384
1499
1404
1116
723
387
249
346
627
1042
1586
2237
2923
3553
4041
4095
4095
4095
4031
3776
3493
3147
2714
2255
1882
1665
1635
1802
2109
2463
2763
2910
2905
2801
2636
2444
2251
2095
2063
2223
2571
2971
3206
3123
2695
2001
1256
717
515
612
837
986
975
840
646
486
462
678
1218
2063
3091
4095
4095
4095
4095
4095
4095
4095
3988
3238
2568
2019
1539
1032
415
38
37
36
35
33
117
584
1150
1679
2042
2190
2183
2150
2260
2597
3073
3439
3445
2980
2173
1374
941
1045
1612
2441
3219
3644
3583
3092
2373
1696
1268
1165
1317
1575
1767
1822
1775
1709
1694
1750
1893
2183
2678
3372
4095
4095
4095
4095
4095
3476
2574
1816
1294
1058
1093
1289
1483
1538
1429
1272
1189
1192
1208
1181
1123
1119
1307
1765
2473
3250
3829
4030
3854
3457
3034
2673
2387
2145
1943
1797
1710
1672
1674
1719
1805
1939
2080
2194
2310
2471
2701
2934
2998
2739
2136
1356
652
201
94
281
681
1181
1683
2105
2395
2546
2581
2541
2449
2354
2283
2211
2100
1918
1718
1590
1579
1726
2074
2589
3155
3586
3751
3621
3281
2864
2502
2323
2383
2590
2740
2615
2114
1391
768
512
681
1169
1793
2366
2757
2910
2895
2865
2956
3160
3297
3145
2586
1742
935
484
530
975
1585
2115
2416
2468
2337
2166
2110
2209
2368
2483
2525
2535
2540
2504
2402
2277
2174
2071
1885
1556
1107
666
366
257
320
557
999
1611
2301
2963
3491
3797
3815
3564
3150
2690
2320
2166
2295
2671
3167
3623
3860
3773
3388
2820
2208
1686
1371
1322
1515
1811
1974
1860
1488
1007
598
343
277
427
763
1175
1503
1666
1723
1790
1964
2288
2690
3058
3284
3244
2867
2193
1425
850
682
1031
1784
2644
3286
3516
3341
2898
2409
2052
1870
1859
2015
2293
2624
2959
3236
3404
3446
3360
3166
2911
2654
2404
2181
2012
1878
1727
1535
1311
1090
913
781
713
739
841
985
1166
1393
1644
1892
2101
2237
2352
2563
2927
3424
3939
4095
4095
4013
3539
3078
2758
2611
2541
2454
2310
2136
2024
2009
2039
2074
2096
2114
2140
2173
2213
2207
2072
1798
1492
1307
1362
1668
2089
2434
2558
2414
2105
1747
1396
1093
897
834
890
1010
1121
1172
1125
981
827
839
1176
1889
2817
3686
4095
4095
3669
2781
1854
1235
1114
1461
2061
2603
2882
2866
2631
2312
2088
2103
2413
2948
3489
3798
3774
3446
2902
2209
1467
829
418
278
397
702
1067
1324
1326
1060
664
347
274
433
704
952
1135
1303
1523
1878
2460
3288
4095
4095
4095
4095
4095
3909
2947
2239
1967
2130
2559
2970
3110
2902
2492
2096
1894
1929
2100
2235
2186
1933
1610
1395
1399
1630
1989
2345
2590
2615
2359
1833
1201
698
539
851
1592
2542
3375
3841
3872
3586
3227
3009
2980
2991
2846
2443
1838
1152
556
234
297
715
1333
1941
2350
2502
2411
2115
1656
1103
605
346
407
730
1152
1481
1602
1560
1497
1556
1800
2165
2548
2907
3221
3508
3809
4095
4095
4095
4095
4095
3882
3298
2609
1891
1200
598
152
36
64
349
829
1378
1908
2372
2679
2716
2459
2017
1592
1364
1407
1655
1928
2036
1866
1465
1012
717
725
1050
1636
2412
3281
4087
4095
4095
4095
4095
3555
2807
2217
1911
1926
2136
2328
2321
2049
1552
920
272
37
35
33
212
978
1980
2861
3355
3364
2975
2410
1898
1608
1613
1943
2551
3319
4021
4095
4095
3507
2588
1806
1430
1489
1810
2141
2292
2204
1936
1622
1395
1373
1590
1950
2293
2486
2473
2301
2037
1710
1339
935
488
52
36
35
33
361
1288
2392
3350
3985
4095
4095
3888
3481
3097
2851
2824
2988
3236
3429
3456
3274
2911
2442
1946
1478
1088
854
828
995
1269
1488
1521
1335
993
609
311
247
588
1413
2618
3893
4095
4095
4095
4095
3839
3238
2838
2628
2545
2501
2381
2105
1656
1091
580
326
468
1054
1948
2901
3662
4050
4087
3907
3625
3285
2906
2504
2087
1693
1363
1131
1015
989
1020
1091
1168
1235
1329
1502
1795
2176
2549
2782
2776
2557
2239
1958
1813
1842
2026
2289
2518
2572
2307
1669
766
40
36
36
35
34
35
34
34
100
550
1345
2373
3491
4095
4095
4095
4095
4095
4095
3637
3051
2745
2641
2601
2520
2353
2095
1825
1698
1848
2330
3052
3762
4095
4095
3815
3162
2349
1475
605
39
37
35
33
328
1097
1893
2457
2627
2375
1800
1094
519
315
602
1370
2437
3503
4095
4095
4095
4095
4095
4095
4095
4095
4095
3944
3485
2703
1698
647
39
36
35
33
123
488
933
1369
1702
1883
1908
1832
1697
1581
1564
1682
1963
2391
2901
3380
3664
3678
3482
3215
2986
2822
2675
2494
2272
2032
1815
1600
1347
1041
704
398
234
319
715
1376
2132
2768
3093
3018
2590
1962
1363
1055
1246
1986
3133
4095
4095
4095
4095
4095
4066
3190
2305
1434
596
38
37
35
33
381
1459
2860
4095
4095
4095
4095
4095
3101
1842
669
39
36
34
33
372
1013
1686
2316
2897
3439
3863
4010
3788
3235
2522
1920
1653
1764
2131
2541
2804
2865
2755
2534
2264
1988
1767
1616
1505
1387
1187
895
566
283
138
145
295
560
900
1309
1763
2217
2621
2919
3086
3145
3102
2958
2723
2449
2258
2223
2356
2619
2902
3079
3075
2876
2489
2000
1515
1104
846
786
861
975
1087
1241
1492
1892
2469
3199
3995
4095
4095
4095
4095
4095
3943
3186
2589
2120
1687
1211
672
155
36
35
34
112
559
1112
1529
1668
1515
1157
815
751
1099
1832
2810
3820
4095
4095
4095
4095
4095
4095
4004
3773
3629
3534
3439
3305
3110
2835
2471
1985
1348
543
40
39
39
37
35
35
33
159
532
819
935
902
841
900
1171
1701
2461
3332
4095
4095
4095
4095
4095
4095
4095
4095
4095
4095
4095
4095
3778
3457
3177
2961
2777
2534
2188
1800
1488
1322
1296
1378
1515
1607
1525
1207
674
53
36
35
33
181
836
1678
2482
3089
3467
3614
3513
3187
2720
2264
1966
1887
2040
2341
2688
2967
3044
2888
2613
2355
2203
2171
2192
2170
2074
1922
1768
1718
1855
2140
2399
2434
2161
1653
1067
613
481
719
1196
1701
2078
2313
2468
2618
2833
3138
3531
3920
4095
4095
3677
2959
2204
1692
1603
1939
2502
3005
3238
3131
2710
2040
1248
472
38
36
34
35
34
38
169
581
1231
1973
2601
2990
3170
3298
3541
3944
4095
4095
4095
3946
3240
2522
1933
1535
1344
1357
1580
1988
2470
2877
3053
2904
2461
1883
1399
1138
1068
1074
1045
912
685
478
466
744
1257
1875
2440
2819
2963
2931
2832
2777
2810
2890
2913
2784
2480
2102
1804
1681
1776
2118
2692
3415
4086
4095
4095
3623
2693
1891
1550
1812
2573
3519
4095
4095
3914
2935
1804
851
295
138
197
238
101
36
36
34
33
204
864
1804
2795
3547
3850
3663
3157
2595
2153
1881
1787
1903
2236
2695
3162
3557
3803
3826
3563
3027
2330
1596
932
441
216
337
825
1551
2239
2621
2558
2073
1348
640
235
340
997
2027
3060
3717
3785
3319
2582
1877
1469
1467
1765
2148
2456
2685
2925
3239
3561
3767
3750
3469
3007
2537
2193
2054
2107
2260
2391
2363
2149
1840
1551
1310
1079
797
500
280
193
242
433
773
1253
1839
2468
3104
3673
4050
4095
3918
3426
2776
2128
1618
1322
1264
1429
1736
2039
2221
2275
2306
2404
2603
2860
3100
3295
3460
3613
3709
3646
3347
2800
2100
1443
1028
982
1320
1926
2606
3092
3191
2879
2292
1661
1197
952
810
591
146
38
39
38
37
34
32
485
1645
2865
3759
4095
3970
3576
3221
3115
3343
3804
4095
4095
4095
4095
3978
3375
2807
2371
2099
1964
1898
1809
1606
1253
829
468
265
283
517
857
1166
1342
1414
1565
1985
2753
3732
4095
4095
4095
4095
4095
3605
2846
2111
1414
776
228
36
36
34
34
51
348
911
1624
2386
3103
3702
4095
4095
4095
4095
4095
4095
4095
4095
4042
3707
3337
3007
2774
2617
2418
2062
1502
827
270
65
249
738
1234
1450
1255
713
91
35
42
581
1502
2449
3106
3346
3193
2740
2176
1664
1293
1124
1206
1488
1834
2108
2204
2074
1768
1430
1224
1265
1584
2108
2698
3222
3580
3724
3660
3441
3144
2816
2517
2320
2251
2274
2307
2243
1992
1539
1004
604
509
744
1228
1855
2532
3204
3822
4095
4095
4095
4095
4056
3488
2730
1856
929
69
37
36
35
34
141
558
1004
1396
1772
2200
2691
3180
3593
3889
4031
3957
3618
3021
2319
1772
1577
1776
2249
2738
3037
3097
2957
2727
2535
2428
2357
2288
2233
2199
2177
2137
2036
1872
1629
1284
816
270
36
34
128
668
1340
1934
2379
2674
2836
2907
2929
2960
3033
3095
3058
2913
2718
2582
2624
2898
3336
3724
3830
3560
3010
2375
1839
1489
1331
1322
1382
1466
1596
1825
2149
2451
2564
2412
2106
1860
1868
2201
2713
3117
3132
2613
1623
428
38
36
33
372
1512
2868
3974
4095
4095
4029
3301
2491
1702
1019
565
427
572
911
1383
1967
2620
3242
3695
3889
3866
3755
3682
3655
3543
3192
2526
1606
605
37
34
41
660
1632
2535
3009
2878
2205
1244
322
36
34
226
857
1698
2634
3570
4095
4095
4095
4095
4095
3893
3138
2304
1517
927
640
724
1126
1705
2323
2848
3184
3271
3038
2518
1846
1234
887
861
1024
1196
1246
1110
805
437
151
94
315
755
1276
1739
2031
2142
2166
2231
2446
2898
3575
4095
4095
4095
4095
4095
4095
3983
3681
3260
2705
2117
1604
1195
871
601
382
249
223
283
346
329
244
223
392
768
1298
1910
2501
2956
3224
3335
3349
3357
3410
3489
3579
3691
3843
4049
4095
4095
4095
3868
3130
2184
1271
643
418
553
859
1091
1069
735
207
36
35
33
208
706
1378
2153
2901
3461
3738
3684
3302
2648
1823
978
350
132
390
1060
1949
2857
3619
4095
4095
3935
3471
2977
2610
2427
2431
2550
2642
2581
2364
2141
2053
2114
2210
2180
1985
1725
1561
1645
1981
2418
2734
2743
2382
1796
1239
962
1130
1757
2712
3761
4095
4095
4095
4077
3206
2367
1702
1268
1124
1278
1649
2075
2428
2602
2531
2265
1937
1702
1659
1788
1975
2087
2084
1973
1796
1576
1326
1057
738
334
37
36
36
34
32
491
1453
2575
3580
4095
4095
4095
3928
3507
3213
3059
2953
2754
2392
1953
1604
1509
1758
2247
2704
2855
2605
2116
1689
1586
1850
2337
2859
3270
3497
3488
3196
2631
1883
1096
381
37
35
35
34
40
381
1033
1821
2592
3225
3617
3715
3522
3110
2667
2468
2713
3418
4095
4095
4095
4095
4095
3367
2797
2580
2631
2782
2814
2532
1914
1132
460
146
266
687
1099
1215
939
446
72
60
411
1056
1741
2243
2399
2162
1600
950
525
536
973
1626
2210
2568
2759
2900
3042
3163
3182
3032
2732
2402
2226
2325
2702
3270
3845
4095
4095
4095
4058
3457
2649
1733
886
294
91
310
907
1672
2305
2576
2462
2148
1868
1775
1889
2117
2322
2350
2100
1592
1002
620
695
1241
2045
2825
3336
3438
3191
2817
2580
2617
2891
3223
3414
3404
3269
3120
2981
2771
2417
1914
1322
747
220
37
36
35
34
70
368
737
1073
1365
1708
2162
2731
3377
4014
4095
4095
4095
3843
2856
1703
687
104
67
397
900
1381
1806
2206
2583
2896
3092
3148
3050
2827
2538
2231
2004
1999
2304
2902
3660
4095
4095
4095
4069
3334
2621
2073
1712
1473
1253
981
652
310
41
36
35
34
33
243
920
1904
3031
4057
4095
4095
4095
3460
2363
1416
929
1058
1704
2545
3175
3313
2953
2370
1928
1881
2256
2885
3532
3995
4095
3967
3466
2783
2057
1391
857
416
70
35
35
35
35
35
36
36
36
35
34
156
836
1801
2842
3743
4095
4095
4095
4095
3922
3967
4095
4095
4095
4095
4095
4095
4095
4095
4095
4095
4095
4067
3473
2495
1153
44
41
43
41
35
34
32
572
1322
1961
2467
2881
3225
3452
3546
3565
3565
3599
3704
3880
4069
4095
4095
4095
3898
3618
3351
3151
3033
2917
2679
2225
1545
735
40
38
37
36
35
34
32
366
1112
2055
2991
3671
3909
3703
3205
2588
1988
1481
1128
983
1022
1180
1428
1799
2305
2866
3361
3671
3715
3485
3080
2709
2573
2790
3316
3919
4095
4095
4095
3724
3043
2238
1400
649
117
35
110
426
798
1072
1129
957
672
445
412
678
1254
2057
2968
3801
4095
4095
4095
3751
3061
2385
1884
1630
1595
1683
1786
1883
2026
2231
2439
2551
2552
2543
2636
2873
3247
3655
3991
4095
4095
4054
3656
3043
2286
1533
961
678
634
691
731
701
596
481
505
785
1322
1993
2596
2915
2894
2633
2319
2117
2109
2296
2574
2829
3025
3171
3278
3285
3069
2593
1914
1210
690
493
626
1013
1482
1812
1888
1723
1400
1066
839
748
801
1039
1503
2176
2957
3652
4067
4090
3733
3121
2384
1632
946
421
199
394
979
1740
2388
2712
2731
2626
2571
2601
2640
2626
2614
2712
2964
3288
3526
3511
3217
2778
2371
2131
2136
2394
2834
3293
3572
3523
3117
2497
1846
1267
776
386
184
289
774
1576
2509
3348
3919
4095
3982
3506
2860
2198
1594
1030
441
38
36
35
34
174
628
1164
1611
1820
1729
1446
1228
1318
1840
2696
3617
4095
4095
4095
4095
3590
3036
2653
2463
2431
2498
2564
2509
2288
1941
1539
1195
993
973
1186
1606
2133
2679
3178
3597
3892
4014
3947
3656
3113
2378
1580
869
372
123
122
361
779
1215
1491
1537
1472
1515
1838
2409
2986
3290
3207
2852
2486
2304
2328
2478
2659
2789
2839
2823
2743
2574
2267
1786
1153
459
37
34
198
990
2054
3044
3710
3975
3914
3708
3471
3213
2889
2492
2112
1827
1642
1544
1557
1730
2093
2561
2926
3014
2778
2315
1851
1609
1708
2069
2434
2524
2220
1622
982
540
379
491
840
1334
1827
2220
2511
2761
2986
3091
2975
2658
2292
2027
1890
1833
1834
1925
2116
2363
2572
2606
2366
1836
1150
561
334
634
1374
2232
2840
2974
2670
2151
1685
1460
1559
1996
2718
3595
4095
4095
4095
4057
3054
2059
1301
840
646
637
725
892
1177
1581
2062
2535
2905
3098
3037
2707
2204
1697
1328
1162
1225
1540
2115
2895
3684
4095
4095
3617
2575
1419
562
261
547
1244
2070
2810
3379
3775
3996
4012
3801
3346
2630
1687
642
40
37
36
34
33
36
346
882
1474
1988
2392
2697
2896
3009
3077
3155
3281
3421
3556
3719
3930
4095
4095
4095
4095
3965
3334
2620
1980
1480
1081
718
397
176
145
339
735
1294
1956
2614
3148
3477
3535
3260
2659
1803
888
157
36
34
46
232
551
979
1576
2391
3405
4095
4095
4095
4095
3755
2696
1971
1832
2288
3075
3759
3949
3443
2321
943
40
36
34
75
614
1236
1754
2109
2287
2305
2193
2029
1959
2060
2272
2509
2731
2938
3176
3473
3767
3938
3871
3463
2694
1722
845
376
483
1080
1860
2486
2764
2718
2534
2418
2481
2644
2692
2460
1918
1136
306
37
35
33
114
465
928
1476
2064
2558
2857
2960
2957
2976
3095
3316
3553
3682
3648
3445
3136
2845
2619
2400
2114
1763
1415
1143
978
876
775
633
501
514
757
1196
1736
2273
2746
3131
3379
3413
3178
2730
2292
2112
2304
2813
3443
3938
4080
3747
2963
1931
956
344
246
632
1323
2028
2544
2845
3037
3268
3561
3774
3767
3507
3043
2453
1855
1425
1278
1450
1830
2178
2308
2168
1780
1217
580
52
35
34
106
570
1269
2011
2636
3022
3111
2982
2791
2655
2623
2673
2767
2862
2881
2778
2594
2423
2307
2250
2174
2009
1785
1603
1542
1624
1783
1959
2109
2192
2244
2372
2670
3135
3647
4019
4095
3923
3519
2939
2217
1447
766
273
47
50
232
624
1128
1589
1873
1971
2010
2117
2343
2659
2954
3146
3186
3065
2837
2597
2482
2589
2896
3263
3466
3328
2840
2110
1292
600
239
327
861
1703
2569
3141
3220
2778
1934
960
140
35
34
92
651
1496
2367
2967
3145
2969
2627
2326
2239
2428
2869
3452
3971
4095
4035
3538
2842
2099
1381
766
316
71
56
251
681
1189
1577
1728
1684
1624
1763
2205
2909
3721
4095
4095
4095
3981
3206
2512
2050
1781
1596
1387
1124
884
726
648
665
754
838
840
733
550
370
335
621
1337
2424
3674
4095
4095
4095
4095
4095
4095
3528
2762
2313
2276
2568
2945
3141
2981
2473
1800
1180
760
596
698
1012
1419
1749
1855
1659
1269
924
806
935
1200
1470
1708
1924
2105
2242
2333
2365
2334
2284
2267
2304
2383
2454
2507
2612
2811
3066
3272
3347
3297
3164
3005
2841
2611
2246
1716
1059
406
38
37
323
901
1484
1848
1905
1694
1339
992
813
955
1522
2499
3736
4095
4095
4095
4095
4095
4095
4095
3416
2984
2792
2662
2428
2050
1586
1153
875
752
666
497
211
36
35
34
55
352
774
1171
1461
1623
1648
1573
1504
1595
1894
2294
2595
2622
2314
1765
1219
997
1325
2229
3517
4095
4095
4095
4095
4095
4095
3361
2215
1094
137
37
34
33
324
848
1279
1474
1438
1287
1168
1148
1199
1248
1286
1410
1749
2315
2962
3474
3674
3485
3014
2479
2101
2020
2239
2682
3238
3806
4095
4095
4095
3839
2985
1967
989
219
35
34
245
776
1335
1753
1976
2048
2101
2208
2323
2338
2142
1712
1147
602
226
124
379
1068
2156
3458
4095
4095
4095
4095
4095
4095
4095
4005
3393
2780
2252
1816
1456
1169
954
845
871
991
1135
1252
1274
1134
803
310
37
36
34
34
84
737
1764
2885
3811
4095
4095
4095
3758
3570
3569
3647
3680
3583
3322
2912
2395
1897
1628
1767
2374
3320
4095
4095
4095
4095
4048
2810
1494
311
38
37
36
36
36
34
34
37
260
738
1429
2271
3090
3681
3930
3844
3588
3372
3371
3657
4095
4095
4095
4095
3662
2454
1118
43
38
36
34
33
364
935
1373
1599
1721
1881
2132
2427
2690
2871
2950
2993
3119
3378
3756
4095
4095
4095
4095
4095
3970
3023
1961
994
274
36
34
113
555
1234
2026
2756
3281
3571
3665
3651
3628
3660
3730
3728
3518
3015
2185
1092
44
38
36
33
102
857
1685
2233
2374
2160
1781
1495
1503
1896
2615
3420
4036
4095
4095
3863
3376
2884
2500
2286
2192
2082
1836
1419
943
554
349
324
348
263
40
37
36
35
33
322
1004
1752
2396
2859
3119
3245
3341
3504
3825
4095
4095
4095
4095
4095
4095
3640
2956
2378
1987
1810
1778
1805
1840
1887
1939
1965
1984
2080
2354
2860
3539
4095
4095
4095
4095
4095
3412
2456
1668
1150
909
836
759
561
245
36
34
36
154
396
621
779
890
1009
1201
1510
1909
2300
2612
2839
2971
2962
2742
2276
1683
1226
1166
1608
2418
3268
3799
3772
3159
2214
1348
887
925
1346
1890
2287
2376
2183
1905
1758
1825
2038
2226
2229
2036
1770
1587
1610
1867
2333
2896
3376
3656
3750
3759
3778
3823
3825
3656
3281
2788
2291
1855
1490
1141
749
300
36
36
34
33
88
611
1437
2442
3502
4095
4095
4095
4095
4095
3836
3284
2859
2641
2688
2995
3417
3721
3694
3192
2223
951
41
37
35
33
238
910
1593
2173
2650
3022
3228
3181
2868
2364
1776
1214
762
499
524
895
1553
2316
2979
3438
3695
3829
3935
4040
4069
3932
3628
3237
2888
2660
2512
2333
2020
1504
839
147
36
36
36
35
34
56
358
835
1402
1967
2442
2809
3044
3098
2936
2609
2287
2150
2255
2502
2739
2858
2836
2723
2560
2406
2298
2215
2161
2186
2301
2505
2802
3188
3636
4094
4095
4095
4095
3676
2921
2074
1205
416
37
34
68
620
1517
2525
3414
4011
4095
4095
3640
2859
1886
954
330
156
382
805
1145
1207
993
695
536
664
1076
1582
1936
1973
1739
1475
1432
1745
2370
3062
3535
3586
3186
2522
1872
1458
1391
1694
2340
3236
4095
4095
4095
4095
4095
3977
3020
2211
1675
1365
1196
1079
933
731
529
416
441
606
839
1067
1305
1632
2070
2538
2953
3279
3509
3632
3618
3472
3285
3144
3093
3158
3315
3472
3511
3311
2772
1915
940
166
34
155
748
1539
2293
2852
3150
3217
3073
2747
2313
1826
1352
935
540
170
35
34
38
230
618
1000
1217
1242
1155
1098
1242
1642
2260
3006
3694
4095
4071
3638
2999
2379
1927
1726
1826
2223
2807
3401
3831
3954
3705
3164
2513
1970
1711
1806
2130
2424
2504
2356
2048
1648
1213
786
465
380
571
983
1504
1982
2316
2482
2513
2462
2372
2280
2240
2299
2495
2854
3338
3800
4027
3841
3203
2289
1385
715
373
315
427
641
924
1230
1517
1800
2116
2500
2978
3490
3953
4095
4095
4095
4095
3510
2712
1967
1440
1203
1231
1457
1837
2298
2700
2872
2690
2131
1321
550
137
230
763
1547
2347
3008
3441
3616
3575
3397
3145
2849
2494
2113
1835
1797
2024
2427
2880
3282
3571
3673
3450
2807
1760
532
38
36
32
458
1427
2386
2991
3036
2494
1493
323
39
35
32
614
1743
2838
3491
3518
3007
2235
1552
1261
1480
2091
2789
3234
3269
2996
2673
2505
2503
2567
2624
2676
2767
2905
3008
2935
2597
2031
1433
1015
886
1011
1243
1468
1670
1852
2023
2183
2330
2480
2605
2645
2537
2214
1675
1041
466
87
45
283
840
1551
2270
2878
3329
3677
3993
4095
4095
4095
3663
2847
1927
1172
839
1020
1625
2463
3263
3754
3765
3313
2558
1722
1050
750
920
1484
2246
2980
3472
3550
3163
2390
1416
464
37
35
34
231
973
1916
2801
3418
3702
3707
3583
3442
3273
3010
2598
2088
1666
1548
1816
2382
3027
3500
3637
3361
2760
2011
1328
873
668
637
712
873
1131
1516
2012
2548
3009
3272
3251
2891
2233
1445
761
388
463
964
1716
2445
2865
2840
2408
1740
1101
728
758
1213
1951
2697
3174
3250
3014
2723
2617
2759
3023
3194
3099
2709
2175
1754
1630
1805
2144
2458
2606
2562
2369
2090
1756
1439
1258
1282
1505
1842
2162
2370
2439
2452
2521
2679
2875
3002
2976
2826
2664
2611
2724
2946
3104
2979
2477
1715
954
495
485
835
1260
1487
1366
878
157
37
35
34
69
736
1695
2648
3384
3760
3772
3524
3167
2853
2662
2593
2620
2742
2960
3220
3389
3386
3243
3070
2936
2778
2458
1873
1049
192
37
35
33
445
1270
2221
3084
3705
4014
4019
3801
3497
3286
3301
3562
3981
4095
4095
4095
4095
3555
3013
2628
2440
2379
2302
2062
1607
959
169
38
37
36
35
33
41
336
726
1054
1224
1188
966
668
458
510
963
1798
2828
3821
4095
4095
4095
4095
3766
3207
2780
2559
2577
2780
3075
3388
3665
3884
4081
4095
4095
4095
3893
3193
2292
1397
766
574
814
1322
1823
2036
1814
1189
389
37
34
56
576
1291
1942
2431
2743
2919
2995
2939
2712
2305
1771
1270
985
1049
1496
2244
3158
4055
4095
4095
4095
4095
3435
2589
1931
1592
1554
1648
1699
1595
1344
1049
834
830
1108
1639
2285
2817
2979
2671
1974
1047
103
38
36
36
33
330
1357
2658
3879
4095
4095
4095
3656
2685
2009
1827
2120
2690
3268
3625
3602
3161
2396
1538
850
485
494
837
1362
1930
2463
2942
3341
3624
3735
3633
3322
2871
2380
1942
1650
1553
1654
1935
2289
2531
2476
2026
1215
211
39
37
34
50
865
2024
3156
4018
4095
4095
4095
4095
3990
3755
3491
3142
2711
2315
2105
2196
2593
3181
3756
4055
3826
2967
1574
50
41
40
37
34
32
185
878
1578
2090
2378
2525
2663
2928
3369
3922
4095
4095
4095
4095
4095
3673
2996
2417
2018
1765
1588
1469
1486
1741
2268
2941
3535
3860
3795
3298
2440
1419
546
84
90
459
1061
1684
2133
2275
2112
1788
1465
1228
1104
1068
1057
1038
1046
1174
1540
2220
3167
4095
4095
4095
4095
3668
2452
1475
1068
1286
1905
2596
3107
3328
3245
2865
2270
1622
1076
736
667
872
1297
1779
2087
2063
1751
1351
1058
972
1068
1241
1387
1403
1281
1101
988
1057
1314
1650
1937
2081
2046
1899
1752
1675
1689
1769
1912
2132
2407
2688
2955
3258
3677
4095
4095
4095
4095
4095
4095
4095
3617
3036
2368
1664
1085
815
962
1509
2304
3101
3651
3751
3353
2528
1429
259
38
37
35
34
48
363
807
1294
1797
2265
2581
2643
2421
1978
1463
1110
1159
1734
2739
3895
4095
4095
4095
4095
4036
3051
2077
1301
891
889
1184
1587
1898
1963
1802
1547
1307
1141
1048
1042
1200
1609
2258
3022
3720
4095
4095
4095
4095
4095
4095
3897
3548
3143
2762
2472
2233
1899
1319
425
40
40
38
36
35
32
382
1508
2832
3988
4095
4095
4095
4095
3959
3439
2838
2188
1587
1205
1174
1522
2096
2583
2669
2201
1302
355
36
33
359
1017
1632
1943
1855
1434
871
443
389
819
1727
2968
4095
4095
4095
4095
4095
4095
4095
3949
3150
2260
1362
580
46
36
34
166
683
1397
2136
2709
2952
2838
2519
2221
2092
2105
2119
1975
1615
1116
627
348
419
834
1478
2191
2846
3382
3842
4095
4095
4095
4095
4095
4095
4095
4095
3591
2518
1477
516
38
37
36
36
34
34
37
240
625
1142
1740
2279
2589
2623
2517
2502
2749
3289
4014
4095
4095
4095
4095
3587
2518
1678
1237
1188
1417
1760
2077
2229
2130
1831
1465
1141
899
708
480
192
36
36
36
35
35
34
33
411
1304
2414
3465
4095
4095
4095
4095
4095
4004
3572
3122
2719
2451
2395
2598
3040
3605
4095
4095
4023
3384
2494
1542
754
364
505
1108
1890
2546
2927
3072
3136
3247
3385
3397
3153
2618
1872
1095
428
37
35
42
416
1109
1845
2397
2696
2816
2867
2861
2767
2603
2427
2323
2340
2462
2612
2671
2585
2373
2116
1911
1817
1828
1898
1983
2029
1985
1802
1504
1235
1156
1355
1813
2380
2822
2970
2785
2350
1873
1609
1700
2096
2594
2991
3191
3164
2916
2505
2059
1730
1637
1791
2097
2456
2751
2907
2911
2762
2460
2001
1377
640
40
34
33
483
1338
2214
2881
3277
3477
3558
3556
3476
3261
2911
2493
2136
1998
2137
2444
2746
2889
2808
2589
2357
2180
2068
2036
2100
2203
2219
2041
1686
1262
916
744
708
698
624
512
513
791
1419
2338
3369
4095
4095
4095
4095
4095
3501
2315
1180
256
37
35
33
48
440
1085
1804
2434
2839
2975
2931
2840
2792
2842
3007
3230
3383
3367
3144
2771
2371
2016
1771
1717
1919
2394
3051
3671
4001
3868
3213
2137
898
40
37
35
33
141
897
2012
3276
4095
4095
4095
4095
4095
3116
2017
1094
472
246
412
888
1553
2216
2672
2819
2657
2285
1851
1442
1074
725
382
92
38
214
871
1887
2988
3896
4095
4095
4095
4095
3960
3655
3314
2930
2544
2277
2240
2476
2918
3423
3814
3903
3531
2689
1540
336
38
36
34
33
250
566
736
702
564
465
493
702
1121
1760
2574
3435
4095
4095
4095
4095
3479
2624
1816
1272
1126
1365
1865
2467
2987
3257
3207
2870
2351
1832
1502
1480
1810
2389
3012
3511
3800
3859
3717
3421
3024
2645
2403
2320
2318
2263
2056
1743
1460
1297
1280
1394
1546
1634
1587
1339
876
263
37
37
35
34
34
490
1275
2112
2856
3490
4055
4095
4095
4095
4095
3731
2995
2561
2619
3112
3781
4095
4095
4095
3600
2855
2184
1742
1543
1444
1227
730
52
36
35
32
446
1187
1801
2075
1989
1693
1442
1417
1686
2244
2991
3786
4095
4095
4095
4095
3428
2635
2143
2078
2380
2850
3179
3080
2416
1314
158
37
34
64
565
1032
1143
863
390
50
76
587
1490
2460
3187
3538
3551
3381
3184
3029
2927
2835
2644
2298
1830
1346
988
901
1137
1641
2282
2883
3302
3486
3514
3485
3465
3500
3575
3660
3709
3660
3446
3050
2575
2178
1953
1859
1779
1593
1203
600
39
38
38
35
33
234
1309
2645
3806
4095
4095
4095
4095
4095
4095
3510
2889
2386
2071
1917
1793
1581
1286
1016
915
1036
1335
1740
2132
2384
2409
2198
1865
1598
1559
1756
2026
2179
2096
1758
1304
917
741
836
1109
1393
1532
1471
1308
1198
1224
1391
1683
2081
2561
3089
3561
3921
4095
4095
4095
4095
4087
3795
3519
3358
3307
3290
3191
2879
2348
1753
1324
1185
1290
1516
1750
1919
1952
1765
1312
704
208
71
328
924
1665
2399
2978
3295
3328
3115
2763
2431
2213
2090
2026
2011
2009
1960
1860
1796
1876
2125
2454
2714
2791
2699
2501
2271
2070
1899
1759
1673
1620
1593
1640
1791
1997
2112
2003
1665
1197
709
282
47
68
443
1215
2234
3248
4015
4095
4095
4095
3996
3651
3333
3043
2761
2513
2318
2178
2091
2048
1986
1798
1389
741
45
37
35
33
203
913
1772
2566
3187
3578
3741
3759
3740
3774
3855
3887
3752
3335
2612
1736
990
652
822
1342
1907
2248
2284
2097
1863
1791
2000
2439
2908
3202
3253
3131
3013
3037
3227
3470
3602
3472
2974
2158
1233
409
37
35
33
56
464
1182
2064
2904
3499
3726
3571
3121
2488
1852
1435
1402
1799
2519
3294
3787
3804
3377
2676
1888
1199
717
493
577
928
1427
1969
2466
2861
3154
3311
3276
3005
2520
1926
1377
1004
873
1005
1354
1795
2184
2403
2403
2248
2009
1728
1468
1327
1356
1521
1774
2086
2404
2631
2658
2454
2097
1752
1583
1665
1974
2431
2962
3453
3777
3859
3686
3315
2847
2424
2137
2029
2108
2271
2345
2229
1960
1647
1365
1138
956
776
619
591
796
1247
1817
2344
2682
2736
2522
2136
1694
1364
1301
1594
2243
3102
3900
4095
4095
3814
3118
2495
2184
2231
2502
2761
2792
2501
1936
1295
814
603
629
768
905
985
1014
1095
1390
2021
2993
4095
4095
4095
4095
4095
3796
3116
2576
2221
2066
2062
2125
2151
2078
1953
1875
1914
2033
2073
1852
1299
554
38
36
36
34
33
301
892
1588
2235
2767
3135
3274
3186
2975
2804
2818
2998
3154
3066
2658
2061
1477
1090
965
1014
1079
1022
818
594
588
979
1735
2661
3529
4095
4095
4095
3762
2944
2168
1719
1746
2226
2959
3676
4095
4095
3766
2877
1781
814
270
286
751
1356
1792
1890
1679
1379
1183
1155
1284
1547
1908
2293
2598
2718
2565
2147
1612
1185
1065
1308
1777
2279
2633
2719
2563
2325
2202
2288
2527
2796
3006
3166
3337
3511
3618
3605
3437
3135
2760
2378
2017
1655
1302
1024
920
1088
1537
2128
2621
2789
2524
1923
1237
751
613
810
1247
1794
2307
2646
2728
2583
2285
1903
1483
1057
680
463
534
930
1562
2238
2710
2830
2646
2358
2155
2080
2056
2014
2009
2166
2529
2976
3301
3377
3204
2900
2630
2465
2366
2274
2135
1960
1850
1856
1917
1907
1703
1285
749
239
36
34
131
724
1724
2948
4095
4095
4095
4095
4095
4095
4095
4095
3724
3318
2914
2469
1949
1353
763
286
38
34
36
204
658
1303
2003
2602
2961
2970
2618
2008
1327
809
610
720
1022
1363
1664
1922
2142
2369
2643
2967
3360
3775
4095
4095
4095
4095
4095
3937
3537
3157
2880
2753
2721
2622
2317
1739
903
42
39
38
37
36
33
96
815
1725
2550
3111
3293
3096
2618
2046
1599
1444
1642
2086
2615
3083
3396
3535
3479
3208
2736
2152
1645
1437
1618
2117
2788
3499
4095
4095
4095
4095
4095
4095
4075
3563
2986
2290
1440
458
39
37
36
34
34
106
398
667
867
1013
1100
1137
1183
1358
1785
2512
3432
4095
4095
4095
4095
4095
4095
4074
3696
3295
2892
2487
2031
1516
970
476
175
133
323
689
1100
1410
1547
1557
1497
1400
1316
1328
1513
1860
2220
2438
2433
2237
1968
1713
1561
1619
1966
2606
3363
3942
4086
3714
2982
2205
1652
1471
1678
2149
2646
2976
3075
2999
2826
2612
2416
2236
1997
1610
1041
366
37
35
32
287
1057
2081
3159
4048
4095
4095
3668
2745
1848
1223
987
1137
1618
2308
3003
3471
3588
3363
2937
2528
2267
2133
2020
1837
1566
1229
893
666
623
767
1052
1431
1840
2187
2402
2499
2542
2628
2855
3210
3600
3905
4031
3948
3680
3325
3010
2868
2962
3250
3613
3895
3973
3736
3147
2270
1253
293
37
36
33
34
242
643
1021
1298
1505
1715
2004
2381
2775
3097
3230
3101
2698
2044
1269
608
294
460
1062
1873
2590
3021
3120
2916
2461
1808
1075
479
250
528
1283
2331
3400
4095
4095
4095
3871
2902
1788
697
38
37
35
33
212
767
1300
1656
1833
1937
2087
2315
2561
2741
2852
2992
3262
3676
4095
4095
4095
3983
3514
3177
3128
3397
3832
4095
4095
3895
3351
2721
2179
1755
1396
1078
856
766
780
809
759
632
516
481
544
656
767
877
1034
1314
1825
2610
3567
4095
4095
4095
4095
4095
3339
2454
1825
1576
1747
2265
2957
3627
4091
4095
3860
3171
2267
1283
328
39
38
37
36
33
215
1225
2438
3423
3905
3785
3132
2184
1239
560
290
375
645
951
1212
1383
1464
1519
1666
1973
2391
2826
3164
3294
3183
2914
2673
2617
2768
3018
3224
3280
3133
2804
2417
2151
2131
2390
2886
3485
3990
4095
3942
3300
2416
1524
827
444
381
587
999
1565
2211
2798
3146
3159
2886
2478
2071
1694
1318
904
463
120
66
338
903
1580
2162
2471
2489
2342
2156
1992
1859
1774
1755
1785
1844
1925
2036
2217
2528
2984
3510
3971
4095
4095
4095
4095
4095
4095
4089
3828
3300
2558
1699
804
42
38
37
36
35
33
40
477
1227
2113
2946
3560
3820
3631
3007
2124
1296
816
878
1495
2500
3620
4095
4095
4095
4017
2863
1568
405
37
33
48
565
1305
2049
2676
3123
3338
3270
2943
2467
2003
1748
1824
2206
2741
3202
3359
3112
2546
1908
1421
1175
1160
1284
1409
1492
1599
1840
2296
2924
3567
4042
4095
4095
3747
3195
2556
1932
1372
892
521
290
229
346
612
971
1369
1813
2328
2848
3216
3256
2880
2182
1398
751
381
323
583
1170
2017
2929
3658
4044
4095
4051
4042
4095
4095
4095
4095
3940
3402
2761
2078
1428
921
619
491
485
568
692
787
777
657
543
605
952
1562
2270
2868
3254
3416
3368
3110
2685
2209
1808
1526
1376
1331
1363
1509
1805
2231
2670
2972
2997
2660
2005
1235
645
493
839
1501
2209
2714
2834
2528
1902
1212
795
901
1554
2575
3699
4095
4095
4095
4095
4095
4095
3000
1667
446
37
34
34
236
526
612
414
45
36
34
33
528
1548
2830
4095
4095
4095
4095
4095
4095
4095
4095
4095
3954
3312
2351
1129
43
38
36
34
36
497
1112
1609
1880
1930
1837
1701
1604
1542
1477
1437
1527
1862
2495
3358
4095
4095
4095
4095
3278
2243
1490
1178
1219
1422
1598
1652
1640
1638
1695
1827
2020
2274
2540
2748
2836
2747
2468
2060
1638
1338
1282
1472
1811
2144
2302
2243
2085
2006
2134
2477
2909
3242
3333
3150
2815
2507
2317
2178
1940
1500
918
412
184
305
743
1405
2193
3010
3733
4095
4095
3711
2868
2002
1448
1399
1812
2409
2879
3054
2891
2428
1781
1086
474
100
56
258
733
1387
2065
2546
2663
2413
2002
1720
1729
1985
2355
2674
2806
2726
2479
2124
1764
1490
1292
1120
940
780
749
947
1395
2068
2878
3661
4095
4095
3855
3034
2043
1216
811
952
1591
2514
3441
4095
4095
4095
3884
3255
2620
2150
1913
1861
1892
1907
1898
1950
2116
2340
2525
2606
2572
2442
2204
1826
1309
713
199
37
57
319
790
1419
2182
3005
3752
4095
4095
3940
3136
2181
1443
1172
1411
2011
2709
3239
3450
3311
2914
2481
2232
2243
2428
2596
2546
2199
1614
939
295
37
36
36
35
34
34
134
731
1535
2352
3076
3659
4095
4095
4095
4095
4095
4095
4095
4008
3465
2740
1919
1195
782
774
1100
1606
2087
2376
2419
2280
2083
1912
1795
1698
1571
1392
1155
876
640
585
810
1274
1780
2080
2001
1535
832
175
34
147
914
2166
3585
4095
4095
4095
4095
4095
3344
2125
1061
393
305
835
1793
2817
3554
3795
3503
2790
1852
910
181
35
80
539
1254
2090
2967
3852
4095
4095
4095
4095
4095
4095
3127
1959
983
321
40
35
36
40
62
150
368
757
1285
1869
2406
2750
2856
2765
2582
2435
2413
2590
2971
3456
3898
4095
4095
4071
3609
2909
2111
1358
724
203
36
35
33
257
843
1499
1970
2144
2080
1891
1676
1530
1540
1724
2048
2471
2904
3263
3517
3660
3665
3459
2972
2236
1465
946
890
1284
1903
2462
2754
2761
2600
2379
2149
1892
1533
1018
361
38
37
35
33
314
1344
2636
3818
4095
4095
4095
4095
3831
3447
3203
2998
2723
2336
1858
1410
1118
1029
1142
1389
1643
1841
1966
2013
2043
2182
2516
3022
3529
3803
3722
3337
2849
2524
2534
2863
3287
3501
3284
2640
1826
1149
805
863
1278
1878
2431
2741
2698
2290
1685
1172
1000
1274
1908
2653
3221
3447
3301
2885
2397
1976
1626
1319
1031
753
534
425
439
594
865
1156
1410
1648
1888
2153
2472
2791
3004
3048
2905
2567
2074
1511
1038
802
891
1280
1825
2351
2729
2895
2865
2730
2608
2621
2786
3019
3233
3399
3529
3593
3467
3031
2268
1344
565
161
207
668
1410
2202
2759
2864
2453
1708
998
622
677
1110
1740
2378
2911
3318
3646
3895
3986
3845
3455
2838
2084
1347
780
467
460
736
1204
1789
2427
3014
3403
3490
3257
2744
2107
1574
1342
1511
2073
2899
3780
4095
4095
4070
2951
1540
274
36
34
33
181
582
1036
1424
1704
1930
2203
2628
3230
3920
4095
4095
4095
4095
3575
2627
1821
1275
977
837
750
602
365
131
53
161
544
1072
1529
1771
1786
1628
1415
1257
1185
1178
1186
1184
1251
1547
2185
3093
4014
4095
4095
4095
4095
3753
3316
3006
2796
2621
2434
2245
2090
1994
1959
1961
1911
1727
1413
1046
694
413
215
93
67
195
645
1448
2506
3645
4095
4095
4095
4095
4095
4095
4095
3566
2576
1510
458
38
38
36
34
33
179
655
1211
1735
2188
2570
2909
3229
3511
3698
3714
3524
3164
2726
2364
2227
2386
2856
3558
4095
4095
4095
4095
4095
3287
1834
473
38
36
36
33
42
364
836
1329
1762
2064
2189
2153
2034
1974
2043
2201
2351
2436
2443
2409
2403
2484
2716
3112
3586
3999
4095
4095
3747
2905
1810
733
42
34
156
676
1271
1731
1904
1723
1207
477
37
37
35
34
52
471
1046
1578
1996
2386
2916
3715
4095
4095
4095
4095
4095
4095
4095
4095
4095
3440
2775
2277
2031
2025
2102
2065
1776
1209
452
38
37
36
35
33
190
860
1584
2087
2201
1957
1552
1195
993
998
1238
1690
2270
2843
3270
3507
3559
3476
3340
3183
2984
2751
2472
2112
1666
1216
936
947
1276
1870
2611
3349
3898
4092
3841
3155
2200
1203
345
36
35
33
167
595
1015
1276
1370
1447
1719
2327
3262
4095
4095
4095
4095
4095
4095
3711
2684
1819
1314
1250
1600
2166
2612
2655
2182
1326
402
36
34
164
810
1584
2213
2508
2456
2194
1924
1869
2141
2703
3374
3856
3885
3352
2376
1292
530
393
889
1728
2496
2886
2819
2469
2082
1847
1848
2011
2221
2382
2435
2361
2142
1839
1577
1445
1493
1726
2078
2457
2740
2803
2582
2117
1536
969
503
199
137
378
892
1529
2102
2460
2495
2199
1672
1134
793
741
926
1198
1429
1562
1597
1575
1559
1621
1857
2318
2941
3613
4095
4095
4095
4095
4095
4095
4095
3724
3203
2678
2267
2055
2103
2341
2593
2653
2419
1960
1483
1176
1136
1320
1552
1648
1548
1325
1145
1202
1561
2156
2866
3522
3925
3914
3430
2541
1458
502
37
35
411
1260
2297
3243
3816
3841
3317
2395
1284
265
36
35
34
80
422
898
1414
1879
2186
2312
2365
2500
2788
3141
3366
3317
2968
2437
1916
1581
1547
1802
2188
2503
2623
2529
2306
2075
1891
1764
1664
1601
1613
1716
1939
2308
2813
3407
3965
4095
4095
4095
3560
2792
1925
1110
487
148
100
209
339
368
264
146
207
574
1249
2156
3134
4026
4095
4095
4095
3839
2924
2096
1589
1552
1988
2779
3646
4095
4095
3542
2440
1197
112
36
35
33
128
639
1297
1911
2329
2507
2498
2423
2402
2482
2636
2822
3010
3200
3415
3636
3800
3826
3596
3057
2250
1308
475
40
45
447
1193
2019
2672
2941
2757
2240
1627
1185
1133
1535
2252
3023
3578
3755
3573
3193
2833
2591
2405
2127
1695
1205
800
556
506
667
990
1384
1766
2092
2347
2556
2759
2950
3063
3016
2783
2432
2036
1668
1353
1059
741
390
90
42
258
839
1563
2222
2711
3002
3127
3127
3048
2983
3015
3161
3354
3474
3433
3261
3050
2853
2664
2457
2216
1989
1853
1872
2038
2265
2428
2423
2186
1683
935
68
39
37
35
33
65
817
1946
3174
4095
4095
4095
4095
4095
4095
4095
3706
3019
2236
1505
1003
857
1021
1281
1435
1410
1226
964
720
570
607
883
1328
1743
1919
1776
1417
1052
888
983
1266
1606
1925
2258
2650
3125
3669
4095
4095
4095
4095
4095
4095
4044
3746
3549
3495
3544
3605
3564
3338
2876
2184
1389
644
58
36
37
36
35
35
33
243
902
1760
2591
3159
3351
3223
2967
2799
2850
3112
3419
3524
3264
2616
1670
599
39
38
36
34
32
582
1843
3338
4095
4095
4095
4095
4095
3643
2997
2516
2127
1723
1245
732
340
290
723
1613
2726
3739
4095
4095
4095
3974
3384
2835
2418
2111
1869
1696
1611
1600
1643
1744
1887
2039
2130
2044
1759
1411
1201
1281
1625
2012
2173
1935
1321
593
125
194
848
1879
2862
3426
3434
2984
2332
1758
1410
1299
1365
1524
1680
1809
1941
2141
2480
2941
3399
3696
3672
3239
2442
1515
819
678
1224
2320
3573
4095
4095
4095
3671
2659
1818
1254
934
741
544
315
108
45
141
521
1134
1856
2483
2852
2952
2887
2813
2791
2725
2464
1902
1069
172
37
34
34
176
818
1570
2185
2549
2735
2857
2960
3029
3054
3064
3122
3317
3673
4095
4095
4095
4095
4095
4095
3597
2636
1493
273
39
38
36
34
89
1008
2221
3270
3868
3960
3638
3047
2327
1593
1013
727
768
1093
1613
2246
2889
3444
3855
4069
4073
3930
3723
3483
3170
2748
2227
1682
1253
1025
995
1086
1130
988
615
130
36
34
184
934
2037
3214
4095
4095
4095
3571
2772
2188
2027
2304
2871
3499
3908
3846
3206
2118
927
58
35
85
642
1389
2015
2294
2194
1861
1526
1381
1451
1637
1819
1868
1723
1395
983
613
339
156
76
101
257
540
863
1193
1599
2168
2908
3734
4095
4095
4095
4095
4095
3652
2852
2163
1681
1444
1468
1776
2344
3029
3634
4020
4095
3969
3507
2810
1993
1212
638
334
257
363
643
1061
1555
2064
2518
2854
3025
3024
2921
2783
2659
2590
2582
2584
2496
2215
1679
936
184
36
34
104
728
1707
2785
3668
4095
4094
3623
2942
2363
2124
2287
2710
3155
3441
3499
3346
3024
2578
2073
1592
1221
1046
1051
1110
1057
769
270
37
35
33
346
1207
2274
3328
4095
4095
4095
4095
3978
3060
2144
1468
1140
1123
1328
1677
2111
2535
2782
2693
2194
1367
481
36
43
593
1548
2479
3089
3311
3251
3095
3017
3082
3257
3477
3659
3749
3740
3654
3485
3162
2626
1905
1092
325
36
36
36
35
34
33
281
895
1621
2289
2807
3125
3246
3209
3072
2930
2837
2762
2669
2512
2239
1834
1362
967
831
1081
1724
2635
3561
4095
4095
4095
3861
3076
2292
1686
1297
1060
919
913
1125
1541
2014
2371
2489
2301
1901
1507
1339
1487
1821
2100
2152
1970
1701
1515
1481
1621
1948
2446
3051
3633
4031
4095
3869
3405
2894
2545
2496
2717
3004
3126
2936
2434
1742
1000
325
37
35
35
34
68
364
827
1337
1818
2228
2555
2812
3019
3227
3489
3831
4095
4095
4095
4095
4095
3551
2725
1828
1038
566
543
927
1498
1966
2134
2015
1760
1559
1574
1857
2342
2836
3073
2907
2383
1716
1174
976
1200
1770
2505
3169
3517
3375
2717
1639
334
40
38
36
33
139
1154
2365
3356
3905
4020
3801
3361
2773
2095
1440
973
851
1171
1851
2659
3307
3559
3333
2727
1950
1227
724
540
718
1255
2052
2932
3710
4095
4095
4095
3937
3369
2738
2192
1837
1667
1629
1690
1841
2090
2465
2917
3309
3508
3410
2993
2380
1741
1261
1065
1169
1504
1918
2282
2564
2816
3111
3439
3712
3856
3829
3606
3209
2725
2266
1882
1536
1146
683
236
36
34
48
222
495
696
679
375
37
36
35
34
76
609
1436
2440
3454
4095
4095
4095
4095
4095
4095
3991
3663
3185
2611
2127
1891
1954
2222
2460
2450
2116
1526
839
274
52
201
758
1523
2229
2665
2756
2555
2197
1797
1445
1201
1101
1145
1304
1580
1984
2476
2981
3435
3847
4095
4095
4095
4095
4095
4095
4095
4095
4095
4095
3271
2231
1145
121
37
38
36
35
34
75
649
1405
2067
2421
2348
1844
1034
188
36
32
492
1571
2884
4095
4095
4095
4095
3810
2674
1695
1169
1216
1765
2527
3092
3114
2472
1322
94
36
33
222
1172
2170
2731
2619
1903
888
44
34
68
860
2028
3118
3768
3885
3672
3463
3538
3939
4095
4095
4095
4095
4072
3437
2679
1820
1004
456
348
662
1175
1578
1637
1353
953
687
678
884
1141
1280
1237
1106
1055
1228
1708
2453
3308
4080
4095
4095
4095
4095
4095
4007
3372
2676
1979
1301
650
111
34
114
684
1521
2336
2898
3101
2999
2753
2530
2446
2529
2708
2830
2749
2419
1898
1348
898
568
326
136
40
44
199
592
1052
1357
1336
946
320
37
35
33
252
1045
2054
3082
4012
4095
4095
4095
4095
4095
4095
4095
4095
3670
2956
2222
1497
840
333
68
64
251
602
1000
1320
1522
1686
1936
2368
2989
3682
4095
4095
4062
3296
2264
1254
586
467
876
1569
2235
2676
2841
2763
2479
2066
1651
1355
1249
1312
1423
1508
1590
1713
1924
2273
2769
3369
3977
4095
4095
4095
3612
2592
1452
501
50
151
753
1559
2220
2504
2330
1763
1010
364
48
49
253
674
1245
1932
2631
3141
3321
3195
2916
2666
2514
2399
2243
1995
1632
1218
851
595
497
607
940
1444
2041
2642
3119
3344
3273
2993
2652
2415
2402
2644
3099
3651
4095
4095
4095
3695
2892
2046
1385
1001
842
814
810
764
715
758
974
1386
1941
2579
3241
3838
4095
4095
4095
3684
3135
2579
2148
1943
1941
1996
1898
1518
930
392
153
291
754
1420
2101
2581
2692
2381
1754
1048
474
185
283
782
1590
2570
3569
4095
4095
4095
4095
4095
3317
2358
1636
1359
1565
2113
2724
3092
2982
2355
1420
519
38
47
493
1266
2085
2765
3240
3535
3669
3615
3340
2831
2188
1590
1185
1040
1151
1419
1724
1993
2134
2030
1601
849
41
38
36
34
33
136
580
1022
1408
1847
2483
3345
4095
4095
4095
4095
4095
4095
4095
4095
3754
2910
2139
1596
1364
1447
1718
1993
2128
2048
1780
1443
1178
1064
1080
1132
1170
1213
1309
1480
1736
2069
2448
2772
2870
2661
2233
1788
1487
1333
1201
962
573
139
35
34
172
695
1424
2205
2913
3511
3993
4095
4095
4095
3758
3349
2942
2506
1997
1494
1195
1277
1806
2679
3625
4095
4095
4073
3075
1749
463
37
33
227
1097
2146
3006
3452
3444
3048
2430
1780
1211
777
484
361
439
693
1089
1581
2118
2648
3101
3403
3498
3396
3134
2747
2275
1794
1423
1275
1359
1660
2173
2881
3732
4095
4095
4095
4095
4095
4095
3607
2799
2237
1963
1901
1902
1768
1311
444
40
40
40
38
36
34
32
312
967
1608
2130
2525
2840
3108
3375
3686
4082
4095
4095
4095
4095
4095
4095
3731
2346
949
40
36
35
32
388
1163
2084
2911
3385
3345
2780
1894
1056
581
588
1029
1777
2681
3598
4095
4095
4095
4095
4045
3370
2867
2637
2592
2517
2259
1764
1075
347
37
35
34
37
226
532
823
1081
1325
1544
1747
1997
2364
2892
3555
4095
4095
4095
4095
3399
2367
1541
1229
1540
2356
3383
4095
4095
4095
3222
1944
812
191
232
836
1676
2336
2540
2256
1632
897
249
36
33
118
600
1182
1639
1863
1906
1942
2132
2479
2817
2921
2633
1983
1183
556
397
787
1587
2500
3260
3748
3949
3934
3835
3732
3641
3553
3404
3138
2741
2203
1570
925
366
60
110
594
1464
2474
3272
3621
3513
3089
2571
2183
2042
2112
2237
2244
2062
1738
1353
1029
870
933
1202
1543
1773
1809
1726
1700
1901
2338
2836
3172
3206
2926
2464
2009
1758
1851
2267
2844
3353
3599
3507
3136
2667
2278
2064
2014
2031
1983
1763
1378
914
454
82
35
35
151
475
836
1138
1372
1609
1929
2380
2969
3626
4095
4095
4095
4095
4095
4095
3514
2667
1863
1229
834
658
667
822
1083
1427
1786
2056
2162
2084
1837
1533
1342
1364
1615
2007
2355
2531
2505
2284
1938
1596
1385
1405
1733
2365
3182
3951
4095
4095
3745
2895
2001
1319
1015
1139
1597
2193
2726
3032
3044
2780
2316
1746
1132
561
129
35
40
156
354
557
773
1042
1373
1690
1884
1887
1726
1553
1541
1746
2120
2545
2944
3301
3631
3993
4095
4095
4095
4095
4095
3544
2364
1208
315
35
70
574
1375
2199
2813
3125
3190
3101
2915
2649
2341
2054
1827
1720
1803
2070
2432
2793
3105
3356
3521
3558
3459
3213
2806
2273
1661
1044
513
132
38
122
561
1325
2301
3280
3986
4095
3739
2854
1775
791
110
35
67
479
1077
1652
2088
2333
2385
2270
2048
1850
1821
2011
2301
2455
2279
1782
1196
830
898
1425
2200
2869
3150
2940
2335
1609
1061
864
1063
1527
2072
2569
2966
3270
3466
3460
3196
2689
2016
1353
919
839
1110
1645
2276
2792
3061
3074
2858
2448
1871
1170
446
36
33
253
949
1809
2577
3129
3497
3732
3817
3726
3434
2956
2428
2073
2048
2395
3055
3866
4095
4095
4095
4095
3956
2870
1811
993
566
515
706
975
1126
1010
626
99
36
35
33
180
955
1982
2938
3615
3949
4002
3843
3516
3111
2753
2532
2432
2314
2066
1720
1438
1388
1591
1929
2256
2461
2460
2180
1615
902
306
72
214
618
1098
1535
1879
2085
2181
2267
2460
2824
3290
3702
3888
3704
3107
2197
1236
525
228
360
781
1262
1616
1780
1796
1782
1859
2054
2350
2720
3096
3420
3697
3943
4095
4095
3986
3644
3209
2753
2285
1842
1543
1512
1789
2237
2567
2514
1967
1023
49
36
33
114
868
1813
2648
3260
3635
3772
3690
3426
3005
2460
1879
1368
1003
831
844
1007
1305
1773
2440
3261
4095
4095
4095
4095
4095
3995
3038
1978
877
41
37
35
32
361
1405
2616
3586
3979
3684
2878
1933
1237
1015
1244
1682
2000
1939
1401
552
38
36
32
404
1189
2010
2660
3011
2988
2600
1970
1309
809
563
616
1002
1700
2574
3411
3993
4095
4078
3748
3368
3113
3102
3360
3790
4095
4095
3809
3070
2224
1534
1146
1037
1114
1228
1202
938
456
38
36
34
140
668
1345
1953
2370
2624
2857
3188
3594
3905
3983
3856
3637
3458
3352
3280
3234
3231
3278
3295
3186
2933
2587
2233
1902
1576
1263
974
725
503
286
82
35
35
113
457
946
1467
1885
2118
2203
2188
2069
1806
1378
836
308
37
36
266
860
1638
2448
3163
3719
4095
4095
4095
4095
4095
4095
4095
4095
4034
3315
2649
2095
1640
1286
1099
1152
1412
1704
1812
1572
991
287
36
33
352
1237
2299
3215
3721
3702
3259
2665
2190
1966
2018
2289
2694
3161
3620
3996
4095
3983
3348
2291
1014
41
38
35
33
94
768
1629
2410
2969
3265
3314
3144
2860
2618
2519
2594
2821
3081
3222
3170
2909
2446
1847
1225
693
382
369
660
1218
1909
2505
2785
2638
2159
1619
1299
1344
1728
2323
2926
3354
3504
3378
3052
2661
2320
2099
2022
2065
2161
2184
2055
1771
1446
1271
1350
1655
2058
2390
2538
2432
2140
1862
1808
2054
2523
3068
3547
3861
3969
3826
3394
2729
1979
1341
923
699
589
515
450
461
579
782
1048
1309
1519
1694
1848
1983
2079
2108
2074
2015
1979
2001
2118
2334
2640
3009
3350
3543
3499
3195
2684
2026
1318
665
134
35
34
42
388
1101
2067
3084
3888
4095
4050
3347
2394
1520
955
842
1228
1993
2929
3816
4095
4095
4095
4095
4095
3424
2582
1738
1115
914
1222
1959
2877
3633
3983
3871
3407
2742
2011
1348
828
435
96
37
37
37
36
33
46
581
1317
1988
2428
2639
2769
2999
3459
4095
4095
4095
4095
4095
4095
3188
2110
1261
775
675
920
1366
1795
1995
1880
1518
1072
755
739
1089
1736
2500
3160
3522
3520
3219
2815
2525
2440
2520
2616
2544
2232
1762
1265
833
544
479
643
956
1318
1611
1730
1690
1593
1528
1524
1537
1495
1349
1116
885
822
1106
1782
2685
3545
4095
4095
4095
4083
4014
4095
4095
4095
4095
4095
3874
3219
2454
1739
1227
998
1081
1412
1873
2338
2685
2777
2473
1728
684
40
37
34
32
216
699
1035
1056
835
644
753
1262
2015
2709
3061
2973
2550
2004
1594
1508
1801
2383
3041
3588
3959
4095
4095
3831
3388
2948
2680
2666
2832
2979
2976
2825
2570
2245
1901
1611
1395
1209
975
648
309
112
161
529
1211
2117
3055
3786
4095
3939
3387
2738
2298
2264
2605
3070
3385
3413
3192
2831
2392
1868
1243
560
39
36
34
101
614
1348
2073
2570
2673
2347
1754
1214
1048
1419
2227
3182
3977
4095
4095
3712
3097
2650
2548
2746
3045
3240
3174
2805
2205
1496
846
381
138
116
292
606
917
1064
975
704
377
184
297
754
1468
2249
2848
3133
3156
3049
2900
2731
2579
2524
2615
2794
2960
3064
3134
3235
3376
3446
3369
3155
2847
2463
2000
1468
935
516
356
540
1050
1764
2489
3030
3282
3298
3195
3068
2940
2789
2612
2393
2142
1914
1746
1655
1626
1567
1445
1342
1395
1703
2229
2812
3274
3443
3267
2845
2376
2073
2068
2356
2801
3211
3373
3149
2519
1608
686
61
34
72
410
817
1100
1161
971
601
224
71
222
693
1394
2187
2895
3329
3365
3033
2478
1875
1352
1031
988
1245
1777
2511
3286
3928
4095
4095
4095
3873
3657
3526
3406
3169
2766
2233
1648
1142
888
1008
1518
2291
3058
3543
3576
3154
2457
1768
1347
1335
1653
2029
2157
1854
1147
248
37
35
33
376
1278
2353
3333
4021
4095
4095
4095
4061
3652
3120
2534
1988
1529
1152
876
785
956
1365
1871
2301
2548
2586
2452
2170
1770
1321
943
785
985
1576
2437
3293
3828
3846
3369
2616
1822
1209
899
874
1053
1306
1483
1520
1498
1588
1890
2399
2992
3445
3579
3315
2699
1898
1128
563
296
341
699
1372
2279
3272
4095
4095
4095
4095
4095
4095
4095
3887
3159
2247
1256
312
37
37
36
34
32
460
1456
2554
3361
3636
3423
2933
2434
2105
1981
2041
2192
2285
2194
1914
1612
1523
1802
2422
3149
3682
3848
3578
2894
1894
792
39
36
34
32
180
512
824
1133
1471
1829
2166
2416
2546
2630
2784
3061
3390
3659
3811
3851
3792
3633
3397
3122
2841
2569
2329
2086
1754
1277
674
70
37
36
35
34
35
33
260
875
1674
2497
3196
3712
4046
4095
4095
3852
3496
3210
3109
3199
3357
3431
3358
3185
3015
2931
2968
3160
3502
3905
4095
4095
4095
3838
3208
2404
1510
677
103
34
113
573
1245
1925
2439
2699
2718
2556
2272
1946
1662
1468
1382
1411
1498
1585
1658
1709
1701
1633
1533
1412
1296
1252
1339
1595
2023
2546
2999
3212
3086
2583
1764
809
45
36
33
380
1187
2062
2710
2996
2982
2790
2534
2319
2220
2230
2251
2154
1909
1646
1568
1779
2239
2817
3328
3615
3591
3214
2590
1966
1600
1606
1928
2425
2894
3138
2989
2404
1520
658
166
215
747
1552
2362
2946
3144
2976
2640
2335
2151
2030
1852
1550
1168
866
842
1238
2076
3169
4095
4095
4095
4095
3931
3328
2757
2278
1982
1899
1983
2112
2125
1965
1717
1528
1477
1513
1513
1366
1060
734
602
781
1260
1950
2703
3322
3612
3489
3033
2430
1884
1516
1367
1450
1700
1987
2159
2071
1665
1010
267
37
35
32
449
1401
2468
3333
3842
4011
3975
3915
3916
3919
3826
3555
3084
2498
1983
1739
1873
2307
2776
2983
2781
2263
1630
1063
701
612
758
1071
1492
1934
2272
2365
2134
1646
1099
689
525
579
796
1138
1590
2167
2835
3483
3941
4060
3785
3208
2529
1967
1634
1556
1695
1972
2322
2684
2975
3135
3140
3012
2847
2745
2736
2748
2643
2278
1649
893
231
35
35
108
347
633
913
1198
1498
1750
1876
1819
1576
1226
889
690
765
1243
2158
3369
4095
4095
4095
4095
4095
4095
3896
3151
2556
2204
2142
2362
2787
3238
3487
3383
2899
2128
1237
361
37
36
34
41
374
791
1098
1305
1506
1763
2090
2485
2921
3377
3799
4072
4020
3548
2729
1782
935
323
40
35
64
196
372
531
649
784
1020
1424
1996
2614
3143
3481
3566
3415
3085
2653
2219
1869
1659
1600
1694
1965
2402
2919
3407
3754
3859
3695
3345
2962
2660
2472
2367
2336
2443
2754
3217
3660
3905
3845
3456
2844
2177
1588
1157
920
863
936
1132
1467
1946
2541
3123
3538
3695
3525
3000
2168
1195
310
37
32
34
239
799
1535
2334
3058
3563
3757
3553
2949
2080
1185
544
372
686
1339
2080
2671
3008
3097
2979
2658
2187
1633
1070
580
236
119
250
610
1106
1579
1904
2035
2009
1913
1793
1666
1585
1595
1712
1929
2238
2664
3197
3775
4095
4095
4095
3836
3129
2326
1632
1249
1265
1620
2175
2748
3168
3282
3007
2418
1705
1062
600
325
197
225
438
811
1293
1832
2347
2765
3066
3261
3401
3576
3843
4095
4095
4095
4095
4095
4095
4095
4095
3977
2939
1630
268
39
36
33
166
936
1658
1928
1624
893
68
36
34
33
146
621
1166
1681
2187
2741
3332
3830
4053
3892
3420
2865
2485
2463
2814
3401
4030
4095
4095
4095
4042
3213
2223
1256
519
128
70
154
240
211
65
36
36
34
34
96
488
1026
1583
2076
2466
2760
3021
3326
3692
4060
4095
4095
3754
2928
1973
1169
687
556
719
1072
1513
2000
2480
2869
3091
3130
3079
3084
3217
3405
3492
3374
3052
2632
2249
2004
1974
2167
2526
2918
3171
3167
2884
2431
1929
1493
1189
1037
1022
1080
1164
1250
1303
1333
1363
1430
1564
1785
2130
2621
3230
3821
4095
3993
3260
2067
715
39
35
33
232
912
1619
2229
2747
3258
3817
4095
4095
4095
4020
3248
2570
2254
2340
2612
2811
2746
2330
1605
780
143
35
117
470
847
1094
1139
1010
845
847
1151
1758
2529
3253
3796
4095
4095
3986
3525
2915
2322
1875
1661
1664
1828
2112
2468
2845
3133
3183
2873
2226
1390
558
38
34
123
724
1537
2276
2715
2735
2418
1998
1684
1555
1563
1644
1806
2101
2509
2877
3020
2872
2545
2266
2246
2549
3083
3617
3874
3679
3064
2274
1563
1065
794
726
802
915
938
780
485
209
82
136
404
908
1651
2576
3527
4095
4095
4095
4074
3378
2614
2007
1730
1848
2328
2993
3568
3789
3525
2834
1905
1007
403
225
480
1101
1954
2822
3482
3759
3558
2950
2133
1364
836
597
575
648
749
931
1295
1862
2545
3160
3478
3356
2820
2093
1469
1169
1296
1826
2643
3551
4095
4095
4095
4095
3851
3437
3032
2570
2057
1571
1224
1082
1095
1132
1068
816
414
39
36
36
36
36
34
36
356
783
1084
1250
1439
1789
2344
3063
3801
4095
4095
4095
3604
2872
2340
2160
2348
2827
3471
4095
4095
4095
4095
3732
2853
1882
1026
518
465
841
1515
2250
2784
2967
2782
2359
1959
1830
2041
2436
2742
2770
2532
2168
1811
1554
1462
1540
1730
1930
2024
1956
1770
1623
1648
1858
2178
2524
2837
3082
3236
3242
3001
2489
1769
987
321
36
34
35
177
512
847
1045
1034
862
708
764
1109
1728
2566
3524
4095
4095
4095
4095
4095
3198
2373
1807
1568
1639
1960
2470
3045
3533
3803
3791
3567
3283
3090
3061
3156
3241
3157
2843
2360
1792
1182
592
128
35
35
35
35
34
54
462
1200
2034
2703
3036
3010
2749
2463
2279
2186
2122
2021
1838
1617
1431
1317
1299
1385
1556
1741
1888
1972
1965
1910
1906
2024
2297
2689
3104
3471
3755
3959
4051
3953
3642
3216
2831
2591
2460
2305
1974
1427
797
274
40
50
258
652
1159
1729
2292
2755
3042
3142
3058
2794
2362
1809
1278
951
939
1246
1747
2274
2683
2936
3075
3160
3232
3262
3230
3172
3134
3108
3041
2859
2522
2060
1561
1166
998
1078
1386
1891
2488
3012
3345
3474
3478
3479
3504
3435
3123
2530
1804
1155
735
586
647
797
970
1196
1540
2050
2713
3434
4065
4095
4095
3547
2381
1119
215
37
370
1131
1958
2541
2708
2459
1936
1394
1078
1106
1392
1703
1857
1813
1656
1471
1266
1053
882
788
791
901
1097
1325
1511
1581
1453
1127
734
504
607
1068
1788
2584
3272
3745
3978
4025
3978
3913
3866
3862
3903
3939
3895
3724
3404
2962
2503
2143
1961
1988
2159
2299
2206
1742
884
41
39
36
34
32
380
1228
2170
3066
3833
4095
4095
4095
4095
4083
3839
3534
3041
2284
1303
258
38
36
34
110
846
1726
2394
2710
2770
2806
3038
3520
4095
4095
4095
4095
4095
4095
4095
4095
3911
3216
2385
1469
574
38
35
34
185
609
870
746
278
37
35
33
221
990
2042
3162
4095
4095
4095
4095
3921
3197
2601
2253
2201
2364
2613
2849
3033
3170
3278
3339
3262
2907
2238
1371
486
38
37
37
37
36
36
34
32
342
1024
1816
2612
3323
3895
4095
4095
4095
4095
4095
4095
3930
3688
3567
3478
3322
3045
2678
2336
2123
2023
1903
1652
1230
667
113
35
34
388
1144
1988
2650
2940
2824
2409
1888
1465
1320
1532
2019
2543
2866
2848
2487
1899
1247
729
546
785
1392
2163
2805
3137
3125
2868
2535
2227
1992
1874
1875
1940
2044
2157
2209
2149
2015
1945
2081
2482
3100
3742
4095
4095
4095
3650
2792
1726
628
38
35
33
268
1034
1926
2642
3029
3124
3049
2945
2885
2880
2903
2874
2707
2376
1934
1491
1166
1081
1290
1716
2173
2445
2390
2064
1705
1543
1628
1856
2043
2036
1808
1490
1278
1346
1806
2632
3623
4095
4095
4095
4083
3185
2328
1759
1605
1858
2390
2952
3280
3193
2664
1835
923
164
35
33
259
852
1534
2052
2184
1823
1028
88
36
33
268
1344
2733
3978
4095
4095
3811
2683
1613
844
410
204
118
126
262
503
784
1037
1271
1531
1829
2184
2633
3138
3589
3885
4012
4067
4095
4095
4095
4095
4095
4083
3405
2595
1874
1474
1497
1831
2231
2446
2290
1774
1106
563
333
413
664
941
1197
1458
1771
2151
2506
2676
2534
2093
1536
1089
904
1037
1382
1737
1919
1887
1766
1726
1885
2274
2782
3178
3260
2924
2268
1547
1031
903
1189
1793
2510
3082
3314
3159
2718
2169
1726
1544
1588
1725
1804
1778
1709
1683
1798
2083
2500
3025
3624
4095
4095
4095
4095
4095
3679
3061
2519
2103
1763
1452
1151
866
625
437
341
423
742
1291
1909
2329
2394
2134
1705
1318
1158
1301
1676
2125
2503
2676
2582
2277
1856
1455
1223
1216
1363
1575
1801
2050
2349
2697
2993
3122
3024
2719
2278
1780
1345
1108
1174
1544
2075
2561
2864
2924
2719
2248
1581
892
362
128
230
631
1246
1923
2498
2875
3052
3088
3053
3022
3031
3034
2910
2544
1939
1291
874
889
1347
2104
2947
3667
4095
4095
4095
3923
3461
2886
2278
1735
1314
1015
784
519
201
36
35
37
237
613
993
1293
1514
1748
2087
2578
3138
3587
3797
3762
3592
3453
3413
3445
3467
3390
3220
3013
2834
2701
2580
2443
2238
1947
1585
1145
636
118
35
34
96
661
1527
2505
3386
4007
4095
4095
4095
4095
4095
3925
3472
2908
2350
1890
1500
1100
616
66
37
35
32
484
1513
2735
3794
4095
4095
3716
2687
1528
504
35
34
164
884
1931
3020
3834
4095
4024
3577
3033
2533
2154
1901
1756
1692
1681
1744
1879
2062
2232
2294
2228
2109
2015
1987
2030
2077
2026
1855
1636
1452
1383
1503
1823
2293
2762
EOF