Process identification data:
2176
2178
2181
2176
2120
1958
1700
1407
1133
913
757
689
802
1217
1927
2753
3430
3736
3637
3285
2868
2536
2344
2257
2233
2287
2508
2926
3499
4095
4095
4095
4095
4095
4095
3908
3559
3348
3250
3178
3020
2717
2298
1792
1191
540
40
36
36
35
34
34
93
366
813
1383
2036
2646
3093
3322
3317
3139
2940
2877
3029
3367
3727
3869
3650
3090
2340
1599
1051
846
1037
1564
2265
2886
3214
3152
2726
2120
1612
1423
1633
2126
2659
2998
2979
2589
1958
1336
977
1006
1372
1891
2301
2416
2237
1915
1666
1648
1878
2263
2654
2915
3032
3084
3136
3209
3268
3260
3213
3223
3340
3568
3857
4095
4095
4095
4095
4095
4095
4095
4095
4095
3564
2413
1378
648
289
260
465
748
984
1098
1035
804
514
356
471
849
1342
1800
2147
2387
2595
2815
3002
3078
3026
2895
2772
2747
2803
2862
2891
2948
3102
3400
3826
4095
4095
4095
3621
2600
1474
637
398
803
1592
2397
2896
2911
2473
1789
1154
819
907
1417
2222
3082
3747
4041
3921
3543
3144
2880
2781
2801
2812
2653
2212
1464
518
40
37
34
32
337
991
1663
2245
2682
3004
3258
3459
3639
3823
4024
4095
4095
4095
4095
4095
4095
4095
3298
2595
2228
2301
2728
3247
3559
3513
3140
2598
2071
1692
1462
1261
997
681
423
305
293
272
186
139
290
714
1344
2046
2640
3019
3210
3301
3393
3496
3543
3454
3200
2822
2366
1873
1405
1076
991
1190
1588
1985
2168
2040
1683
1321
1162
1265
1562
1964
2431
2920
3381
3793
4095
4095
4095
4095
4095
4095
4095
4095
3306
2275
1336
648
261
129
150
308
676
1325
2261
3390
4095
4095
4095
4095
4095
3153
2119
1459
1267
1509
1998
2461
2655
2477
1993
1408
979
892
1193
1753
2272
2461
2177
1517
757
165
35
37
143
382
641
882
1136
1460
1889
2449
3100
3727
4095
4095
4095
4095
4095
4095
4095
4095
4095
3902
3580
3490
3697
4073
4095
4095
3557
2459
1211
230
34
244
1092
2146
3005
3436
3378
2931
2326
1746
1277
955
785
711
659
615
659
893
1347
1909
2422
2782
2971
2990
2806
2440
2015
1697
1584
1681
1899
2132
2346
2500
2504
2288
1879
1393
957
668
597
796
1261
1907
2597
3247
3805
4095
4095
4095
4095
3661
3116
2569
2120
1844
1769
1855
2002
2130
2161
2042
1817
1610
1585
1853
2364
2917
3263
3194
2656
1795
931
392
369
854
1710
2728
3707
4095
4095
4095
4095
3583
2581
1572
709
117
36
37
209
648
1222
1800
2235
2440
2477
2516
2696
3051
3507
3908
4095
4095
3933
3489
3010
2717
2761
3110
3567
3884
3882
3564
3062
2556
2217
2070
1987
1844
1622
1399
1280
1261
1271
1219
1028
748
532
492
656
988
1381
1695
1848
1832
1682
1527
1540
1806
2308
2981
3699
4095
4095
4095
4095
3887
3333
2784
2351
2146
2210
2458
2703
2746
2446
1847
1174
691
536
671
925
1127
1176
1040
757
425
225
372
983
1986
3138
4095
4095
4095
4095
4095
4044
3183
2318
1630
1300
1413
1935
2716
3502
4012
4013
3465
2548
1548
743
298
219
445
822
1138
1230
1084
866
770
924
1336
1889
2451
2892
3100
3079
2930
2787
2772
2927
3226
3627
4052
4095
4095
3850
2894
1629
320
39
37
36
34
33
371
1104
2035
2997
3847
4095
4095
4095
4095
4095
4095
4095
4095
4095
4095
4056
3193
2402
1781
1332
986
674
368
122
37
35
36
37
38
37
36
33
132
1213
2732
4095
4095
4095
4095
4095
4095
3899
2898
1968
1296
983
1048
1403
1886
2310
2488
2311
1791
1114
577
425
727
1362
2063
2619
2977
3158
3165
2983
2634
2204
1811
1549
1420
1379
1399
1524
1844
2434
3283
4095
4095
4095
4095
4095
3120
1742
646
121
282
1007
2005
2915
3433
3402
2909
2228
1698
1578
1939
2648
3440
4031
4095
3972
3357
2483
1509
649
84
34
92
383
718
1022
1304
1601
1879
2011
1872
1454
921
469
201
160
364
823
1472
2126
2557
2611
2339
1988
1809
1939
2354
2899
3391
3692
3743
3530
3136
2683
2253
1902
1702
1700
1871
2116
2377
2684
3113
3706
4095
4095
4095
4095
4095
3789
2474
1202
286
35
48
398
987
1600
2017
2129
2004
1824
1737
1743
1762
1762
1739
1682
1553
1323
1083
1028
1278
1783
2345
2732
2840
2711
2446
2168
1939
1775
1665
1590
1556
1574
1655
1804
2013
2313
2728
3203
3668
4045
4095
4095
4095
4095
4095
4095
4095
3916
3459
2816
2095
1471
1088
997
1210
1633
2116
2543
2800
2773
2398
1692
776
40
36
33
214
1213
2523
3649
4095
3977
3176
2169
1356
1045
1341
2142
3178
4082
4095
4095
3824
2954
2109
1533
1345
1508
1804
1946
1728
1134
314
38
36
34
35
409
878
1122
1069
842
707
889
1480
2398
3439
4095
4095
4095
4095
3556
2597
1736
1123
812
771
882
1057
1255
1447
1633
1848
2077
2293
2463
2511
2384
2126
1852
1672
1695
1958
2406
2960
3527
3985
4095
4095
3920
3497
3022
2603
2265
1999
1818
1748
1841
2163
2724
3405
3982
4095
4005
3340
2443
1605
1069
940
1117
1368
1463
1283
877
471
365
720
1508
2539
3519
4095
4095
4095
4095
4095
3549
2846
2177
1582
1059
610
310
251
487
999
1669
2382
3032
3569
3972
4095
4095
3869
3473
3095
2853
2787
2842
2916
2844
2440
1600
375
42
40
40
37
34
32
350
1100
1686
1952
2019
2140
2472
3019
3666
4095
4095
4095
4095
4095
4095
3756
3403
3127
2959
2895
2903
2930
2883
2621
2044
1141
69
39
38
36
34
32
599
1494
2368
3007
3356
3502
3563
3605
3656
3690
3641
3515
3365
3263
3260
3319
3399
3510
3641
3721
3642
3307
2715
1963
1275
856
835
1257
2021
2890
3604
3956
3836
3290
2468
1569
793
311
224
529
1167
1992
2824
3534
4035
4095
4095
3801
3246
2615
2076
1762
1720
1866
2027
2061
1890
1545
1121
724
462
392
477
596
656
639
572
565
737
1106
1584
2077
2523
2942
3369
3777
4087
4095
4095
3844
3218
2377
1521
885
628
804
1318
1944
2377
2430
2085
1506
985
714
695
828
977
1020
902
674
519
673
1243
2111
3023
3744
4088
3989
3499
2823
2290
2204
2688
3623
4095
4095
4095
4095
3453
2133
1178
903
1349
2309
3394
4095
4095
4095
3296
2333
1455
834
501
400
458
606
788
965
1138
1296
1416
1526
1646
1788
1931
2000
1973
1887
1799
1759
1754
1786
1890
2099
2403
2746
3073
3318
3386
3253
2936
2477
1955
1490
1201
1184
1505
2101
2775
3303
3476
3267
2849
2468
2309
2431
2777
3209
3522
3485
2950
1939
707
39
36
35
34
34
196
616
1247
2078
3009
3835
4095
4095
4095
3933
3794
3854
4011
4095
4095
3883
3481
2974
2460
2055
1763
1487
1159
819
587
532
602
700
737
650
483
379
497
886
1472
2090
2570
2879
3051
3133
3133
3027
2846
2620
2339
2014
1674
1341
1094
1003
1115
1475
2077
2799
3428
3749
3632
3134
2451
1813
1454
1450
1725
2150
2575
2908
3140
3303
3432
3508
3482
3348
3120
2789
2304
1606
715
40
38
36
34
34
689
1716
2682
3318
3523
3373
3079
2854
2803
2913
3134
3434
3796
4095
4095
4095
4095
3973
3338
2617
1983
1557
1320
1154
980
838
786
851
1006
1198
1429
1677
1899
2054
2112
2072
1902
1588
1210
971
1081
1574
2256
2870
3235
3306
3158
2899
2643
2421
2205
1934
1632
1441
1493
1820
2319
2784
3083
3225
3285
3307
3245
3066
2839
2677
2676
2808
2946
2941
2681
2210
1683
1287
1131
1193
1401
1619
1712
1643
1414
1035
561
122
35
38
203
519
826
1094
1371
1736
2286
3042
3889
4095
4095
4095
4095
3451
2948
2779
2941
3350
3863
4095
4095
4095
4095
3667
2560
1178
42
38
35
33
296
1020
1590
1719
1348
618
38
36
34
169
986
2097
3215
4095
4095
4095
4095
4095
3440
2508
1766
1424
1515
1938
2552
3191
3729
4095
4095
4095
4095
3930
3715
3462
3162
2784
2327
1822
1283
730
205
37
36
37
36
34
33
384
1111
1885
2569
3144
3638
4040
4095
4095
4095
4095
3836
3551
3372
3303
3229
3026
2673
2197
1619
953
259
36
34
33
264
768
1280
1695
1946
2028
1984
1852
1688
1584
1641
1892
2304
2815
3318
3698
3882
3844
3599
3177
2596
1890
1170
570
165
41
67
242
577
1045
1566
2088
2574
2964
3185
3224
3126
3008
3021
3210
3469
3656
3699
3592
3366
3114
2969
3043
3364
3786
4031
3897
3364
2585
1831
1348
1227
1372
1611
1818
1953
2032
2063
2035
1973
1926
1937
1974
1943
1763
1408
941
489
158
39
43
196
568
1083
1706
2382
3014
3480
3667
3499
2998
2277
1531
970
745
891
1271
1673
1911
1911
1771
1658
1668
1802
1981
2109
2154
2198
2355
2716
3319
4074
4095
4095
4095
4095
4095
4095
4095
3377
2631
2061
1754
1695
1757
1755
1523
1059
536
152
64
258
719
1334
1958
2394
2487
2185
1532
689
39
36
33
241
1068
2015
2745
3111
3222
3247
3323
3500
3731
3970
4095
4095
3825
3292
2634
1970
1424
1119
1109
1359
1746
2053
2101
1819
1262
620
148
82
459
1178
1985
2648
3052
3157
2984
2601
2164
1910
2000
2439
3084
3726
4095
4095
4095
4095
3728
3221
2875
2767
2849
2967
2918
2541
1838
943
61
37
36
34
32
434
1169
1827
2257
2454
2477
2418
2355
2308
2287
2278
2213
2038
1804
1659
1782
2272
3071
3967
4095
4095
4095
3433
2180
916
41
36
34
80
515
1028
1478
1869
2268
2685
3017
3136
3003
2688
2336
2083
1937
1837
1715
1579
1505
1593
1944
2588
3434
4095
4095
4095
4095
4095
3731
2748
1916
1364
1094
977
900
855
909
1148
1591
2116
2544
2770
2755
2504
2078
1608
1251
1132
1291
1653
2025
2169
1915
1273
431
37
34
37
636
1554
2392
2894
3004
2875
2757
2866
3291
3946
4095
4095
4095
3764
2629
1451
507
38
35
34
60
263
657
1210
1825
2366
2756
3020
3199
3276
3246
3113
2869
2536
2146
1786
1569
1544
1696
1990
2366
2731
3020
3222
3334
3395
3468
3535
3505
3299
2937
2590
2462
2674
3164
3717
4086
4080
3664
2965
2171
1423
812
365
62
35
36
35
35
34
56
541
1370
2319
3150
3719
4017
4085
3981
3758
3419
3010
2595
2255
2108
2170
2324
2385
2199
1740
1158
700
589
926
1616
2420
3061
3289
3054
2489
1810
1239
912
857
974
1128
1260
1419
1648
1918
2183
2423
2623
2724
2654
2384
1967
1564
1385
1560
2061
2732
3418
3999
4095
4095
4095
4095
3983
3144
2054
860
40
36
34
32
472
1337
2226
2902
3216
3146
2778
2271
1806
1474
1246
1056
866
688
571
596
817
1204
1652
2029
2243
2277
2182
2056
2048
2334
3016
4045
4095
4095
4095
4095
4095
4095
4095
3684
2983
2365
1868
1549
1447
1495
1492
1220
581
39
39
37
35
32
398
1432
2557
3501
4095
4095
4095
4095
3687
3130
2525
1932
1464
1234
1256
1395
1510
1554
1561
1561
1560
1520
1376
1152
927
796
903
1322
1970
2614
3012
3034
2685
2092
1479
1108
1191
1777
2686
3556
4093
4095
3926
3416
2812
2194
1650
1255
998
854
798
853
1099
1548
2145
2747
3162
3295
3193
2972
2772
2726
2835
2988
3063
3006
2827
2578
2321
2078
1861
1706
1692
1887
2282
2744
3106
3269
3175
2804
2244
1627
1097
782
724
869
1120
1367
1496
1489
1453
1523
1793
2280
2905
3541
4031
4095
4095
3757
3082
2199
1239
407
36
34
36
210
556
982
1499
2112
2755
3328
3734
3863
3648
3127
2460
1917
1718
1945
2493
3084
3381
3144
2364
1317
437
102
428
1240
2143
2724
2717
2147
1291
527
208
500
1326
2389
3292
3769
3791
3494
3069
2678
2398
2234
2157
2139
2194
2357
2652
3042
3384
3464
3139
2445
1556
718
138
35
35
70
217
517
1016
1674
2311
2691
2679
2358
1991
1801
1860
2158
2657
3305
4001
4095
4095
4095
4095
4095
3992
3458
2854
2135
1335
570
40
35
33
102
497
1055
1698
2323
2804
3031
2993
2813
2640
2532
2462
2352
2133
1790
1366
930
570
424
636
1208
1965
2648
3076
3251
3267
3244
3242
3212
3128
3040
3049
3246
3636
4058
4095
4027
3429
2605
1718
872
107
37
35
33
195
725
1160
1291
1101
702
274
54
125
553
1250
2019
2686
3161
3397
3400
3220
2993
2897
3016
3306
3683
4082
4095
4095
4095
4016
3420
2912
2696
2815
3124
3400
3500
3380
3086
2655
2127
1570
1013
421
38
37
36
35
33
138
689
1193
1378
1157
686
274
219
705
1703
3015
4095
4095
4095
4095
4095
4095
3637
3279
3098
2984
2776
2386
1801
1052
249
38
37
36
34
34
203
538
1026
1760
2769
3946
4095
4095
4095
4095
3613
2225
1021
327
269
742
1526
2362
3004
3332
3354
3200
3052
3006
3075
3235
3443
3623
3637
3363
2765
1982
1259
775
625
818
1244
1760
2251
2600
2694
2472
1944
1205
429
37
34
33
330
1134
2168
3159
3866
4095
4095
4095
4095
4095
4095
4095
4095
3684
3088
2628
2366
2270
2300
2412
2582
2761
2821
2638
2209
1591
918
321
37
36
35
34
34
37
222
521
731
788
722
591
481
481
629
973
1549
2299
3085
3761
4095
4095
4095
4095
4095
4095
3742
3334
2984
2738
2603
2585
2678
2805
2817
2601
2131
1497
877
431
251
343
640
1049
1509
1952
2319
2613
2871
3130
3357
3431
3270
2896
2436
2077
1907
1916
2040
2177
2256
2288
2280
2251
2248
2270
2262
2176
1967
1657
1330
1088
1009
1077
1257
1543
1944
2477
3056
3497
3622
3378
2852
2178
1501
966
709
798
1162
1676
2237
2804
3337
3775
4035
3986
3573
2836
1956
1236
917
1056
1542
2164
2714
3074
3214
3204
3164
3216
3419
3687
3837
3713
3262
2625
2013
1559
1236
922
492
38
37
35
33
124
836
1747
2572
3078
3150
2806
2167
1456
946
886
1388
2338
3458
4095
4095
4095
4095
4095
3868
3249
2661
2173
1812
1599
1492
1434
1383
1316
1278
1341
1507
1685
1795
1819
1769
1679
1562
1428
1349
1429
1730
2220
2739
3063
3045
2668
2036
1335
765
441
361
437
544
640
751
943
1268
1712
2188
2613
2937
3110
3109
2979
2801
2659
2654
2804
3007
3127
3106
3020
3024
3195
3451
3641
3628
3384
3041
2791
2773
2978
3281
3530
3570
3307
2747
1945
1018
130
38
36
36
34
34
439
1100
1697
2044
2142
2122
2169
2437
2964
3626
4095
4095
4095
4095
4095
4095
4095
4095
4095
3898
2837
1654
633
38
36
35
34
34
239
637
994
1260
1508
1798
2142
2522
2918
3310
3616
3679
3415
2865
2183
1621
1397
1595
2090
2577
2777
2551
1915
1027
90
39
37
35
32
507
1658
2961
4071
4095
4095
4095
4095
3760
3007
2427
2179
2293
2662
3101
3465
3635
3559
3256
2791
2255
1689
1093
533
150
66
256
697
1271
1906
2548
3132
3549
3655
3368
2763
2061
1480
1128
1009
1090
1366
1851
2528
3289
3926
4095
4095
3621
2995
2493
2276
2369
2676
3017
3216
3174
2849
2275
1552
808
172
35
34
45
424
1079
1787
2314
2503
2375
2054
1713
1500
1424
1374
1221
936
647
518
647
1012
1504
1995
2389
2653
2809
2934
3067
3171
3166
3026
2810
2620
2529
2497
2439
2329
2259
2316
2541
2927
3370
3738
3957
4019
3942
3723
3349
2822
2192
1555
972
473
115
36
68
320
821
1511
2306
3122
3808
4095
4095
3887
3241
2552
2023
1724
1594
1534
1464
1345
1217
1135
1144
1266
1450
1656
1903
2211
2545
2791
2819
2595
2199
1766
1476
1497
1917
2701
3633
4095
4095
4095
4095
3943
3182
2333
1492
762
187
36
35
35
34
71
292
682
1201
1742
2206
2562
2820
3032
3273
3586
3963
4095
4095
4095
4095
3955
2870
1605
460
38
35
33
286
862
1501
2078
2522
2808
2969
3062
3152
3232
3193
2914
2333
1481
507
39
36
34
35
673
1763
2967
4038
4095
4095
4095
4030
3097
2227
1629
1325
1204
1125
1051
1094
1410
2073
2965
3835
4095
4095
4095
3978
3007
1797
576
40
37
35
33
34
644
1676
2794
3685
4095
3997
3409
2608
1954
1753
2140
3030
4095
4095
4095
4095
4095
4095
3975
2956
1998
1166
464
38
36
35
34
34
67
244
563
1043
1677
2367
2960
3297
3277
2913
2275
1497
696
42
37
35
33
535
1634
2891
3895
4095
4095
4008
3440
2800
2204
1756
1501
1478
1720
2174
2748
3332
3821
4095
4095
3866
3290
2494
1671
1078
868
1058
1571
2249
2872
3200
3060
2492
1778
1283
1194
1425
1714
1862
1850
1751
1643
1613
1730
1986
2287
2519
2610
2564
2495
2488
2565
2744
2992
3257
3497
3636
3595
3303
2770
2075
1361
836
613
679
932
1178
1240
1076
776
479
312
364
693
1222
1762
2098
2090
1741
1201
675
363
424
911
1765
2845
3931
4095
4095
4095
4095
4095
4095
4095
3859
3623
3409
3106
2714
2335
2090
1989
1902
1707
1342
816
227
37
36
35
34
121
594
1160
1603
1781
1669
1409
1239
1359
1836
2594
3460
4095
4095
4095
4095
3962
3416
3112
3182
3567
4059
4095
4095
3719
2726
1496
281
39
38
36
33
108
1018
2302
3603
4095
4095
4095
3413
1922
401
38
35
32
955
2520
4038
4095
4095
4095
4095
4095
2766
1386
252
37
36
35
34
58
456
1004
1586
2180
2787
3367
3801
3920
3613
2931
2080
1339
940
920
1169
1561
2007
2438
2809
3114
3309
3315
3063
2530
1839
1264
1064
1370
2130
3075
3820
4095
3912
3340
2576
1825
1230
844
648
549
431
251
98
109
409
1028
1781
2421
2754
2770
2666
2679
2922
3366
3867
4095
4095
4095
4095
4095
3771
3446
3193
2952
2654
2280
1829
1360
975
740
681
822
1139
1518
1776
1790
1530
1025
392
38
37
35
33
264
1045
2029
2964
3607
3803
3537
2941
2287
1844
1729
1920
2331
2838
3288
3563
3624
3501
3262
2979
2746
2701
2954
3464
3987
4095
3937
3227
2358
1659
1378
1535
1938
2341
2564
2552
2382
2187
2093
2117
2185
2198
2092
1902
1678
1462
1281
1142
1092
1162
1301
1438
1486
1343
964
399
37
34
92
795
1778
2626
3079
3156
3074
3082
3298
3660
3965
3967
3562
2825
1991
1368
1108
1157
1388
1708
2055
2342
2424
2180
1599
821
119
34
60
603
1434
2262
2891
3260
3434
3508
3578
3706
3875
4020
4089
4003
3686
3106
2304
1388
568
81
75
524
1328
2199
2823
3043
2926
2661
2438
2330
2276
2212
2098
1895
1587
1189
799
560
530
692
1024
1551
2301
3185
3969
4095
4095
3526
2485
1403
577
192
292
773
1432
2080
2620
3033
3298
3439
3543
3739
4095
4095
4095
4095
4095
4095
3307
2021
948
372
351
714
1211
1649
1916
1991
1893
1644
1332
1046
804
566
272
37
35
35
35
33
258
947
1953
3040
3914
4095
4095
4095
4016
3977
4095
4095
4095
4095
4095
4095
4095
4022
2775
1355
49
39
38
36
35
33
52
309
534
711
974
1434
2019
2514
2756
2750
2641
2613
2742
2982
3244
3400
3332
3013
2503
1939
1513
1329
1376
1562
1700
1636
1355
1011
806
875
1226
1741
2319
2891
3387
3736
3927
3981
3919
3748
3443
2955
2285
1558
992
757
906
1335
1808
2130
2273
2321
2362
2438
2528
2591
2623
2651
2710
2767
2779
2698
2455
2017
1418
779
250
36
45
307
830
1479
2158
2792
3304
3670
3890
3985
4028
4068
4095
4095
4095
4095
4033
3569
2898
2157
1559
1296
1449
1915
2458
2874
3066
3043
2822
2372
1683
859
115
35
34
338
1058
1807
2276
2308
1920
1258
570
112
79
518
1401
2533
3591
4095
4095
3604
2470
1200
174
35
95
917
2191
3517
4095
4095
4095
4095
3708
2892
2022
1192
533
175
221
656
1324
2025
2623
3076
3406
3581
3486
3017
2180
1185
378
48
168
651
1222
1632
1789
1793
1794
1863
1966
1993
1868
1627
1395
1348
1646
2308
3194
4095
4095
4095
4095
4095
3844
2661
1528
816
708
1128
1784
2320
2492
2284
1877
1517
1447
1779
2415
3110
3581
3609
3162
2403
1607
1050
901
1195
1802
2490
3009
3130
2753
1946
929
48
36
34
129
874
1822
2603
2956
2813
2311
1697
1269
1284
1808
2672
3599
4095
4095
4095
3874
3368
3099
3182
3507
3774
3672
3083
2117
1067
289
54
284
802
1304
1585
1573
1352
1124
1063
1214
1460
1597
1482
1110
603
209
180
634
1479
2414
3122
3398
3235
2835
2407
2067
1824
1675
1614
1610
1661
1765
1891
2047
2240
2445
2621
2692
2599
2377
2126
1951
1965
2243
2732
3252
3580
3592
3308
2887
2512
2260
2120
2077
2155
2384
2723
3044
3178
2997
2530
1932
1406
1161
1293
1732
2316
2888
3309
3505
3479
3266
2947
2590
2189
1755
1358
1065
935
999
1192
1422
1668
1938
2202
2397
2505
2550
2594
2626
2530
2163
1482
595
39
36
34
36
507
1162
1649
1835
1763
1566
1406
1439
1753
2348
3167
4078
4095
4095
4095
4095
4002
3231
2710
2474
2390
2312
2210
2163
2282
2563
2836
2864
2477
1667
656
39
36
34
33
272
941
1878
2966
4005
4095
4095
4095
4095
4095
3871
3502
3279
3158
3037
2802
2343
1677
944
355
108
232
642
1187
1686
2006
2139
2114
1991
1820
1588
1308
1006
687
349
46
36
34
58
468
1171
1995
2786
3452
3964
4095
4095
4095
4095
4095
4095
4095
3051
1934
1128
822
1019
1595
2343
3061
3600
3823
3648
3093
2275
1391
612
105
37
160
460
755
981
1143
1289
1450
1611
1785
1971
2144
2267
2256
2081
1770
1390
1083
1039
1397
2162
3128
3961
4095
4095
4023
3538
3115
2806
2626
2592
2721
3003
3353
3615
3655
3400
2901
2279
1664
1164
823
694
804
1107
1441
1611
1505
1178
810
611
739
1212
1872
2439
2664
2481
2073
1722
1611
1735
1990
2244
2401
2476
2502
2488
2466
2453
2420
2324
2133
1873
1616
1430
1405
1639
2165
2956
3895
4095
4095
4095
4095
4095
3708
3002
2479
2197
2111
2121
2080
1828
1331
654
40
36
34
33
258
873
1437
1704
1648
1420
1184
1038
1014
1120
1399
1877
2533
3268
3890
4095
4095
4013
3855
3924
4095
4095
4095
4095
3745
2862
1942
1124
504
160
167
546
1231
2044
2714
3020
2920
2548
2147
1928
1974
2239
2585
2875
2961
2758
2310
1730
1173
745
454
241
53
35
34
76
438
933
1305
1432
1389
1349
1486
1893
2519
3230
3897
4095
4095
4095
3735
2968
2153
1456
963
673
573
634
842
1200
1678
2216
2733
3155
3400
3469
3463
3531
3783
4095
4095
4095
4090
3237
2233
1447
1150
1350
1812
2220
2381
2331
2245
2313
2609
3053
3454
3612
3351
2702
1884
1165
754
765
1174
1860
2648
3338
3765
3858
3638
3195
2610
1943
1290
711
236
36
35
39
149
374
648
972
1371
1854
2377
2855
3174
3260
3106
2737
2197
1589
1069
730
565
541
649
859
1083
1197
1095
766
339
70
189
879
2106
3617
4095
4095
4095
4095
4095
3861
3367
3327
3702
4095
4095
4095
4095
3375
2433
1461
661
228
263
660
1132
1401
1327
919
334
36
35
34
58
352
818
1380
1936
2375
2592
2556
2344
2124
2071
2298
2824
3561
4095
4095
4095
4095
4095
3786
3277
3006
2986
3143
3358
3503
3434
3064
2452
1753
1127
658
348
152
47
35
34
46
314
958
1931
3110
4095
4095
4095
4095
4095
4095
3565
2368
1357
677
366
369
563
862
1234
1684
2204
2671
2887
2715
2209
1531
825
176
36
36
34
33
254
889
1622
2217
2513
2488
2288
2120
2145
2393
2780
3188
3511
3689
3662
3462
3221
3036
2915
2834
2805
2857
2980
3099
3086
2808
2212
1347
366
38
35
33
268
1167
2238
3147
3631
3625
3237
2685
2216
1984
2019
2208
2420
2563
2557
2386
2126
1908
1861
2030
2310
2525
2526
2259
1863
1601
1685
2148
2861
3631
4095
4095
4095
4095
3671
2711
1674
846
477
624
1155
1841
2408
2626
2426
1880
1136
432
52
91
561
1372
2260
2959
3289
3146
2579
1794
1116
858
1171
1930
2792
3419
3654
3540
3220
2808
2343
1817
1249
699
281
92
133
406
916
1598
2304
2861
3166
3226
3106
2926
2813
2810
2861
2891
2829
2614
2291
1951
1660
1452
1313
1261
1377
1733
2290
2847
3170
3145
2865
2521
2307
2290
2381
2413
2252
1872
1360
851
479
381
689
1453
2592
3898
4095
4095
4095
4095
4095
3850
2561
1360
498
92
60
189
440
795
1282
1888
2465
2774
2627
2048
1295
701
467
553
761
872
785
542
326
331
654
1300
2157
3010
3641
3900
3791
3457
3048
2688
2481
2524
2821
3302
3878
4095
4095
4095
4095
3759
2814
1919
1321
1137
1314
1677
1994
2029
1655
891
42
38
37
35
33
139
794
1707
2767
3892
4095
4095
4095
4095
4095
4095
3555
2611
1898
1495
1384
1455
1521
1405
1056
562
83
36
34
338
1047
1853
2444
2602
2329
1821
1306
971
905
1086
1483
2083
2857
3747
4095
4095
4095
4095
4095
4095
3188
2106
1142
497
288
448
824
1242
1575
1805
1936
1948
1832
1636
1481
1440
1483
1557
1621
1663
1720
1827
2034
2332
2623
2814
2852
2754
2591
2390
2181
2009
1929
2019
2255
2491
2564
2414
2112
1809
1693
1854
2230
2619
2789
2594
2086
1528
1248
1459
2141
3061
3866
4095
4095
3859
3401
3069
2897
2737
2440
1973
1381
736
118
36
34
33
287
812
1339
1727
1944
2015
1991
1889
1724
1554
1451
1436
1491
1577
1718
1996
2447
3054
3710
4095
4095
4095
3895
3377
2987
2843
2976
3276
3530
3532
3218
2697
2179
1866
1875
2192
2694
3169
3398
3272
2784
2040
1220
504
81
59
374
1009
1780
2511
3062
3350
3320
2973
2402
1723
1067
581
349
345
483
644
747
829
987
1303
1726
2066
2110
1761
1102
406
56
242
1015
2152
3289
4057
4095
3996
3425
2831
2419
2266
2307
2452
2659
2885
3093
3231
3228
3091
2863
2620
2431
2320
2267
2211
2145
2135
2218
2391
2618
2787
2812
2709
2520
2306
2112
1966
1872
1781
1679
1615
1628
1695
1737
1703
1604
1515
1517
1605
1754
1949
2185
2517
2986
3588
4095
4095
4095
4095
3812
2711
1507
492
36
94
756
1773
2693
3171
3130
2677
2047
1437
932
549
274
85
37
37
128
529
1272
2304
3426
4095
4095
4095
4095
3596
2414
1282
481
143
278
824
1631
2507
3238
3668
3759
3537
3105
2584
2083
1687
1468
1479
1702
2072
2523
2988
3382
3583
3469
3021
2342
1641
1157
1026
1247
1652
2015
2207
2230
2189
2195
2284
2394
2444
2404
2273
2019
1573
888
51
38
38
36
34
43
813
1894
2870
3457
3537
3155
2495
1842
1489
1628
2261
3211
4095
4095
4095
4095
4095
4095
4095
4095
3751
2574
1624
1120
1088
1366
1712
1928
1878
1546
1026
453
43
36
35
35
34
67
452
1067
1754
2368
2808
3087
3244
3301
3290
3222
3070
2812
2463
2128
1983
2175
2734
3550
4095
4095
4095
4095
4095
4081
3430
2759
2152
1703
1470
1392
1338
1212
963
590
128
38
36
36
35
33
35
187
459
757
1086
1480
1955
2469
2983
3452
3835
4095
4095
4095
3881
3701
3695
3880
4095
4095
4095
3792
3136
2318
1547
1054
981
1325
1943
2601
3064
3181
2949
2453
1851
1348
1083
1044
1084
1066
971
892
951
1160
1389
1485
1373
1074
685
364
257
392
711
1150
1698
2337
3001
3605
4069
4095
4095
4095
4007
3751
3481
3159
2752
2313
1949
1723
1675
1815
2092
2421
2710
2863
2878
2799
2653
2469
2276
2117
2086
2251
2601
2999
3224
3123
2670
1955
1203
677
508
649
912
1083
1067
905
675
485
439
649
1198
2058
3101
4095
4095
4095
4095
4095
4095
4095
4021
3253
2562
1993
1503
994
379
38
37
36
35
33
140
623
1193
1716
2073
2214
2206
2179
2292
2631
3102
3462
3463
2995
2192
1396
971
1078
1649
2477
3245
3652
3573
3068
2350
1690
1287
1204
1369
1632
1820
1865
1802
1713
1681
1731
1878
2179
2681
3376
4095
4095
4095
4095
4095
3499
2591
1825
1296
1059
1098
1298
1487
1535
1409
1237
1149
1163
1202
1203
1170
1179
1364
1810
2505
3271
3847
4045
3863
3455
3020
2651
2364
2132
1948
1819
1745
1715
1720
1761
1832
1942
2057
2154
2266
2438
2685
2933
3006
2757
2168
1404
711
261
140
320
713
1208
1704
2114
2389
2526
2558
2528
2458
2387
2340
2285
2182
1995
1774
1616
1578
1710
2060
2596
3187
3633
3799
3655
3293
2859
2486
2304
2363
2573
2730
2613
2119
1400
785
545
733
1238
1863
2417
2781
2908
2880
2848
2947
3162
3305
3156
2597
1752
945
494
542
991
1605
2137
2434
2479
2339
2167
2114
2221
2390
2510
2552
2558
2557
2514
2403
2267
2153
2045
1866
1553
1122
692
397
284
338
565
1003
1616
2320
3001
3550
3873
3889
3617
3173
2685
2299
2146
2285
2674
3179
3643
3885
3797
3409
2831
2212
1686
1367
1315
1502
1793
1956
1844
1473
996
596
354
298
453
785
1191
1513
1674
1737
1810
1990
2316
2715
3077
3293
3245
2868
2208
1457
894
727
1068
1815
2675
3321
3553
3372
2918
2417
2050
1866
1859
2029
2321
2663
2998
3263
3414
3441
3346
3150
2893
2632
2373
2138
1963
1840
1715
1559
1367
1160
979
830
739
738
817
948
1133
1377
1653
1926
2154
2301
2415
2620
2979
3473
3982
4095
4095
4012
3532
3074
2767
2630
2562
2468
2314
2128
2005
1985
2019
2062
2092
2118
2149
2188
2232
2227
2087
1804
1488
1294
1343
1647
2073
2426
2561
2426
2122
1765
1410
1106
912
856
918
1042
1152
1203
1155
1013
864
882
1224
1939
2861
3718
4095
4095
3669
2780
1856
1242
1123
1473
2075
2624
2910
2899
2664
2339
2109
2115
2419
2945
3476
3777
3748
3427
2895
2215
1484
852
438
294
407
705
1062
1310
1304
1038
650
356
311
499
787
1036
1203
1348
1545
1885
2465
3302
4095
4095
4095
4095
4095
3916
2960
2261
2000
2170
2599
2999
3120
2891
2462
2055
1849
1888
2069
2224
2196
1959
1638
1413
1401
1615
1963
2320
2578
2624
2388
1864
1225
707
533
834
1573
2528
3370
3845
3882
3604
3254
3042
3011
3010
2849
2437
1833
1156
568
248
308
716
1323
1919
2327
2484
2406
2126
1677
1129
633
377
442
768
1193
1520
1635
1580
1499
1543
1783
2151
2553
2937
3276
3575
3871
4095
4095
4095
4095
4095
3907
3326
2625
1887
1177
563
118
34
64
360
848
1394
1915
2367
2665
2699
2446
2018
1615
1408
1464
1715
1977
2065
1869
1450
998
716
747
1092
1689
2463
3323
4095
4095
4095
4095
4095
3544
2810
2229
1924
1935
2141
2331
2330
2065
1578
949
295
36
36
33
187
951
1970
2879
3402
3433
3048
2472
1939
1629
1624
1951
2564
3337
4043
4095
4095
3511
2593
1818
1451
1516
1835
2155
2290
2187
1912
1601
1380
1365
1588
1953
2305
2513
2512
2344
2072
1729
1343
929
484
52
36
35
33
360
1294
2414
3394
4053
4095
4095
3963
3536
3126
2856
2813
2970
3220
3420
3454
3271
2900
2422
1918
1454
1074
856
844
1020
1298
1517
1550
1363
1018
632
331
270
614
1443
2645
3908
4095
4095
4095
4095
3810
3233
2861
2671
2595
2544
2408
2117
1655
1086
577
326
472
1057
1947
2894
3647
4031
4068
3894
3628
3308
2941
2536
2105
1694
1352
1112
991
955
982
1059
1157
1255
1376
1564
1857
2228
2586
2805
2789
2561
2234
1946
1799
1831
2024
2295
2528
2582
2316
1679
785
40
36
35
35
34
35
34
34
123
593
1397
2429
3548
4095
4095
4095
4095
4095
4095
3667
3061
2734
2619
2584
2516
2360
2108
1842
1716
1865
2338
3044
3740
4095
4095
3821
3179
2365
1478
593
39
37
35
32
340
1108
1894
2444
2607
2357
1797
1115
573
399
702
1467
2515
3557
4095
4095
4095
4095
4095
4095
4095
4095
4095
3922
3465
2695
1706
674
39
36
35
33
111
467
918
1359
1707
1902
1939
1873
1746
1633
1617
1734
2014
2442
2949
3419
3692
3695
3493
3227
3005
2847
2701
2519
2297
2066
1857
1647
1392
1078
734
420
248
326
715
1376
2142
2792
3125
3053
2619
1990
1397
1103
1308
2056
3198
4095
4095
4095
4095
4095
4040
3163
2288
1436
616
38
37
35
32
414
1504
2910
4095
4095
4095
4095
4095
3087
1812
640
39
36
34
34
410
1060
1735
2360
2933
3464
3877
4012
3784
3233
2534
1947
1691
1808
2174
2583
2844
2907
2797
2577
2304
2018
1786
1624
1506
1389
1194
904
573
286
140
153
315
597
954
1379
1843
2304
2705
2989
3133
3163
3098
2946
2720
2464
2289
2265
2400
2662
2943
3118
3112
2906
2510
2010
1519
1104
843
783
863
991
1129
1314
1590
1998
2564
3267
4031
4095
4095
4095
4095
4095
3900
3149
2563
2106
1686
1223
707
210
36
35
34
119
551
1084
1489
1632
1498
1174
867
830
1192
1921
2880
3868
4095
4095
4095
4095
4095
4095
4010
3786
3645
3544
3441
3302
3106
2831
2465
1975
1332
532
40
39
38
38
36
34
33
155
529
825
955
941
898
974
1257
1788
2538
3392
4095
4095
4095
4095
4095
4095
4095
4095
4095
4095
4095
4095
3836
3519
3227
2983
2764
2489
2126
1735
1430
1275
1261
1357
1510
1619
1553
1245
719
81
36
36
34
171
820
1666
2479
3100
3492
3649
3555
3235
2772
2320
2021
1938
2080
2367
2698
2964
3032
2876
2607
2362
2224
2203
2231
2214
2119
1958
1789
1719
1840
2119
2382
2429
2171
1676
1098
646
516
752
1231
1740
2118
2352
2503
2649
2861
3166
3558
3948
4095
4095
3703
2980
2219
1701
1608
1943
2509
3019
3263
3161
2737
2058
1255
472
37
34
35
34
34
42
198
626
1282
2022
2647
3035
3221
3358
3610
4011
4095
4095
4095
3958
3248
2536
1960
1573
1383
1387
1590
1979
2453
2861
3050
2919
2493
1926
1441
1170
1082
1073
1037
910
695
496
484
756
1264
1883
2460
2855
3018
2993
2890
2818
2835
2901
2926
2807
2517
2153
1859
1729
1810
2130
2683
3392
4064
4095
4095
3662
2740
1933
1577
1823
2572
3516
4095
4095
3907
2927
1796
843
288
137
206
260
125
36
36
34
33
222
895
1837
2823
3571
3873
3693
3196
2637
2190
1907
1804
1919
2258
2728
3202
3595
3830
3837
3560
3014
2312
1583
935
457
239
354
832
1546
2232
2626
2584
2121
1411
703
285
372
1014
2032
3055
3708
3778
3320
2599
1903
1499
1496
1788
2167
2474
2709
2960
3280
3597
3782
3741
3442
2977
2514
2182
2054
2117
2280
2414
2388
2171
1859
1564
1316
1074
787
487
271
190
246
446
797
1292
1897
2543
3189
3755
4095
4095
3914
3404
2751
2108
1609
1325
1277
1448
1757
2057
2238
2299
2336
2435
2627
2869
3091
3278
3440
3595
3704
3654
3366
2823
2118
1450
1022
975
1318
1938
2631
3121
3208
2878
2274
1640
1185
953
821
602
155
38
39
38
37
35
32
527
1702
2926
3817
4095
4006
3602
3240
3132
3361
3829
4095
4095
4095
4095
4018
3395
2806
2356
2078
1943
1876
1788
1591
1249
839
493
308
342
585
922
1217
1370
1422
1553
1966
2732
3719
4095
4095
4095
4095
4095
3621
2845
2095
1392
762
231
37
36
35
34
53
361
938
1664
2432
3146
3739
4095
4095
4095
4095
4095
4095
4095
4095
4024
3680
3305
2975
2749
2599
2408
2063
1517
854
303
87
271
748
1236
1444
1244
703
91
35
53
623
1554
2494
3133
3356
3190
2738
2182
1686
1326
1164
1243
1517
1854
2127
2228
2112
1816
1483
1277
1315
1629
2150
2739
3260
3609
3735
3654
3423
3126
2807
2522
2337
2271
2289
2315
2245
1992
1548
1029
645
562
802
1279
1894
2558
3218
3826
4095
4095
4095
4095
4067
3505
2745
1860
918
60
37
36
35
33
155
574
1021
1418
1802
2236
2725
3207
3616
3914
4063
3999
3664
3065
2348
1785
1576
1769
2243
2738
3045
3109
2967
2734
2543
2437
2368
2304
2255
2226
2209
2166
2060
1884
1632
1280
817
282
37
34
148
691
1354
1933
2368
2664
2838
2927
2966
3006
3076
3125
3069
2907
2706
2577
2634
2927
3378
3770
3873
3595
3032
2386
1841
1485
1326
1322
1389
1478
1610
1835
2157
2457
2569
2422
2120
1879
1893
2226
2733
3131
3141
2621
1634
438
39
32
33
371
1525
2901
4024
4095
4095
4069
3333
2524
1738
1056
600
456
593
925
1392
1975
2630
3255
3711
3906
3884
3775
3707
3684
3578
3231
2571
1648
634
38
35
36
644
1631
2551
3038
2910
2231
1259
329
36
33
243
884
1729
2663
3595
4095
4095
4095
4095
4095
3913
3138
2284
1491
905
629
728
1142
1731
2352
2867
3189
3258
3017
2497
1837
1240
906
887
1058
1239
1298
1165
854
471
164
88
295
734
1262
1737
2041
2153
2173
2232
2449
2914
3606
4095
4095
4095
4095
4095
4095
3980
3669
3249
2695
2100
1568
1132
790
525
328
231
242
332
413
396
297
257
410
779
1308
1916
2498
2942
3206
3321
3354
3390
3465
3547
3618
3699
3825
4019
4095
4095
4095
3866
3126
2173
1252
614
388
530
855
1105
1094
756
214
36
35
34
209
718
1405
2190
2939
3490
3754
3687
3298
2649
1835
1000
376
155
416
1092
1981
2884
3641
4095
4095
3942
3475
2974
2601
2413
2417
2545
2649
2600
2396
2181
2094
2143
2216
2158
1939
1664
1495
1585
1940
2404
2748
2777
2423
1834
1271
995
1166
1790
2727
3745
4095
4095
4095
4038
3197
2390
1751
1329
1179
1317
1659
2062
2401
2572
2502
2232
1895
1654
1612
1759
1975
2118
2137
2035
1850
1610
1332
1039
706
302
37
36
36
34
32
516
1488
2614
3624
4095
4095
4095
3962
3538
3241
3082
2971
2766
2403
1962
1612
1514
1758
2244
2704
2862
2620
2139
1714
1600
1846
2317
2836
3258
3500
3501
3215
2650
1901
1111
391
36
35
35
34
39
382
1045
1849
2635
3280
3674
3766
3562
3140
2699
2507
2758
3459
4095
4095
4095
4095
4095
3371
2804
2587
2631
2771
2792
2504
1887
1115
456
153
276
691
1096
1212
948
480
117
100
456
1081
1741
2228
2385
2160
1616
974
549
554
983
1637
2234
2623
2847
3010
3157
3256
3235
3039
2707
2368
2203
2325
2727
3312
3896
4095
4095
4095
4084
3473
2655
1727
870
264
64
278
892
1680
2334
2620
2520
2217
1937
1830
1912
2102
2277
2294
2056
1573
1009
647
731
1284
2098
2890
3413
3519
3258
2857
2585
2597
2854
3182
3382
3393
3286
3160
3034
2820
2452
1931
1330
744
218
37
36
34
34
92
408
779
1109
1401
1744
2195
2758
3399
4029
4095
4095
4095
3869
2881
1731
725
148
101
440
939
1416
1842
2246
2629
2943
3135
3182
3068
2827
2519
2202
1986
2008
2349
2975
3739
4095
4095
4095
4056
3314
2600
2051
1691
1456
1242
978
664
342
62
36
36
35
34
256
934
1922
3049
4072
4095
4095
4095
3489
2398
1455
970
1096
1737
2573
3193
3321
2954
2368
1928
1891
2280
2918
3568
4031
4095
3998
3481
2780
2035
1363
835
410
78
35
34
35
35
35
36
36
35
35
33
207
909
1878
2908
3796
4095
4095
4095
4095
3974
4004
4095
4095
4095
4095
4095
4095
4095
4095
4095
4095
4095
4057
3458
2483
1146
44
41
43
41
35
33
32
574
1352
2026
2561
2986
3316
3512
3575
3578
3580
3632
3750
3932
4095
4095
4095
4095
3924
3655
3397
3196
3062
2922
2659
2184
1495
691
40
37
37
37
35
34
32
390
1158
2117
3056
3718
3924
3684
3161
2539
1957
1483
1172
1063
1123
1280
1510
1853
2334
2882
3381
3705
3766
3544
3136
2749
2593
2789
3300
3902
4095
4095
4095
3756
3062
2231
1366
596
69
34
93
411
800
1095
1168
1001
718
494
467
737
1307
2098
2995
3819
4095
4095
4095
3760
3074
2405
1915
1674
1649
1738
1831
1909
2032
2221
2421
2536
2546
2552
2652
2889
3259
3662
3994
4095
4095
4045
3644
3026
2263
1502
928
650
622
691
732
693
572
452
483
785
1353
2057
2682
3006
2969
2677
2330
2104
2082
2265
2546
2811
3020
3182
3309
3332
3127
2648
1956
1231
693
481
608
995
1471
1813
1903
1747
1425
1088
861
771
828
1071
1535
2205
2980
3668
4077
4095
3744
3136
2401
1648
960
432
204
395
983
1757
2420
2758
2783
2677
2616
2634
2660
2636
2617
2712
2963
3290
3528
3515
3227
2799
2404
2168
2165
2403
2816
3251
3516
3465
3067
2466
1837
1280
802
417
210
307
785
1584
2517
3353
3919
4095
3982
3516
2879
2223
1624
1061
471
37
36
34
33
184
646
1188
1634
1841
1749
1474
1267
1365
1887
2737
3652
4095
4095
4095
4095
3635
3070
2674
2469
2424
2483
2545
2489
2273
1932
1538
1203
1011
1000
1217
1635
2157
2696
3186
3600
3899
4031
3971
3683
3133
2390
1583
868
369
116
114
358
787
1234
1514
1561
1497
1549
1883
2462
3035
3327
3233
2881
2525
2350
2367
2494
2653
2773
2831
2833
2769
2608
2297
1804
1154
448
37
33
221
1040
2124
3119
3778
4026
3942
3717
3470
3207
2884
2492
2119
1843
1666
1571
1586
1760
2121
2582
2931
3004
2755
2290
1833
1606
1718
2088
2457
2547
2238
1632
986
543
384
501
860
1367
1872
2274
2559
2790
2990
3078
2956
2650
2301
2048
1911
1851
1849
1945
2148
2409
2624
2647
2384
1826
1120
524
304
620
1376
2248
2867
3015
2730
2228
1765
1526
1601
2013
2711
3567
4095
4095
4095
4043
3067
2093
1342
877
674
660
747
912
1189
1580
2048
2519
2897
3102
3054
2732
2232
1726
1350
1173
1222
1533
2117
2910
3709
4095
4095
3615
2568
1413
558
262
554
1257
2094
2849
3426
3823
4036
4041
3821
3360
2633
1671
610
39
37
36
36
34
37
361
915
1523
2048
2453
2754
2943
3047
3106
3183
3316
3464
3600
3753
3944
4095
4095
4095
4095
3946
3328
2625
1986
1478
1067
692
362
142
120
331
749
1329
2004
2664
3192
3512
3558
3277
2673
1815
893
150
36
34
44
231
561
1006
1625
2462
3490
4095
4095
4095
4095
3725
2673
1961
1835
2300
3093
3784
3983
3482
2358
971
40
37
34
66
596
1221
1750
2117
2304
2332
2228
2077
2017
2122
2329
2553
2761
2956
3183
3471
3752
3909
3838
3438
2697
1753
900
440
542
1122
1880
2489
2759
2714
2536
2428
2498
2665
2713
2480
1931
1138
300
37
35
33
136
504
972
1518
2102
2600
2905
3009
2999
3005
3114
3337
3585
3729
3708
3510
3189
2872
2608
2357
2057
1720
1399
1155
1009
911
804
656
526
545
799
1244
1787
2320
2788
3168
3410
3440
3197
2741
2292
2098
2280
2783
3415
3914
4063
3745
2980
1968
1007
398
295
675
1355
2051
2555
2843
3025
3253
3548
3775
3780
3532
3073
2484
1881
1439
1274
1427
1798
2144
2281
2151
1772
1221
601
76
35
34
152
635
1327
2046
2643
3006
3088
2970
2798
2678
2654
2706
2795
2886
2907
2809
2631
2456
2337
2271
2184
2004
1766
1579
1525
1618
1787
1972
2131
2224
2285
2415
2712
3171
3675
4038
4095
3915
3497
2908
2187
1434
780
309
71
67
252
641
1141
1601
1884
1978
2017
2126
2362
2692
3000
3196
3231
3100
2857
2608
2490
2592
2891
3250
3451
3318
2839
2120
1317
635
280
364
883
1705
2559
3130
3218
2793
1966
1004
186
35
34
102
667
1511
2375
2968
3138
2960
2623
2334
2263
2469
2920
3501
4004
4095
4031
3524
2822
2081
1373
773
346
105
78
275
691
1185
1569
1727
1698
1658
1809
2252
2948
3746
4095
4095
4095
4009
3233
2532
2058
1773
1573
1357
1099
874
735
677
708
806
889
882
762
571
394
372
670
1389
2468
3699
4095
4095
4095
4095
4095
4095
3558
2793
2338
2290
2571
2937
3124
2963
2461
1798
1191
785
632
736
1041
1433
1751
1852
1662
1274
928
808
938
1206
1483
1732
1956
2142
2276
2354
2372
2336
2297
2303
2364
2458
2522
2551
2625
2800
3050
3271
3371
3344
3219
3050
2858
2594
2201
1659
1014
388
40
46
373
970
1559
1916
1951
1713
1337
982
804
955
1533
2521
3764
4095
4095
4095
4095
4095
4095
4095
3429
2990
2783
2638
2395
2019
1565
1145
877
765
688
522
230
37
35
34
57
364
791
1188
1477
1640
1672
1605
1546
1642
1939
2336
2637
2664
2356
1808
1263
1040
1363
2263
3543
4095
4095
4095
4095
4095
4095
3358
2198
1069
121
37
34
33
346
869
1293
1479
1435
1278
1159
1143
1209
1278
1334
1466
1802
2358
2996
3500
3696
3505
3033
2497
2116
2029
2246
2688
3245
3819
4095
4095
4095
3848
2977
1945
960
197
36
34
271
812
1369
1780
1990
2052
2102
2209
2327
2347
2157
1735
1176
635
264
167
434
1127
2213
3499
4095
4095
4095
4095
4095
4095
4095
4038
3422
2795
2245
1784
1403
1106
892
798
847
990
1159
1295
1323
1175
824
312
37
37
35
33
106
773
1793
2902
3819
4095
4095
4095
3786
3608
3612
3691
3716
3608
3332
2907
2378
1876
1609
1760
2380
3338
4095
4095
4095
4095
3997
2755
1446
277
38
37
36
36
36
35
34
39
265
734
1420
2263
3090
3691
3947
3869
3623
3421
3435
3730
4095
4095
4095
4095
3638
2400
1041
41
37
36
34
32
416
1001
1443
1660
1765
1903
2136
2421
2684
2867
2946
2990
3123
3399
3797
4095
4095
4095
4095
4095
3975
3016
1946
976
259
36
34
114
561
1245
2046
2785
3316
3604
3694
3670
3639
3662
3729
3728
3519
3005
2152
1035
41
37
35
34
140
928
1766
2308
2435
2207
1818
1527
1541
1945
2673
3476
4075
4095
4095
3835
3351
2872
2508
2315
2233
2128
1877
1450
963
561
344
312
338
258
41
36
36
34
33
345
1025
1767
2413
2887
3162
3301
3405
3571
3888
4095
4095
4095
4095
4095
4095
3661
2974
2388
1988
1809
1786
1829
1879
1933
1975
1980
1971
2041
2301
2804
3494
4095
4095
4095
4095
4095
3427
2458
1659
1135
891
817
738
534
216
36
35
41
202
474
716
877
975
1063
1220
1498
1883
2274
2602
2850
3004
3015
2805
2342
1741
1268
1190
1618
2414
3253
3779
3753
3150
2222
1376
934
983
1407
1949
2340
2423
2225
1938
1777
1828
2030
2213
2219
2037
1782
1615
1647
1905
2364
2921
3401
3683
3774
3771
3771
3800
3793
3625
3261
2789
2320
1914
1571
1224
811
324
37
36
35
34
77
612
1458
2483
3554
4095
4095
4095
4095
4095
3897
3328
2886
2657
2696
2991
3401
3693
3662
3168
2214
960
41
38
35
33
233
909
1604
2196
2680
3049
3244
3187
2873
2381
1811
1262
811
533
537
891
1544
2312
2990
3462
3726
3861
3964
4065
4092
3955
3651
3254
2895
2658
2506
2331
2023
1511
842
146
37
36
35
35
34
64
381
865
1434
2002
2481
2853
3092
3151
2992
2661
2325
2167
2255
2497
2745
2884
2879
2773
2604
2436
2312
2220
2171
2214
2352
2572
2875
3253
3684
4095
4095
4095
4095
3660
2894
2036
1156
361
36
34
82
664
1576
2575
3443
4020
4095
4095
3634
2861
1897
974
360
199
441
876
1219
1267
1027
698
516
633
1049
1574
1951
2010
1795
1549
1516
1834
2444
3114
3563
3600
3196
2534
1887
1480
1421
1734
2382
3269
4095
4095
4095
4095
4095
3983
3035
2234
1697
1382
1209
1095
952
749
540
414
429
589
826
1067
1321
1663
2111
2584
2994
3312
3529
3638
3615
3464
3277
3131
3076
3139
3298
3466
3519
3332
2805
1959
987
205
34
139
708
1489
2254
2835
3157
3235
3089
2754
2317
1838
1378
975
590
219
36
34
37
215
594
977
1208
1255
1189
1149
1302
1708
2325
3061
3734
4095
4071
3630
2997
2394
1961
1772
1873
2255
2820
3397
3816
3933
3683
3138
2485
1938
1681
1788
2136
2460
2565
2425
2104
1674
1204
750
414
333
544
987
1538
2031
2363
2517
2530
2464
2369
2279
2247
2313
2508
2858
3329
3788
4025
3857
3240
2336
1430
744
380
301
401
609
897
1216
1524
1825
2153
2541
3014
3516
3969
4095
4095
4095
4095
3528
2724
1960
1409
1149
1168
1400
1805
2295
2719
2903
2718
2148
1324
540
121
216
759
1559
2372
3034
3466
3629
3574
3383
3122
2825
2474
2098
1821
1781
2011
2421
2889
3310
3615
3725
3501
2846
1776
525
39
36
32
448
1420
2387
3004
3063
2532
1536
362
38
35
32
611
1741
2839
3500
3543
3049
2294
1618
1323
1528
2121
2803
3235
3266
2996
2675
2505
2498
2559
2614
2665
2751
2883
2980
2910
2583
2039
1464
1064
941
1059
1274
1480
1664
1832
1991
2151
2311
2482
2629
2685
2582
2253
1702
1056
470
84
43
281
846
1562
2289
2904
3360
3706
4015
4095
4095
4095
3674
2869
1955
1194
847
1012
1609
2452
3268
3778
3799
3334
2551
1682
988
688
873
1465
2255
3013
3518
3598
3203
2415
1424
456
38
36
33
240
985
1923
2802
3420
3714
3727
3611
3473
3311
3055
2645
2126
1683
1538
1780
2331
2976
3462
3615
3357
2773
2035
1356
901
696
668
746
903
1147
1510
1986
2517
2991
3276
3274
2925
2269
1480
795
421
491
984
1730
2456
2875
2847
2408
1732
1090
725
769
1245
2002
2757
3230
3291
3034
2728
2613
2751
3011
3174
3069
2671
2138
1728
1622
1812
2159
2473
2616
2567
2372
2093
1760
1444
1264
1290
1513
1851
2174
2391
2472
2490
2551
2688
2856
2957
2912
2765
2625
2607
2757
3004
3170
3033
2509
1720
939
466
451
798
1222
1453
1343
875
177
37
36
33
88
766
1719
2652
3362
3721
3731
3500
3177
2898
2726
2661
2675
2778
2982
3232
3398
3393
3244
3062
2921
2758
2441
1865
1053
206
37
35
33
457
1289
2239
3096
3708
4014
4022
3811
3510
3295
3302
3554
3963
4095
4095
4095
4093
3546
3012
2634
2450
2385
2295
2039
1572
920
136
38
37
37
34
34
46
360
752
1080
1251
1219
1005
714
509
560
1005
1833
2857
3844
4095
4095
4095
4095
3797
3247
2827
2605
2612
2795
3065
3361
3631
3857
4067
4095
4095
4095
3892
3185
2273
1370
735
541
781
1289
1791
2011
1792
1171
377
37
34
73
619
1335
1971
2439
2734
2905
2986
2941
2726
2328
1801
1307
1028
1094
1537
2277
3181
4067
4095
4095
4095
4095
3437
2603
1950
1601
1545
1625
1662
1554
1306
1024
829
843
1132
1663
2306
2834
2996
2692
1998
1076
128
37
37
35
33
323
1357
2677
3924
4095
4095
4095
3688
2702
2017
1834
2130
2703
3280
3638
3616
3176
2410
1549
855
483
487
825
1351
1923
2461
2948
3358
3650
3766
3659
3341
2881
2390
1957
1670
1570
1663
1934
2285
2529
2478
2031
1216
208
39
36
34
64
915
2091
3224
4076
4095
4095
4095
4095
3955
3719
3465
3132
2719
2336
2134
2222
2611
3189
3754
4047
3810
2938
1528
47
41
40
36
34
33
257
976
1666
2141
2390
2505
2628
2893
3351
3927
4095
4095
4095
4095
4095
3695
3016
2436
2031
1771
1585
1458
1469
1724
2257
2934
3530
3855
3791
3294
2439
1422
551
85
89
456
1061
1689
2145
2291
2131
1810
1487
1248
1113
1066
1050
1043
1077
1234
1620
2307
3246
4095
4095
4095
4095
3634
2413
1438
1039
1268
1901
2607
3129
3361
3285
2907
2313
1659
1093
728
636
824
1248
1745
2080
2090
1806
1422
1133
1042
1127
1292
1429
1437
1305
1112
984
1042
1297
1643
1951
2121
2110
1980
1835
1745
1738
1798
1929
2150
2436
2731
3010
3319
3731
4095
4095
4095
4095
4095
4095
4095
3613
3041
2379
1673
1091
814
959
1502
2292
3083
3627
3719
3317
2498
1412
263
39
37
36
33
57
389
832
1310
1806
2269
2593
2672
2470
2034
1511
1139
1173
1744
2757
3927
4095
4095
4095
4095
4059
3063
2078
1298
890
894
1189
1589
1897
1965
1815
1578
1356
1198
1098
1071
1202
1594
2239
3007
3716
4095
4095
4095
4095
4095
4095
3923
3568
3156
2769
2475
2229
1886
1300
406
40
40
39
37
35
32
398
1539
2884
4058
4095
4095
4095
4095
3967
3425
2817
2168
1575
1203
1187
1554
2148
2647
2734
2248
1322
349
36
33
356
1026
1654
1981
1909
1506
956
534
478
898
1788
3007
4095
4095
4095
4095
4095
4095
4095
3988
3199
2306
1394
597
48
34
33
161
669
1376
2112
2694
2959
2876
2582
2290
2146
2136
2127
1969
1608
1116
646
391
485
914
1554
2248
2878
3394
3850
4095
4095
4095
4095
4095
4095
4095
4095
3612
2548
1503
526
39
37
36
35
35
33
40
266
668
1190
1781
2309
2608
2639
2534
2522
2773
3315
4040
4095
4095
4095
4095
3604
2535
1697
1260
1211
1430
1761
2064
2208
2115
1831
1484
1174
934
731
485
183
36
36
35
36
35
34
33
432
1324
2426
3468
4095
4095
4095
4095
4095
4058
3630
3180
2785
2525
2473
2668
3086
3620
4080
4095
3978
3346
2471
1533
762
382
529
1130
1910
2567
2953
3104
3166
3268
3391
3384
3128
2588
1849
1086
438
40
34
42
414
1104
1844
2408
2723
2859
2920
2915
2812
2632
2443
2334
2356
2486
2645
2711
2630
2417
2148
1921
1798
1786
1848
1939
2000
1972
1809
1521
1258
1189
1401
1873
2449
2887
3020
2814
2354
1854
1577
1673
2088
2609
3022
3225
3192
2931
2506
2048
1719
1639
1816
2144
2511
2795
2928
2908
2747
2444
1989
1371
636
40
35
33
479
1337
2222
2900
3306
3510
3590
3581
3492
3274
2926
2515
2164
2030
2167
2469
2764
2898
2811
2583
2339
2150
2030
2007
2090
2216
2242
2060
1692
1257
912
748
725
725
658
549
549
824
1445
2359
3387
4095
4095
4095
4095
4095
3469
2278
1156
251
37
36
34
60
473
1122
1837
2456
2854
2983
2930
2828
2769
2815
2989
3232
3412
3422
3210
2831
2411
2031
1763
1695
1895
2373
3035
3659
3988
3857
3209
2150
930
41
37
35
34
132
880
1997
3267
4095
4095
4095
4095
4095
3120
2027
1116
504
277
429
882
1526
2181
2643
2810
2673
2319
1896
1489
1114
754
403
110
41
240
911
1934
3033
3928
4095
4095
4095
4095
3914
3623
3304
2945
2584
2338
2313
2541
2959
3430
3795
3874
3503
2667
1517
309
38
36
34
34
279
613
793
761
612
494
506
711
1138
1791
2621
3487
4095
4095
4095
4095
3478
2624
1827
1304
1177
1428
1929
2518
3022
3276
3212
2863
2337
1823
1501
1489
1824
2403
3021
3517
3809
3881
3751
3464
3062
2663
2394
2287
2272
2219
2027
1741
1484
1343
1335
1446
1582
1651
1591
1343
889
287
38
36
36
34
34
513
1326
2187
2939
3564
4095
4095
4095
4095
4095
3768
3027
2586
2638
3128
3797
4095
4095
4095
3579
2838
2177
1750
1563
1472
1258
762
65
37
34
33
422
1157
1780
2079
2023
1748
1508
1484
1752
2308
3052
3839
4095
4095
4095
4095
3413
2608
2108
2040
2351
2835
3180
3096
2443
1351
199
37
34
65
556
1014
1123
845
380
53
96
635
1557
2529
3247
3587
3588
3405
3194
3022
2906
2813
2640
2326
1893
1436
1084
976
1176
1643
2262
2862
3295
3494
3531
3500
3472
3497
3569
3658
3717
3678
3470
3069
2582
2168
1925
1822
1745
1572
1197
605
40
38
37
36
33
231
1302
2643
3826
4095
4095
4095
4095
4095
4095
3497
2865
2375
2082
1951
1838
1621
1308
1017
898
1013
1323
1744
2143
2389
2401
2182
1852
1597
1576
1793
2081
2247
2171
1826
1356
944
745
821
1082
1358
1499
1451
1309
1226
1283
1477
1788
2192
2665
3178
3628
3963
4095
4095
4095
4095
4020
3741
3492
3362
3336
3330
3229
2906
2359
1746
1304
1157
1263
1499
1745
1917
1942
1742
1285
690
223
110
400
1003
1728
2430
2969
3253
3266
3058
2738
2451
2271
2168
2103
2070
2048
1983
1879
1815
1893
2137
2454
2701
2767
2672
2480
2266
2088
1942
1818
1729
1658
1609
1643
1796
2009
2128
2016
1672
1204
719
298
57
80
465
1240
2256
3262
4023
4095
4095
4095
4021
3681
3364
3071
2783
2530
2334
2195
2110
2067
2000
1800
1375
711
41
37
35
33
235
972
1850
2647
3255
3623
3762
3760
3732
3764
3846
3886
3765
3368
2661
1790
1038
687
839
1342
1887
2213
2247
2066
1845
1788
2007
2459
2937
3241
3298
3184
3065
3081
3253
3475
3591
3445
2931
2104
1175
368
36
35
34
81
508
1220
2086
2910
3497
3729
3583
3143
2513
1871
1447
1412
1806
2523
3296
3793
3816
3397
2699
1909
1216
731
507
592
942
1439
1977
2466
2860
3156
3319
3291
3024
2546
1959
1413
1038
895
1013
1350
1786
2179
2404
2410
2263
2037
1768
1516
1372
1390
1541
1781
2087
2403
2629
2655
2450
2094
1753
1593
1682
2001
2472
3017
3511
3820
3873
3668
3279
2815
2415
2153
2062
2139
2287
2343
2216
1950
1655
1395
1183
997
796
614
562
751
1202
1790
2348
2720
2798
2593
2200
1748
1406
1334
1617
2253
3096
3875
4095
4095
3792
3118
2521
2231
2288
2552
2791
2794
2477
1900
1262
795
594
629
782
937
1040
1088
1177
1464
2076
3019
4095
4095
4095
4095
4095
3760
3099
2581
2245
2098
2094
2151
2167
2081
1941
1853
1888
2011
2056
1841
1297
566
38
36
35
34
34
307
903
1604
2258
2796
3168
3309
3219
3005
2831
2847
3031
3193
3107
2698
2095
1504
1108
974
1016
1077
1024
824
609
608
997
1750
2670
3536
4095
4095
4095
3783
2955
2169
1713
1731
2202
2932
3659
4095
4095
3788
2897
1796
824
276
284
743
1343
1778
1877
1672
1382
1202
1189
1323
1581
1929
2298
2592
2709
2560
2148
1619
1196
1078
1320
1792
2302
2668
2761
2602
2352
2212
2285
2526
2811
3044
3220
3385
3538
3618
3583
3407
3110
2749
2386
2040
1678
1309
1005
885
1054
1522
2138
2648
2819
2544
1928
1231
742
612
820
1270
1827
2343
2673
2735
2565
2242
1853
1446
1045
701
512
601
1001
1623
2281
2734
2845
2663
2384
2185
2107
2072
2022
2018
2185
2559
3014
3345
3424
3246
2929
2639
2452
2334
2233
2101
1943
1849
1865
1927
1915
1713
1305
780
278
36
34
137
725
1720
2941
4095
4095
4095
4095
4095
4095
4095
4095
3721
3305
2896
2453
1940
1352
768
288
38
35
36
198
659
1314
2022
2619
2969
2966
2608
1998
1327
823
638
759
1063
1393
1679
1922
2136
2364
2642
2973
3371
3793
4095
4095
4095
4095
4095
3931
3517
3136
2866
2747
2714
2610
2300
1723
891
42
39
39
37
35
33
94
820
1742
2582
3152
3337
3133
2643
2066
1623
1481
1693
2144
2661
3111
3407
3541
3492
3234
2769
2180
1664
1445
1619
2112
2779
3492
4095
4095
4095
4095
4095
4095
4063
3535
2950
2250
1394
409
39
37
36
34
33
112
419
701
915
1070
1162
1200
1244
1413
1832
2551
3466
4095
4095
4095
4095
4095
4095
4069
3714
3337
2949
2543
2072
1529
951
431
122
92
296
686
1122
1446
1588
1594
1528
1423
1332
1336
1515
1858
2220
2443
2444
2257
1993
1742
1593
1656
2010
2658
3417
3987
4095
3724
2979
2196
1647
1474
1692
2169
2668
2989
3075
2992
2818
2606
2412
2228
1985
1597
1035
369
37
35
33
321
1106
2135
3209
4084
4095
4095
3641
2717
1830
1223
1006
1176
1670
2364
3056
3511
3607
3369
2935
2526
2268
2135
2018
1832
1561
1231
907
690
653
799
1083
1463
1872
2211
2409
2483
2510
2596
2837
3219
3633
3956
4085
3988
3702
3330
3002
2852
2941
3231
3600
3886
3962
3716
3119
2240
1231
284
38
36
35
35
257
661
1044
1325
1531
1739
2022
2391
2778
3096
3227
3103
2707
2055
1278
617
313
494
1110
1924
2636
3051
3134
2921
2463
1815
1090
508
299
593
1355
2403
3464
4095
4095
4095
3858
2872
1752
664
39
37
35
33
224
796
1345
1713
1898
2005
2156
2381
2619
2786
2883
3015
3282
3701
4095
4095
4095
3976
3497
3157
3107
3375
3807
4095
4095
3899
3363
2733
2181
1745
1375
1051
826
739
757
795
754
641
542
519
584
690
789
886
1034
1316
1837
2635
3606
4095
4095
4095
4095
4095
3374
2476
1830
1567
1725
2233
2918
3586
4053
4095
3844
3170
2280
1307
349
39
38
39
35
32
223
1244
2462
3448
3933
3820
3174
2229
1284
596
318
402
674
981
1240
1407
1486
1542
1694
2007
2432
2875
3220
3349
3224
2936
2681
2615
2766
3022
3234
3298
3154
2819
2418
2137
2108
2370
2874
3483
3991
4095
3938
3294
2416
1532
840
460
391
588
997
1561
2207
2791
3133
3138
2862
2459
2064
1703
1343
938
496
145
78
350
913
1588
2169
2480
2500
2358
2173
2004
1862
1773
1761
1809
1885
1975
2088
2258
2548
2981
3488
3938
4095
4095
4095
4095
4095
4095
4095
3839
3311
2563
1696
797
42
37
37
36
36
34
46
524
1306
2201
3019
3606
3834
3621
2983
2099
1281
818
900
1531
2543
3661
4095
4095
4095
3979
2812
1522
378
37
34
58
598
1349
2102
2736
3183
3388
3293
2934
2429
1948
1694
1785
2190
2747
3226
3394
3145
2571
1923
1431
1185
1169
1287
1403
1473
1572
1815
2286
2939
3609
4095
4095
4095
3762
3193
2539
1904
1336
854
484
257
203
328
602
969
1376
1836
2367
2902
3275
3309
2921
2212
1415
753
363
290
547
1146
2014
2947
3692
4087
4095
4090
4076
4095
4095
4095
4095
3921
3368
2720
2032
1386
888
598
487
499
599
731
820
793
648
514
570
928
1557
2280
2887
3272
3430
3380
3124
2705
2237
1842
1563
1414
1367
1392
1526
1812
2232
2669
2975
3012
2684
2038
1275
696
546
882
1523
2208
2695
2813
2520
1917
1252
853
964
1609
2614
3721
4095
4095
4095
4095
4095
4085
2946
1639
453
38
34
36
294
581
640
405
39
35
34
33
531
1579
2890
4095
4095
4095
4095
4095
4095
4095
4095
4095
3938
3273
2299
1073
42
38
36
34
46
554
1163
1636
1882
1915
1819
1688
1602
1552
1495
1458
1552
1895
2538
3409
4095
4095
4095
4095
3248
2204
1455
1157
1219
1447
1643
1712
1704
1694
1733
1848
2027
2274
2536
2740
2829
2752
2493
2102
1680
1363
1282
1454
1786
2121
2291
2246
2096
2024
2156
2501
2936
3272
3367
3187
2851
2537
2334
2182
1935
1489
909
407
185
310
751
1418
2208
3023
3744
4095
4095
3744
2919
2064
1511
1450
1841
2416
2871
3042
2882
2422
1770
1065
449
86
59
289
789
1456
2129
2592
2682
2411
1985
1704
1724
1998
2383
2710
2848
2769
2523
2168
1803
1520
1310
1131
948
791
763
963
1417
2098
2920
3711
4095
4095
3899
3069
2066
1220
795
922
1556
2485
3424
4095
4095
4095
3925
3294
2645
2155
1904
1845
1878
1900
1899
1961
2130
2354
2537
2615
2580
2450
2210
1830
1308
702
176
35
48
306
797
1458
2251
3093
3844
4095
4095
3979
3154
2180
1429
1146
1381
1983
2689
3224
3442
3312
2934
2523
2289
2293
2447
2573
2491
2131
1557
909
294
37
36
36
35
35
33
157
766
1575
2390
3111
3689
4095
4095
4095
4095
4095
4095
4095
4017
3480
2756
1932
1205
791
781
1104
1600
2069
2347
2385
2250
2067
1914
1816
1730
1606
1421
1170
879
632
574
801
1273
1791
2100
2025
1559
856
203
35
184
974
2232
3637
4095
4095
4095
4095
4095
3324
2109
1053
399
326
866
1829
2852
3586
3821
3519
2796
1846
900
171
35
77
534
1252
2100
2991
3892
4095
4095
4095
4095
4095
4095
3115
1952
987
337
46
36
36
39
57
137
355
753
1293
1893
2441
2796
2907
2820
2634
2476
2435
2589
2953
3428
3870
4095
4095
4079
3628
2935
2139
1383
742
215
36
34
34
294
886
1529
1978
2139
2079
1911
1729
1611
1632
1803
2095
2475
2869
3207
3464
3633
3675
3499
3031
2300
1523
993
925
1309
1922
2470
2748
2743
2571
2346
2120
1882
1550
1063
422
38
37
35
33
326
1366
2665
3853
4095
4095
4095
4095
3879
3490
3240
3033
2753
2354
1854
1388
1082
990
1111
1373
1648
1865
2009
2068
2100
2228
2548
3040
3536
3802
3715
3324
2837
2518
2538
2875
3303
3518
3294
2641
1818
1138
798
866
1287
1889
2438
2743
2699
2300
1709
1206
1037
1304
1920
2642
3195
3420
3288
2895
2429
2018
1661
1336
1033
757
555
467
493
645
898
1168
1402
1629
1873
2157
2507
2852
3077
3117
2957
2602
2094
1521
1038
793
874
1262
1814
2352
2741
2922
2913
2802
2701
2719
2868
3062
3233
3363
3477
3545
3441
3034
2295
1383
607
196
235
690
1428
2213
2761
2855
2439
1695
992
628
700
1152
1803
2454
2991
3388
3695
3919
3991
3839
3442
2821
2064
1328
767
470
483
774
1246
1824
2448
3021
3405
3493
3265
2763
2137
1615
1386
1552
2103
2916
3788
4095
4095
4075
2950
1530
257
36
35
33
190
600
1064
1461
1751
1982
2256
2680
3274
3954
4095
4095
4095
4095
3528
2590
1805
1288
1015
885
794
631
377
136
57
175
569
1105
1564
1800
1803
1635
1422
1275
1221
1229
1244
1239
1296
1585
2218
3125
4041
4095
4095
4095
4095
3753
3321
3016
2809
2634
2446
2256
2102
2012
1984
1988
1931
1731
1396
1009
645
365
183
88
83
242
716
1531
2589
3713
4095
4095
4095
4095
4095
4095
4095
3558
2583
1531
488
39
37
36
34
33
159
624
1182
1719
2194
2602
2961
3296
3585
3769
3772
3565
3185
2730
2358
2210
2357
2816
3518
4095
4095
4095
4095
4095
3262
1791
429
38
37
35
33
56
411
887
1374
1791
2076
2185
2137
2012
1950
2020
2179
2333
2425
2444
2425
2437
2532
2773
3168
3634
4034
4095
4095
3729
2875
1776
708
41
33
182
720
1321
1773
1926
1717
1175
432
38
36
36
34
76
534
1123
1656
2071
2453
2981
3778
4095
4095
4095
4095
4095
4095
4095
4095
4095
3428
2771
2285
2050
2051
2128
2084
1783
1202
432
39
37
37
35
33
187
866
1604
2123
2250
2011
1607
1251
1053
1060
1293
1727
2284
2835
3249
3488
3556
3496
3383
3240
3046
2810
2523
2151
1690
1228
938
948
1280
1877
2618
3359
3915
4095
3875
3194
2238
1236
364
37
34
33
159
584
1006
1272
1376
1471
1763
2384
3325
4095
4095
4095
4095
4095
4095
3716
2683
1818
1316
1257
1607
2166
2602
2641
2169
1319
401
36
33
171
823
1606
2242
2544
2498
2233
1949
1878
2137
2696
3372
3862
3898
3372
2402
1333
588
463
963
1795
2546
2922
2846
2485
2081
1827
1813
1973
2194
2373
2443
2380
2170
1873
1618
1495
1546
1774
2110
2458
2708
2748
2522
2072
1517
978
538
250
196
439
947
1572
2134
2480
2502
2202
1679
1152
828
790
977
1240
1454
1570
1594
1575
1570
1647
1897
2361
2975
3632
4095
4095
4095
4095
4095
4095
4095
3740
3206
2666
2244
2033
2092
2344
2600
2659
2418
1951
1465
1153
1109
1294
1531
1641
1558
1352
1182
1239
1586
2163
2857
3502
3897
3886
3409
2533
1465
521
38
36
416
1258
2293
3246
3837
3883
3372
2446
1316
276
37
35
34
76
413
890
1409
1881
2199
2339
2406
2551
2842
3191
3404
3339
2976
2434
1912
1581
1557
1819
2206
2512
2616
2507
2278
2055
1892
1786
1698
1635
1633
1722
1940
2317
2838
3444
4001
4095
4095
4095
3529
2754
1889
1086
479
154
110
216
334
349
238
124
202
594
1297
2228
3220
4095
4095
4095
4095
3807
2874
2043
1549
1534
2000
2817
3698
4095
4095
3554
2430
1170
83
37
35
33
142
681
1358
1978
2390
2553
2527
2443
2419
2494
2642
2815
2990
3173
3389
3616
3791
3831
3623
3108
2317
1377
527
45
40
406
1136
1962
2637
2940
2793
2301
1695
1243
1173
1557
2266
3037
3595
3770
3580
3189
2817
2571
2382
2107
1679
1196
802
567
528
700
1034
1434
1816
2136
2381
2573
2755
2927
3029
2986
2774
2446
2070
1709
1392
1090
761
400
93
43
270
864
1600
2265
2753
3035
3149
3142
3058
2993
3031
3181
3375
3494
3449
3275
3062
2864
2676
2469
2227
1994
1853
1867
2029
2252
2413
2408
2176
1686
951
83
38
37
36
33
70
836
1975
3210
4095
4095
4095
4095
4095
4095
4095
3747
3055
2257
1508
993
843
1007
1269
1425
1402
1224
973
745
608
657
943
1390
1794
1946
1775
1395
1026
872
983
1278
1622
1942
2275
2676
3161
3716
4095
4095
4095
4095
4095
4095
4022
3732
3547
3501
3549
3601
3551
3318
2858
2176
1386
640
53
37
37
36
36
34
34
261
935
1801
2625
3177
3351
3211
2952
2792
2858
3132
3447
3557
3296
2646
1696
623
40
38
37
34
32
592
1845
3333
4095
4095
4095
4095
4095
3690
3048
2565
2165
1743
1244
711
304
243
676
1578
2717
3758
4095
4095
4095
3988
3388
2838
2424
2115
1866
1684
1599
1597
1655
1768
1912
2060
2142
2050
1758
1403
1188
1272
1626
2024
2194
1954
1338
606
139
212
873
1914
2903
3473
3481
3022
2358
1765
1403
1286
1356
1522
1687
1819
1951
2151
2498
2975
3448
3757
3733
3288
2470
1520
814
674
1228
2330
3583
4095
4095
4095
3654
2638
1795
1229
908
714
516
292
103
54
189
602
1230
1948
2551
2889
2957
2869
2783
2754
2687
2426
1864
1041
163
37
34
33
242
899
1633
2213
2548
2722
2852
2981
3079
3120
3128
3167
3337
3674
4095
4095
4095
4095
4095
4095
3596
2624
1477
260
39
38
36
33
101
1036
2261
3317
3914
3993
3650
3037
2304
1572
1004
729
778
1104
1626
2261
2911
3476
3899
4095
4095
3991
3775
3514
3174
2723
2183
1634
1219
1013
1009
1117
1166
1017
636
149
35
33
213
973
2071
3229
4095
4095
4095
3566
2790
2224
2070
2349
2913
3540
3946
3879
3235
2140
941
60
34
79
634
1390
2027
2313
2213
1873
1533
1391
1473
1676
1871
1924
1775
1438
1012
628
344
157
81
117
289
581
907
1232
1629
2191
2924
3750
4095
4095
4095
4095
4095
3713
2888
2176
1680
1437
1465
1779
2346
3024
3615
3988
4095
3937
3494
2822
2026
1258
684
366
269
356
631
1060
1575
2107
2574
2908
3059
3032
2903
2749
2624
2564
2567
2578
2499
2229
1704
974
238
36
34
142
774
1735
2788
3653
4095
4076
3616
2951
2390
2166
2333
2745
3172
3434
3469
3302
2980
2541
2056
1597
1246
1088
1104
1163
1103
807
301
38
36
33
345
1208
2281
3339
4095
4095
4095
4095
3996
3082
2173
1512
1204
1201
1410
1744
2147
2532
2743
2627
2117
1297
435
35
55
657
1642
2583
3181
3385
3305
3134
3043
3090
3246
3444
3611
3693
3690
3623
3478
3176
2652
1931
1113
343
37
36
36
36
34
34
321
947
1673
2333
2838
3138
3239
3186
3039
2900
2823
2774
2711
2579
2321
1917
1431
1014
859
1095
1732
2649
3583
4095
4095
4095
3895
3108
2316
1697
1298
1051
907
904
1118
1537
2009
2370
2497
2329
1951
1566
1394
1525
1841
2112
2165
1993
1737
1556
1517
1649
1966
2458
3063
3651
4058
4095
3920
3470
2964
2607
2540
2738
3003
3108
2903
2392
1696
962
307
36
35
34
34
86
407
892
1421
1914
2321
2633
2865
3045
3227
3471
3807
4095
4095
4095
4095
4095
3576
2762
1878
1099
631
601
966
1514
1962
2119
2002
1756
1567
1591
1875
2359
2847
3081
2917
2403
1745
1207
1006
1223
1792
2528
3193
3542
3404
2747
1668
359
40
38
36
33
159
1185
2404
3401
3956
4076
3863
3424
2837
2155
1493
1019
888
1204
1879
2678
3312
3552
3316
2709
1942
1235
752
587
780
1326
2124
2997
3760
4095
4095
4095
3962
3402
2774
2222
1853
1672
1630
1690
1837
2077
2438
2877
3268
3480
3409
3023
2432
1799
1313
1108
1206
1537
1945
2300
2572
2812
3094
3409
3672
3808
3785
3576
3201
2743
2311
1943
1593
1186
698
231
35
34
51
238
515
709
678
361
37
36
35
33
104
658
1494
2498
3508
4095
4095
4095
4095
4095
4095
4016
3687
3204
2625
2135
1890
1945
2205
2435
2421
2089
1507
833
281
61
223
789
1560
2262
2684
2756
2541
2178
1785
1449
1219
1125
1167
1316
1582
1981
2473
2983
3443
3864
4095
4095
4095
4095
4095
4095
4095
4095
4095
4095
3197
2152
1066
66
38
37
35
35
34
106
699
1447
2085
2413
2320
1809
1002
171
35
33
550
1652
2965
4095
4095
4095
4095
3783
2647
1682
1179
1245
1802
2565
3125
3143
2494
1337
101
37
33
215
1159
2156
2723
2620
1913
906
49
34
78
887
2072
3173
3825
3924
3680
3439
3492
3892
4095
4095
4095
4095
4095
3486
2727
1858
1026
458
336
641
1150
1550
1605
1318
920
665
673
900
1172
1318
1272
1128
1059
1216
1690
2437
3303
4087
4095
4095
4095
4095
4095
4007
3344
2632
1934
1269
640
120
34
132
708
1537
2343
2899
3103
3005
2763
2539
2449
2522
2692
2811
2734
2409
1890
1336
881
549
317
142
46
54
236
638
1099
1399
1375
986
362
37
35
32
262
1069
2096
3141
4082
4095
4095
4095
4095
4095
4095
4095
4095
3672
2971
2244
1524
864
351
74
61
238
579
965
1274
1469
1638
1908
2374
3028
3745
4095
4095
4095
3321
2273
1249
571
446
858
1556
2225
2664
2833
2766
2501
2106
1701
1403
1285
1330
1423
1493
1567
1688
1899
2252
2755
3364
3985
4095
4095
4095
3648
2620
1474
526
61
160
747
1529
2167
2451
2298
1770
1055
430
90
72
280
693
1256
1941
2644
3159
3335
3199
2915
2664
2522
2419
2271
2023
1654
1233
865
611
520
636
974
1479
2070
2656
3114
3320
3241
2969
2651
2440
2450
2702
3155
3691
4095
4095
4095
3655
2866
2039
1396
1022
864
827
807
744
683
729
963
1399
1974
2623
3283
3870
4095
4095
4095
3712
3160
2592
2143
1915
1896
1943
1851
1491
931
424
206
354
818
1477
2145
2606
2698
2368
1732
1028
460
182
294
812
1638
2629
3627
4095
4095
4095
4095
4095
3309
2355
1637
1362
1565
2106
2712
3084
2982
2365
1442
554
46
55
494
1243
2040
2712
3199
3520
3684
3658
3397
2887
2234
1623
1204
1045
1142
1404
1713
1994
2144
2042
1611
860
42
38
37
34
33
154
594
1028
1411
1856
2509
3389
4095
4095
4095
4095
4095
4095
4095
4095
3756
2902
2122
1575
1345
1434
1714
2002
2146
2062
1779
1420
1134
1016
1048
1128
1199
1268
1373
1535
1768
2074
2435
2748
2846
2645
2229
1799
1511
1363
1231
986
592
155
36
34
193
731
1467
2252
2957
3549
4029
4095
4095
4095
3785
3369
2956
2511
1993
1485
1184
1270
1806
2690
3645
4095
4095
4073
3052
1708
421
37
33
260
1149
2203
3053
3482
3451
3036
2404
1743
1169
737
452
343
444
729
1160
1683
2234
2751
3166
3420
3476
3354
3092
2718
2260
1782
1411
1262
1354
1671
2205
2930
3787
4095
4095
4095
4095
4095
4095
3575
2774
2215
1940
1876
1876
1740
1282
420
41
40
40
38
36
34
33
320
987
1642
2176
2580
2897
3163
3426
3732
4095
4095
4095
4095
4095
4095
4095
3713
2313
912
40
36
34
32
397
1179
2111
2949
3430
3390
2828
1943
1101
620
616
1042
1769
2652
3556
4095
4095
4095
4095
4079
3400
2883
2635
2574
2494
2245
1769
1104
387
36
35
34
35
214
518
813
1079
1330
1554
1763
2022
2401
2942
3607
4095
4095
4095
4095
3379
2349
1532
1232
1555
2385
3425
4095
4095
4095
3215
1918
781
164
214
827
1672
2338
2546
2268
1651
921
278
36
34
132
612
1183
1627
1844
1889
1940
2150
2517
2868
2979
2686
2022
1204
560
388
775
1578
2497
3270
3775
3997
4000
3914
3809
3702
3587
3408
3120
2713
2176
1547
904
341
48
101
593
1475
2495
3304
3666
3566
3134
2591
2167
1997
2060
2197
2232
2074
1761
1370
1031
859
920
1201
1563
1815
1866
1783
1745
1923
2337
2817
3145
3183
2920
2479
2046
1808
1903
2306
2860
3349
3583
3491
3122
2656
2264
2044
1995
2017
1983
1780
1412
962
509
131
36
36
161
473
820
1116
1358
1613
1957
2422
3020
3682
4095
4095
4095
4095
4095
4095
3502
2633
1814
1175
782
624
666
860
1152
1502
1844
2082
2160
2072
1833
1547
1372
1402
1647
2023
2354
2527
2515
2321
1999
1667
1449
1451
1754
2362
3167
3935
4095
4095
3764
2921
2030
1345
1035
1151
1607
2208
2747
3057
3057
2772
2288
1710
1104
555
149
37
51
196
401
600
808
1066
1385
1693
1887
1899
1755
1600
1596
1800
2165
2582
2974
3332
3670
4041
4095
4095
4095
4095
4095
3540
2366
1220
333
36
68
562
1360
2187
2812
3137
3210
3124
2929
2647
2322
2020
1788
1690
1791
2082
2463
2834
3143
3387
3542
3576
3481
3238
2830
2291
1668
1037
495
114
36
133
597
1380
2367
3339
4024
4095
3718
2815
1737
770
111
35
81
508
1109
1680
2109
2347
2397
2285
2073
1886
1864
2052
2336
2486
2314
1826
1246
876
931
1442
2207
2873
3164
2970
2385
1671
1121
908
1081
1525
2063
2567
2979
3300
3506
3503
3238
2726
2044
1370
924
834
1103
1641
2279
2804
3081
3098
2887
2482
1918
1231
513
39
33
253
943
1805
2584
3148
3521
3754
3838
3753
3469
2999
2476
2120
2087
2422
3067
3865
4095
4095
4095
4095
3938
2869
1832
1033
610
549
719
965
1106
994
624
116
37
35
33
182
953
1985
2961
3660
4012
4063
3890
3541
3113
2740
2520
2427
2326
2094
1759
1487
1440
1644
1979
2299
2493
2475
2179
1603
888
301
80
243
665
1161
1612
1960
2155
2225
2278
2441
2785
3248
3673
3885
3730
3154
2252
1289
572
269
395
811
1284
1629
1788
1806
1791
1869
2070
2381
2770
3167
3504
3779
4008
4095
4095
3946
3574
3124
2676
2234
1824
1554
1542
1828
2277
2607
2556
2007
1057
55
36
34
109
856
1803
2646
3268
3659
3813
3747
3488
3055
2484
1874
1346
984
828
862
1042
1351
1824
2482
3285
4095
4095
4095
4095
4095
3989
3038
1982
885
40
37
36
33
370
1413
2618
3581
3975
3685
2889
1952
1261
1041
1263
1695
2011
1954
1427
588
38
35
32
429
1209
2017
2656
3008
2997
2621
1997
1334
827
575
627
1023
1740
2635
3485
4064
4095
4093
3735
3339
3083
3085
3360
3808
4095
4095
3857
3117
2263
1561
1157
1031
1091
1189
1151
879
404
37
35
33
170
728
1429
2052
2467
2705
2906
3206
3590
3887
3961
3830
3611
3434
3338
3282
3261
3287
3354
3377
3255
2971
2585
2193
1833
1492
1179
901
673
483
300
119
37
37
151
499
981
1494
1910
2148
2242
2231
2106
1828
1385
836
315
40
42
315
929
1714
2516
3214
3747
4095
4095
4095
4095
4095
4095
4095
4095
4039
3302
2627
2070
1616
1267
1090
1155
1422
1716
1819
1573
987
277
36
34
357
1260
2344
3274
3781
3756
3301
2694
2209
1981
2034
2308
2708
3163
3613
3988
4095
3993
3367
2321
1056
42
38
35
33
93
765
1625
2401
2952
3242
3294
3135
2864
2634
2540
2618
2849
3116
3264
3215
2950
2475
1861
1223
680
359
340
634
1208
1924
2546
2848
2711
2232
1681
1342
1368
1740
2330
2936
3372
3524
3390
3051
2648
2304
2092
2030
2086
2182
2195
2051
1759
1440
1277
1369
1681
2081
2409
2554
2451
2166
1899
1850
2092
2547
3074
3536
3846
3960
3831
3412
2754
2006
1365
939
705
586
506
443
460
590
809
1088
1361
1579
1758
1911
2036
2114
2118
2061
1986
1952
1988
2128
2371
2697
3076
3412
3590
3527
3210
2691
2027
1318
667
142
36
34
50
414
1138
2110
3125
3924
4095
4075
3368
2415
1545
987
882
1274
2036
2967
3845
4095
4095
4095
4095
4090
3400
2576
1750
1143
949
1256
1985
2891
3636
3980
3866
3399
2733
2004
1348
833
440
93
36
37
35
35
34
60
638
1401
2086
2527
2728
2841
3051
3487
4095
4095
4095
4095
4095
4095
3220
2133
1268
772
667
913
1363
1792
1988
1871
1513
1077
772
765
1120
1769
2536
3200
3564
3559
3244
2827
2521
2428
2503
2599
2530
2229
1773
1289
863
577
512
678
995
1364
1660
1775
1722
1605
1522
1507
1520
1492
1369
1162
952
899
1183
1855
2750
3597
4095
4095
4095
4055
3979
4095
4095
4095
4095
4095
3910
3261
2492
1765
1235
986
1048
1364
1822
2301
2676
2800
2520
1784
731
40
37
34
34
193
682
1046
1100
910
731
848
1348
2087
2763
3095
2986
2547
1988
1573
1492
1803
2412
3098
3668
4051
4095
4095
3878
3409
2950
2672
2651
2815
2967
2969
2822
2567
2238
1897
1615
1413
1235
1001
667
317
111
157
526
1215
2133
3085
3828
4095
3983
3423
2767
2320
2275
2603
3055
3361
3385
3168
2816
2383
1861
1237
560
40
35
34
142
674
1401
2102
2570
2650
2316
1732
1205
1050
1422
2224
3181
3983
4095
4095
3758
3143
2689
2573
2753
3033
3216
3144
2778
2193
1503
871
416
173
145
318
630
936
1074
974
698
370
178
290
747
1466
2256
2866
3164
3203
3109
2964
2788
2610
2524
2589
2758
2931
3051
3140
3257
3408
3488
3412
3194
2875
2477
1997
1449
902
475
317
512
1040
1778
2524
3070
3311
3300
3164
3017
2888
2758
2612
2425
2191
1959
1767
1651
1609
1551
1433
1333
1386
1700
2238
2832
3295
3453
3260
2829
2362
2070
2081
2380
2833
3238
3388
3143
2492
1567
642
47
34
81
431
840
1119
1176
985
615
241
92
256
732
1432
2219
2921
3350
3383
3042
2482
1874
1362
1057
1034
1303
1837
2560
3319
3942
4095
4095
4095
3874
3658
3526
3408
3172
2765
2228
1633
1123
869
996
1517
2298
3070
3548
3565
3129
2429
1752
1350
1354
1684
2062
2184
1872
1158
257
37
34
33
381
1273
2334
3307
4001
4095
4095
4095
4095
3694
3148
2541
1973
1498
1113
843
764
949
1369
1885
2327
2583
2624
2484
2188
1768
1302
911
751
962
1572
2458
3334
3875
3878
3374
2594
1784
1170
872
867
1066
1332
1515
1550
1519
1598
1896
2406
3000
3455
3583
3307
2676
1862
1085
528
281
351
730
1416
2322
3304
4095
4095
4095
4095
4095
4095
4095
3865
3144
2234
1239
290
38
38
36
34
33
475
1489
2597
3401
3659
3422
2910
2401
2078
1973
2054
2221
2315
2216
1927
1617
1526
1810
2437
3168
3695
3842
3549
2845
1840
747
39
36
35
34
213
550
857
1156
1487
1837
2166
2408
2531
2613
2770
3056
3400
3683
3846
3893
3828
3658
3405
3116
2823
2541
2291
2037
1703
1231
645
64
37
36
36
35
35
34
277
887
1674
2494
3197
3721
4060
4095
4095
3853
3496
3217
3127
3227
3392
3468
3389
3201
3011
2906
2929
3113
3455
3865
4095
4095
4095
3812
3185
2390
1509
687
111
34
109
567
1238
1911
2412
2658
2667
2506
2236
1933
1677
1509
1440
1474
1552
1614
1661
1691
1678
1616
1526
1409
1292
1247
1336
1602
2042
2578
3039
3258
3130
2616
1777
801
42
35
32
384
1194
2070
2721
3017
3015
2831
2574
2353
2247
2252
2269
2163
1904
1632
1549
1765
2235
2823
3338
3628
3607
3235
2618
1999
1634
1635
1950
2443
2910
3151
3001
2412
1523
651
146
182
705
1514
2345
2956
3181
3032
2699
2386
2185
2044
1849
1536
1153
854
838
1240
2084
3184
4095
4095
4095
4095
3965
3350
2760
2260
1947
1860
1948
2092
2123
1977
1739
1549
1485
1499
1478
1319
1017
709
602
803
1292
1979
2721
3335
3629
3516
3073
2475
1924
1541
1369
1428
1666
1958
2151
2090
1708
1066
322
37
36
33
436
1391
2471
3355
3879
4056
4016
3949
3940
3935
3838
3563
3082
2479
1946
1691
1823
2265
2746
2970
2787
2285
1659
1085
713
613
759
1077
1504
1954
2298
2393
2156
1653
1090
669
495
547
771
1130
1606
2206
2888
3537
3989
4095
3813
3233
2548
1979
1634
1541
1663
1924
2263
2630
2943
3136
3172
3062
2897
2782
2751
2740
2616
2241
1614
872
230
35
34
104
328
609
904
1220
1550
1816
1932
1851
1588
1229
902
727
824
1312
2217
3399
4095
4095
4095
4095
4095
4095
3916
3176
2576
2210
2135
2345
2765
3215
3467
3365
2881
2106
1213
340
37
36
34
44
389
804
1108
1310
1508
1768
2101
2505
2949
3406
3828
4089
4024
3540
2720
1780
948
354
54
37
75
208
378
534
656
800
1048
1462
2036
2649
3170
3500
3583
3438
3120
2703
2277
1926
1703
1623
1699
1958
2394
2915
3410
3764
3873
3711
3367
2995
2706
2526
2417
2373
2463
2759
3213
3647
3877
3796
3393
2782
2133
1570
1158
938
891
974
1178
1518
1997
2585
3154
3549
3682
3492
2955
2122
1163
305
36
34
34
272
828
1552
2337
3053
3557
3755
3560
2965
2102
1210
575
407
727
1382
2120
2702
3027
3104
2974
2654
2188
1643
1086
600
257
138
269
623
1111
1577
1904
2051
2047
1969
1856
1727
1638
1643
1757
1968
2267
2678
3195
3757
4095
4095
4095
3829
3146
2367
1688
1308
1315
1649
2176
2722
3121
3226
2959
2384
1690
1064
618
357
240
274
486
850
1320
1845
2350
2764
3063
3261
3406
3589
3864
4095
4095
4095
4095
4095
4095
4095
4095
3934
2896
1590
229
38
36
33
168
948
1681
1961
1659
923
79
36
35
33
151
638
1196
1721
2233
2783
3370
3864
4082
3918
3440
2876
2490
2465
2815
3402
4033
4095
4095
4095
4064
3234
2231
1244
487
88
48
130
230
219
84
35
35
36
34
93
484
1022
1582
2082
2483
2793
3070
3383
3747
4095
4095
4095
3807
2969
1987
1155
650
510
679
1052
1524
2042
2543
2933
3136
3145
3063
3049
3181
3382
3482
3372
3051
2628
2242
1997
1972
2171
2533
2914
3151
3125
2830
2378
1890
1476
1196
1059
1051
1109
1189
1267
1316
1339
1366
1429
1561
1781
2128
2623
3241
3839
4095
4007
3256
2040
677
39
35
33
245
933
1642
2250
2767
3278
3839
4095
4095
4095
4002
3221
2540
2233
2332
2619
2830
2771
2354
1618
775
120
35
100
458
856
1126
1187
1063
889
877
1168
1765
2524
3234
3761
4063
4095
3947
3499
2908
2331
1895
1685
1692
1857
2139
2492
2856
3132
3169
2856
2214
1381
551
38
34
140
756
1574
2307
2734
2745
2425
2007
1699
1575
1586
1664
1817
2105
2512
2887
3039
2898
2573
2287
2252
2541
3070
3616
3889
3702
3086
2284
1558
1046
772
714
810
946
978
809
492
192
66
131
427
964
1731
2659
3591
4095
4095
4095
4052
3365
2612
2012
1742
1868
2356
3027
3605
3821
3546
2841
1902
1002
400
223
476
1097
1956
2835
3504
3782
3575
2963
2149
1384
856
610
574
633
727
912
1290
1877
2578
3202
3519
3387
2841
2110
1491
1201
1339
1869
2676
3565
4095
4095
4095
4095
3850
3429
3016
2550
2038
1561
1225
1098
1123
1168
1097
830
412
38
37
36
36
35
34
39
384
834
1158
1340
1529
1866
2399
3095
3815
4095
4095
4095
3613
2894
2378
2211
2405
2882
3517
4095
4095
4095
4095
3703
2816
1842
995
502
469
862
1543
2278
2804
2974
2774
2342
1940
1817
2038
2442
2750
2779
2545
2187
1835
1577
1480
1547
1727
1917
2007
1939
1760
1629
1670
1894
2220
2567
2872
3101
3236
3226
2975
2462
1746
972
320
36
34
36
192
520
846
1039
1034
876
740
811
1162
1783
2619
3575
4095
4095
4095
4095
4095
3186
2356
1787
1551
1627
1955
2468
3043
3531
3804
3799
3575
3285
3077
3031
3113
3198
3132
2842
2379
1813
1187
574
97
35
36
35
35
34
61
471
1204
2038
2714
3057
3042
2788
2507
2326
2235
2169
2061
1866
1633
1437
1315
1292
1381
1563
1764
1928
2017
2006
1940
1928
2041
2309
2693
3096
3453
3735
3951
4068
3994
3699
3274
2877
2612
2451
2266
1918
1372
759
265
43
58
277
676
1192
1767
2330
2788
3069
3159
3057
2772
2319
1759
1243
948
974
1308
1813
2323
2701
2922
3039
3116
3194
3242
3236
3200
3169
3139
3059
2869
2531
2072
1570
1161
979
1054
1374
1894
2496
3014
3331
3438
3430
3431
3468
3420
3134
2567
1855
1208
772
591
622
746
910
1140
1496
2025
2710
3452
4095
4095
4095
3571
2385
1107
195
36
363
1129
1957
2539
2702
2454
1937
1406
1101
1138
1429
1736
1876
1812
1633
1437
1235
1035
880
801
816
934
1139
1372
1559
1623
1489
1159
770
545
648
1101
1811
2599
3286
3759
3989
4027
3970
3903
3863
3874
3928
3973
3928
3753
3422
2964
2488
2113
1925
1956
2136
2285
2192
1721
854
41
40
36
34
32
389
1245
2196
3104
3883
4095
4095
4095
4095
4095
3817
3487
2985
2236
1274
248
37
36
33
134
892
1775
2433
2728
2767
2787
3012
3495
4095
4095
4095
4095
4095
4095
4095
4095
3873
3189
2371
1456
550
38
35
34
172
608
888
780
319
36
35
33
238
1012
2059
3166
4095
4095
4095
4095
3934
3231
2645
2301
2245
2401
2634
2857
3028
3154
3252
3307
3224
2865
2197
1338
467
37
37
37
36
37
36
34
33
364
1066
1869
2660
3358
3912
4095
4095
4095
4095
4095
4095
3994
3747
3610
3503
3335
3054
2684
2336
2110
1993
1860
1605
1192
645
108
34
36
401
1166
2019
2688
2980
2861
2436
1900
1462
1307
1516
2007
2535
2859
2840
2481
1902
1265
765
593
833
1436
2201
2839
3167
3148
2884
2546
2242
2020
1916
1921
1982
2075
2176
2223
2160
2022
1943
2067
2456
3067
3709
4095
4095
4095
3701
2855
1787
679
38
35
33
268
1032
1917
2625
3004
3095
3022
2933
2901
2924
2964
2935
2761
2422
1980
1548
1233
1145
1340
1741
2172
2424
2360
2033
1685
1539
1640
1880
2070
2060
1827
1506
1294
1363
1828
2661
3660
4095
4095
4095
4095
3192
2326
1755
1603
1861
2394
2952
3274
3182
2651
1821
913
162
36
34
291
893
1572
2076
2188
1810
1007
78
36
33
301
1394
2785
4021
4095
4095
3792
2653
1589
845
447
276
211
229
362
585
833
1050
1256
1506
1808
2178
2642
3159
3615
3911
4038
4095
4095
4095
4095
4095
4095
4095
3426
2587
1833
1407
1420
1762
2183
2425
2297
1802
1147
606
371
446
692
966
1218
1476
1787
2163
2511
2666
2512
2068
1523
1098
935
1079
1422
1764
1928
1882
1762
1737
1922
2336
2852
3240
3300
2936
2260
1533
1029
916
1211
1816
2527
3094
3320
3160
2721
2176
1740
1556
1593
1723
1798
1777
1718
1702
1819
2100
2512
3035
3634
4095
4095
4095
4095
4095
3636
3021
2491
2086
1752
1441
1140
859
625
446
360
442
749
1277
1881
2302
2385
2152
1739
1354
1182
1312
1681
2135
2527
2717
2631
2322
1891
1476
1233
1220
1368
1587
1819
2069
2365
2704
2991
3116
3022
2730
2307
1823
1393
1154
1206
1558
2070
2541
2835
2894
2700
2247
1605
939
423
184
276
659
1257
1924
2495
2871
3054
3095
3069
3047
3064
3075
2959
2600
1997
1341
908
905
1347
2089
2923
3643
4095
4095
4095
3954
3491
2904
2280
1731
1315
1027
803
533
202
36
35
36
246
638
1032
1340
1564
1791
2122
2604
3164
3621
3838
3808
3638
3491
3436
3456
3470
3398
3237
3035
2852
2701
2561
2407
2190
1895
1542
1122
636
142
36
34
120
694
1554
2515
3379
3990
4095
4095
4095
4095
4095
3920
3457
2888
2338
1890
1511
1115
625
68
37
35
33
495
1539
2774
3841
4095
4095
3747
2702
1526
486
37
34
160
881
1930
3023
3846
4095
4069
3632
3084
2571
2172
1901
1745
1679
1672
1738
1878
2067
2242
2309
2245
2124
2023
1988
2024
2067
2016
1849
1637
1465
1407
1535
1858
2321
2773
EOF