237999
237194
233769
229476
226063
224485
226659
233536
241641
245356
243013
236744
231199
230599
234674
239332
241491
242498
244218
246981
250956
255367
255631
249046
240156
235029
235591
238988
241558
242371
243928
248183
252785
252838
247879
242217
238300
237667
241395
247035
249973
248296
244410
241293
239711
237456
233012
228781
229885
236828
244780
249335
251501
252918
252657
249608
244021
236023
227874
224280
227302
233769
238136
238188
236241
237070
242148
248484
249903
244615
235936
229191
227746
232192
238567
241220
239744
238907
241547
245278
245285
241085
236773
235825
238404
242979
247477
249707
248164
245033
244337
246628
249412
251288
252333
253882
256719
259047
258874
253564
244587
236192
233583
237243
243040
246062
245415
244519
246021
247811
247608
245324
242664
241931
244085
246867
246996
242438
234429
229257
232150
241608
250518
252633
249325
245433
243333
243027
242013
239316
237264
238286
240498
240160
235295
227811
222954
224939
233687
244640
251615
252067
247486
242946
242040
243260
241701
237411
235568
238645
244115
247016
245772
243597
243343
244276
243645
239986
235734
234698
238829
245994
252261
253049
249578
246859
246545
246670
244914
239707
232365
228133
231541
240769
249456
252731
249977
244227
239661
238407
238478
238472
238301
238940
239938
240614
240516
239172
236542
234832
236930
242083
245787
244936
240305
236204
236695
240058
241441
239910
238333
237934
238412
239820
241047
240348
239211
240961
247020
255034
261307
261723
255955
248428
244341
244127
244911
245181
245617
248233
251673
253488
251990
249286
248901
249727
247973
245331
245142
246073
245019
243143
243936
246736
249362
248555
243815
240947
245045
253120
258526
259301
255979
250155
243045
237043
232618
229486
229305
232677
237863
242190
243085
240561
238124
239889
244639
247916
249138
249813
247564
240447
233105
229526
227681
226617
229088
235818
242535
244805
241858
237556
237471
241511
245316
246853
246757
244360
239779
236538
238185
241613
243393
244264
246248
247769
247559
245290
242276
241535
243508
245423
244514
241179
236672
232110
230288
233475
237471
238749
238619
237525
234861
232348
231463
230586
230369
232830
237062
241216
244600
245933
243382
238260
233731
230597
228418
228386
231328
235223
238439
240652
241863
242431
244280
247691
250657
250703
247164
240233
232906
230741
235371
241977
246649
249712
250357
248739
247035
246420
246129
246455
247949
249859
250948
251481
250948
247954
244249
242785
245045
250749
255835
255216
249147
243434
241712
242966
243527
241903
239966
239882
241999
244542
246072
246597
246043
243935
241424
241374
242558
241622
239360
239867
244858
251679
254720
251168
243160
236810
235885
237804
239845
242412
246535
250697
252057
249337
244038
240474
240454
242430
245911
250862
254588
253816
249455
246238
247131
249868
249682
245613
241471
241400
244733
247215
246181
242682
238918
237784
240234
243980
245275
242490
237897
233618
230833
230620
233595
238707
244136
248602
251094
250971
247229
240167
233295
230799
233273
238046
241271
241037
238897
237868
239992
242964
245262
246434
245636
242933
239948
237325
233993
231243
232182
235766
238271
239159
240380
243443
247832
251470
250280
242966
232691
225301
223928
227595
233994
239661
242523
243894
245124
245788
244503
240285
234530
232076
236558
244470
247578
243531
238243
237814
241948
246244
245892
240095
234540
232741
232564
230416
226563
224870
228639
238577
250427
256327
252113
242861
235262
231253
230485
231904
234452
237590
239963
241013
241663
243065
245467
247443
247587
246491
245291
243709
242019
242422
246079
251096
253101
249140
241152
234761
235161
242624
251847
256270
252895
246128
243111
246991
253579
256436
253257
246732
242027
240790
241354
241816
242660
244573
248240
253398
257312
257984
255869
253459
252601
253645
254128
250592
243274
237653
239590
247840
255545
255109
246906
239365
239174
245225
251717
253690
250427
245529
243702
245814
247743
245703
241768
240567
242575
245217
246257
246289
246154
244677
241552
238972
239022
239949
239081
238236
240868
245583
247163
243385
237379
233904
235339
240561
246231
250370
253512
256161
256960
253504
243746
229638
218332
217063
226709
240380
249669
250557
244818
237878
234266
235217
238566
240269
238773
234697
230771
228829
228463
228922
231740
237756
245111
249702
249216
245210
241032
240299
243298
246182
244545
237317
229893
227804
231773
238297
243486
245396
244352
242715
241410
239866
237728
235445
232606
229947
228043
227302
229390
235777
243808
247320
244404
239708
238566
241068
243997
245003
244144
242499
241599
241237
241023
242170
244929
247233
247615
245323
241133
237802
239562
244949
248490
247789
245250
242911
240131
237004
236707
241576
249398
255136
255365
251886
248567
245839
242235
239544
239729
242380
243988
244353
245056
245500
245781
246698
248435
248966
246149
240969
236819
236364
238147
239555
239442
240143
243012
247208
250805
252060
250832
247831
244844
243017
243635
247419
250749
248440
241315
235506
234805
238015
241519
242476
241495
241427
243549
246980
250239
252408
251540
245016
235087
228105
227566
232313
239883
247468
252911
253776
249312
240675
231546
228100
231105
235053
236299
236588
238860
243294
246792
246807
243524
240847
240544
242227
244994
249622
253967
253479
247128
238700
232355
230276
232361
236285
240561
245717
251070
254053
253627
251835
250829
249955
247499
244234
241153
238858
237569
237131
237846
240832
246087
250043
251559
252711
254276
254435
251522
245083
235480
225447
220600
223275
230985
239496
244707
244650
241174
237488
235578
236799
240424
244531
247037
246755
243984
239520
235688
235449
237641
236995
232196
229148
232808
242008
251190
257062
259750
258903
253251
244357
237610
237490
241787
245446
247614
250502
252719
251249
246358
242111
240203
240743
242576
243185
240725
237523
238258
242790
246620
246670
243019
237454
233676
232715
234171
236824
240230
243945
246598
247686
247036
243567
238179
234676
234269
234671
235673
238003
239906
240058
240273
242074
243392
242840
241993
242680
244233
247208
251732
255772
258275
258087
252627
243019
234333
230142
229932
235020
246506
258887
264536
262389
255473
245669
235119
227691
226084
230938
241088
251914
256766
253023
245185
238048
234664
235466
238209
238402
235599
233656
234076
236143
240239
245386
247526
243542
234853
226766
224451
229108
236955
243629
248418
252674
255703
255136
249831
240400
231305
228277
231974
238071
242194
243053
241167
239566
241582
247073
250623
248736
243611
238985
237437
240488
247436
254048
256816
255819
252877
248845
244373
240798
238179
237277
240163
246030
252301
257053
258363
254163
246682
241055
239315
238542
235376
229649
225363
226650
233682
242425
249285
253151
252996
247692
239748
234042
233108
236675
242584
245423
241584
233939
228389
228474
233886
242207
248053
248297
246030
246049
247796
250094
253064
253768
248410
238590
230143
226529
227390
231567
237876
245970
254150
257219
251351
241320
236209
238440
245137
252454
255308
249760
239017
230567
229070
232806
238242
242050
243237
244873
249445
253625
254188
252350
248733
243336
238688
236165
233017
228532
227080
230925
236605
241620
245194
246737
246874
248061
250081
250602
248607
243216
235330
229876
231259
238095
244137
246429
245257
240914
235884
235130
239521
244844
248351
249465
248562
247668
247056
244481
240159
238578
241516
245261
245942
243414
239303
236685
238598
242607
242336
237472
234011
236129
243336
250847
253155
247071
236434
229982
231990
238391
243743
245668
244704
243423
243399
242908
240541
237842
237504
240224
244861
249112
248301
241496
234771
235538
242997
250045
251647
247686
243052
242296
245629
249911
252055
250623
247018
244355
243254
241982
239156
237702
241053
247201
250791
250107
245650
239229
234195
234818
242151
250992
253126
245468
234826
229304
230504
232449
231790
232337
237799
245974
253904
259565
259924
253552
245486
241776
242347
240952
235248
229506
229051
234986
243958
250617
252509
249609
244921
243995
249226
255512
256265
251760
246788
244733
241834
235170
226565
220956
222176
229993
238774
243671
245199
246196
248965
252942
252746
244328
231326
223187
224493
231335
236063
235815
233478
234641
242600
253442
260007
257656
247524
236927
233762
238481
243640
242008
235066
230937
234657
242627
247929
246931
242284
239898
243936
253363
262567
264152
256335
246396
243238
247058
249883
247909
244559
244997
248790
252777
253406
249599
242584
234945
230915
234436
242992
248424
246304
241503
242612
249510
253578
249997
243090
239943
242169
246197
246863
242825
237005
233437
233614
235130
234485
231749
231503
235814
242931
249717
252701
249609
242571
236384
235028
237252
240034
239988
236761
234830
237527
242127
244640
244560
244343
246982
253128
260086
262457
256713
246087
236226
230364
230475
235693
243624
250368
253588
251666
244721
235901
229925
229081
234608
243861
251302
253256
251154
247435
242245
236411
232362
230762
231131
233563
239477
246678
251626
252211
247996
241176
234265
228621
225073
227301
237283
249136
253966
250113
242578
236351
234065
235282
236400
234669
231048
228611
229266
233754
239662
242452
240816
238742
238787
239876
241505
243440
244718
243613
241092
237639
233183
229473
229062
232784
239332
246875
251908
250973
247593
246870
248179
248104
245384
239740
233576
230425
231647
235522
240417
245966
250394
251701
250846
250188
248656
245004
240288
237181
237232
240325
243355
243899
243584
245037
246341
244158
238490
233434
232366
237333
246589
254303
255883
252069
246272
240739
238238
239284
240879
241193
242107
245045
248202
250531
251455
249646
246644
246628
248613
247858
245795
246059
249635
253183
252961
248911
244246
242261
242807
243166
243689
245677
246993
245387
243332
243149
243731
244421
246290
249041
251171
251337
249485
248185
249891
253511
254923
252284
248552
245981
243446
240797
237742
234446
233296
236543
242162
246369
247607
247846
248970
251229
253125
251183
244035
234738
227032
222697
224712
233614
243340
246064
241744
236391
236258
241809
249025
253643
253949
252087
248514
241137
231958
225467
223468
226178
234271
245800
256148
262522
264293
261905
256516
250056
242806
234841
229224
229392
234259
240244
244349
244306
239262
233664
231384
231962
234170
238693
244324
247698
247119
243210
237353
232886
231981
233073
234271
233979
231221
226282
223331
226638
234903
243286
247293
244921
238048
230776
227267
227155
227957
228833
231291
235871
241688
245414
244122
239934
238157
240031
243098
245716
247269
246681
244517
242608
241250
240264
240984
243720
246173
246594
244489
240740
239537
244783
254647
262310
262151
253928
242000
234142
236042
245925
255690
258684
254062
246635
242757
244214
245860
242139
234276
228329
229242
237458
247108
252067
250538
245810
242757
242229
242765
241736
238045
235748
239662
247960
255108
257636
256449
253662
250297
247757
247082
247410
246614
243866
242179
243792
247084
248231
246559
245438
247571
251005
252307
251756
252168
254374
255819
254235
248997
242745
237511
234114
234019
237471
241607
244252
245602
247233
250286
252623
250033
242911
236934
235552
235592
232516
226217
220781
220847
227462
237715
246774
251315
251034
247658
244788
245079
246603
246227
242271
236630
231543
228356
227458
229226
233064
238204
243585
246779
245008
238811
233289
234094
240883
246457
246181
241379
235994
232763
232304
234190
236959
238297
237772
237819
239637
241027
239042
234095
230413
230989
235188
239419
241707
240959
237554
233233
230057
228915
230061
233297
237947
242007
243472
242365
239637
237035
236476
238829
244115
250397
253259
250183
242786
235917
232606
233000
236126
241305
246241
248353
247918
247596
248296
248569
246622
243697
241501
240337
240120
241677
244566
246633
245647
240598
234245
230832
232484
239057
248653
256526
257993
251407
241449
234713
235302
241127
247530
251204
252077
252451
253416
253689
251321
246257
242025
242358
245927
249531
252065
255222
260401
265136
264585
257660
246921
237018
233705
239689
252600
265568
271079
267453
259516
252980
249686
248417
247868
246885
244827
242957
242241
240784
237767
236980
242316
252032
258752
257574
250448
242702
236885
233327
232423
235412
240821
243889
242617
238917
235887
233994
232623
231067
229963
231029
235889
241281
243246
242318
242544
244783
245697
241958
234871
228910
227774
231584
236934
242532
248219
253566
256543
256297
253310
248063
241894
237174
236027
238382
241467
242165
239830
236992
236479
238381
239676
238255
235025
233254
235544
241209
246123
246469
241341
234033
228195
225392
226103
228624
230810
231132
231835
235510
241842
246793
246007
240057
233324
229703
230615
233628
236815
238048
235644
231702
230818
234152
237938
239777
241198
244947
250504
254496
254633
251185
246210
240436
234790
233172
237717
245108
248904
247969
246545
248114
251332
253583
253024
249941
246148
244419
245997
249146
250362
248941
247277
247358
248143
246775
245147
247214
250700
250522
246594
244095
245826
249843
253218
254120
252152
247512
241081
234976
234015
239069
245262
246949
245155
244246
245837
248059
248830
246863
243534
241358
242011
243488
243734
244042
245290
246376
246198
245069
241993
238074
236883
240149
245355
248955
249444
247509
245168
245246
248179
251904
253348
250539
243556
236671
233708
233847
234587
237021
242762
249058
251315
249136
245305
241508
238016
234619
230921
227656
227163
229220
233438
239705
244154
243476
240051
238094
238714
240115
240881
240862
239722
237257
235962
237467
241006
244204
242340
235226
228378
227271
231318
235157
235110
231829
228730
228561
231798
236185
237753
235989
233679
234119
238311
243139
242989
237294
231118
229851
234323
241039
245429
245082
240688
235572
232734
232729
235377
239496
242753
244678
246842
250319
253217
252639
248168
241942
236474
234130
236228
241408
247983
254580
258460
256675
250901
245872
245129
247975
250899
251562
250511
249926
249546
248279
247413
248765
249732
246887
241180
236707
236830
241152
245822
248019
246746
244160
242176
241464
241433
241929
242882
244329
246997
250343
250978
246685
239837
235478
237733
246063
253675
253919
247347
240809
238537
239819
241984
243128
242435
241528
243794
247755
250581
250723
248411
245209
243540
244169
246364
248554
251641
256154
259849
260041
255150
247484
241016
238958
242029
247566
251848
252185
248682
242939
237458
235083
236516
240715
244641
246695
247422
247629
245276
239086
230388
224218
225256
233707
243765
249512
249561
246173
242527
239422
235932
230948
225307
221132
221469
228354
238220
244771
244751
239552
234605
234530
238942
243357
245205
245257
244345
243587
243000
241484
238974
236880
236781
239413
243673
246092
245917
245235
246511
249858
252181
250549
245956
240931
236583
233520
231759
231471
232787
236345
241704
246554
247096
243462
240000
240424
244069
246462
244202
239773
236852
236688
238707
241401
242200
239383
234153
231555
234801
240951
244309
243283
239685
236325
234922
235752
238831
240873
238950
232787
227268
228402
235870
244470
249400
249073
244875
239560
237567
241792
250650
259164
261860
257875
250346
243555
240420
241533
244077
245441
246717
250223
256224
259942
258707
254959
253007
253339
254034
253512
251203
247672
244184
243758
248367
255242
257625
251812
242530
237713
239100
243542
247856
249960
248051
242983
238488
237425
237897
236132
231298
226775
226046
229700
235039
240320
245545
249386
248965
244690
239829
235408
233146
234867
238599
239826
237185
234453
236094
241114
245245
244830
240475
237345
240075
246235
250822
251123
246698
240893
238626
242293
248710
252815
252325
248900
245394
243444
242878
243072
243323
245675
249321
251515
249231
241953
232765
226592
225554
228879
235181
241487
244388
242527
239176
237961
238040
235922
231463
227028
224979
226105
229145
232449
235812
238264
238093
234515
229197
225652
226603
231508
237975
241846
240062
235914
234056
236796
242596
247102
246134
240741
237019
239235
246737
254835
259002
257675
253003
249769
250474
253110
253326
250345
246523
245059
245595
246047
246513
248620
252231
254575
253554
251643
251530
251954
250979
249494
247450
243241
237121
232783
233542
238123
242061
243215
243894
246359
248678
248378
246986
246898
247390
246573
245871
246628
246124
241065
234238
232265
236958
243359
247598
249486
250000
249192
247114
244335
241478
238457
234185
230452
231359
238033
246968
254708
258994
259990
258679
255948
251660
245753
240692
240225
243629
246259
246017
244820
244726
245525
245365
244638
245996
250675
255376
255591
250339
242337
235005
230195
229163
231173
234317
236447
236886
237479
240614
245888
249188
246504
237759
227261
221100
220973
222954
224615
227545
232645
236875
237400
235173
234322
236968
240647
242320
241049
237767
232173
225691
223144
227483
236221
242475
242009
238508
238179
241889
246008
247356
245764
243283
241714
240200
238208
237426
238544
240689
243367
247006
250099
251189
251686
252931
252776
249286
243838
239382
237215
237388
239511
243146
246680
246709
241339
235399
236336
243940
251139
252534
247385
238256
229524
226330
228751
232487
235196
237568
240314
243026
244272
243790
243585
245110
246527
243972
237899
233196
232155
235243
243771
254999
261240
258337
249947
244178
246001
254214
262532
265216
261957
256233
251194
248443
247774
247560
247801
250072
255009
259411
260598
259749
258122
256385
254416
251382
245389
238105
234405
236932
244128
251110
252005
245462
236290
230642
230996
235423
240526
244616
246367
246052
244281
239607
231732
225907
226780
232458
236873
236811
232046
226405
225756
231306
239257
245267
246502
243003
239130
238211
239886
240887
240881
241521
243971
247168
248900
247045
242045
237701
238017
241943
244752
243289
239421
238172
242567
249896
253526
248869
237875
227435
223992
229220
238141
242401
240154
236702
236486
239264
240943
239479
235706
234426
238088
242722
243282
238431
229099
219803
216637
220971
227601
232446
235533
238947
244589
250522
251862
244916
234212
228815
233485
244521
254263
256513
249828
240737
238374
244297
251705
254926
254038
251951
251992
253827
253515
249601
246530
247575
251180
254593
254386
249115
242868
241713
245660
250590
252495
250950
247033
243062
242324
244299
244458
240877
236519
236272
243116
253739
259359
256083
249599
247055
248983
250290
246885
238419
229673
228178
236859
249368
257596
257982
253368
249360
248819
248127
244569
240882
242190
247889
253113
254593
251825
245021
237684
234510
237772
246127
254799
256806
249950
240102
234447
234746
239618
246707
253709
258354
258357
253090
244608
235830
230541
229826
231816
235069
238252
239531
238668
237210
236288
235581
235222
235702
236733
239090
243356
246913
244790
236144
225483
219407
220017
224313
229361
234887
241060
244159
241755
236762
234939
236387
236967
234795
232131
231373
233624
238127
242935
245536
245758
244074
241109
238093
237601
240317
243988
245855
244346
240249
235437
231925
229475
227746
227984
231347
236275
239986
240204
237573
234302
233733
237313
241999
243056
240204
237186
237599
241208
244897
245959
244451
242386
240743
239180
237852
236744
234875
233923
237016
244125
250799
253582
252023
248291
245233
244101
244118
245495
248406
250737
250459
249252
249901
251448
250872
247697
244827
244988
248358
253123
255425
254103
252116
251124
249567
247798
247213
248891
252949
257032
256261
248602
239616
236788
242146
251516
258215
258292
252965
246971
244427
245101
247018
248415
247347
242877
237816
235686
235891
235845
235908
238665
244715
251907
255967
254119
248662
245074
246188
249803
250285
245401
237081
231023
231674
238784
246811
251145
251245
250034
249952
250132
247805
243925
241704
242210
244227
245725
244143
239348
235504
236339
241386
247352
250438
247591
241714
236686
234075
232488
232119
233325
235204
235578
234279
232097
229139
225160
221870
221810
226817
235278
242682
243753
238955
232889
228826
228220
230450
233134
234919
237158
239489
238932
235928
234232
236002
240457
244000
243709
240471
238841
240338
240973
236582
230281
228025
230962
235944
239778
241431
242221
242633
241500
239321
238873
240966
243834
245368
246502
248161
248780
247613
245738
242738
239170
237725
238894
240615
241541
242401
244700
248569
251224
249655
244435
240211
240524
242968
244655
245721
245936
244764
242633
240675
239985
241529
245174
249016
251047
251016
250721
250054
249340
249802
250500
249121
246568
244689
243343
242697
242146
241225
241715
244843
249809
253933
255529
256606
258001
258203
256857
253807
248159
242160
239460
241690
246605
250107
249184
246334
246407
252047
259727
264789
265717
261528
251278
239083
231078
229113
231674
237057
243772
250622
255487
255610
250906
244104
240411
241426
243003
240903
235789
231272
231063
236180
243089
246814
246453
243015
238772
236716
238851
243048
247279
251770
256964
259677
254413
241701
227833
219904
221587
229989
240079
248800
253660
253284
250778
249372
248987
246106
238617
230409
227025
229562
235947
242886
246823
246943
244850
242543
239223
232992
224723
221254
227736
240267
249073
248194
240940
235176
233209
231263
227625
223293
220834
221888
225810
232114
239490
243484
241418
235232
230312
229008
228743
225984
222190
221697
226378
233327
238461
240244
240594
240436
239840
239865
241075
242230
242047
242998
249723
259503
262694
255793
244545
236591
234033
235041
237585
242501
247620
250716
252330
253084
250337
243243
236465
236082
240386
243124
242810
242638
243644
243664
242028
240558
240431
238751
234338
231489
234174
239543
241790
240512
239915
243062
247446
249240
248815
247675
247387
248794
251295
253515
254960
253261
247346
240561
237785
240476
246351
252333
256771
259643
261086
260583
258004
254783
252594
250437
246489
242697
242200
245538
250523
254419
256262
256743
255946
252609
246637
241734
242919
249428
254253
252744
246450
239369
235072
235536
238982
242141
243293
243330
244276
247728
252175
255374
255333
250135
241844
234893
233635
237554
241809
243512
244343
245010
244341
240871
236137
233545
234359
237271
241567
246287
248971
246498
239402
232754
232253
237127
241699
242829
241640
240967
243317
247705
251024
250778
245851
237890
231021
229634
234345
241065
244853
245432
244273
243478
244302
244684
242675
239299
237154
238259
242165
246486
248643
246427
240291
233140
227911
225338
226034
229539
233167
236164
238215
239474
242236
246534
248573
245064
237967
233218
234161
237863
239825
238314
234046
229982
230230
235274
240650
241166
236485
232220
234122
241932
249248
249948
244338
236611
229278
224152
224647
231548
241638
250026
253305
252525
251633
252301
252227
249739
246430
244827
244180
242816
240226
237902
238589
243207
247961
249313
248965
248923
249036
249343
250251
251689
251868
248402
241073
231917
224941
223763
228890
237432
246367
252367
252187
246499
239717
236007
236957
239959
241164
238386
233493
230612
231069
233953
238577
244154
247676
248997
250178
251694
251868
248634
242036
235985
235266
241179
249292
254059
254230
250456
245253
241399
241159
244310
248842
252024
252393
251895
253008
255238
255429
250474
243088
238031
235964
236381
240714
248916
256533
259578
257869
253612
247460
239758
233033
230429
234011
240509
245215
246994
247357
245690
240815
234423
229862
229326
232391
236437
239500
240908
241523
242655
244487
245298
244525
241656
237984
237656
241783
246128
246748
244382
241470
238537
235754
235388
238936
244931
249616
249806
246455
244489
244900
244412
242440
240123
236635
232562
231853
237101
244825
250255
252905
254153
253246
248285
239475
229954
226015
229765
237903
246002
251184
250178
242249
233167
230068
234010
238722
239470
237460
236684
239992
246120
249728
247874
241435
231848
223322
222157
228923
237409
241426
240534
238900
239393
240091
238140
231743
224631
223769
230775
240378
246770
247081
244400
244997
249759
253086
250744
244265
237147
233443
236504
244464
248904
243961
235071
232623
240243
251953
258776
254333
241075
228120
222337
226162
236022
245135
249103
249762
250106
248667
243342
237296
235670
239022
245310
252023
255797
253310
245063
235928
231061
232441
236896
240412
242805
246763
250940
250542
246982
246531
250127
252857
251470
247135
243216
242720
245563
249522
252130
250944
246649
242483
242937
247964
250644
246201
239561
236677
238098
242630
247337
247948
243998
240771
243289
251435
258665
258190
249935
242517
241725
243968
243990
242137
241673
243648
247683
251724
251967
247395
241674
239261
239776
241214
243518
245887
245698
243451
242313
244484
247709
248939
247781
246383
246556
244850
237919
230031
228331
234557
243903
250763
252677
249886
244757
240856
240698
243751
246185
244319
239324
234658
232427
233069
235838
239367
243212
247666
252698
255685
252482
242531
232659
230707
234583
236494
234029
231920
234489
240273
244351
245085
244229
242483
239682
238267
241858
248051
249765
245462
241213
240895
239604
232647
223592
220698
227142
238967
249727
255350
255698
252645
248994
247059
246618
244049
237482
231126
230258
234346
239049
240816
238696
234764
233744
237459
243255
246340
245215
242042
240322
240337
238659
232328
225179
224232
230945
240801
248132
250570
247731
242866
240997
243638
246873
247936
247231
245636
242710
238595
234976
233392
235214
240426
245120
247363
248346
248462
246793
244871
244061
242383
239563
237855
238380
238527
237836
237425
238195
238933
240099
242881
246624
250107
250971
248531
245896
245372
244994
241704
237258
235369
236419
239616
244539
248592
249000
247261
246301
245978
245191
242996
239068
235199
233942
235659
237422
238076
238489
239557
240589
242321
245192
246426
244639
241860
240222
241125
243415
244654
243391
241044
239569
239548
239553
240484
242915
245697
248458
251135
250838
246324
240489
236323
235750
238491
242910
247036
250593
253283
253290
249659
244571
240057
236568
235365
238817
244930
250421
253154
253715
253669
253130
251044
245909
237921
229347
224056
223691
228165
236160
244525
249714
252575
254706
255736
255155
252923
249534
244378
236503
228800
226074
230527
239533
248563
254256
255681
252048
245604
242575
246514
252894
254270
249045
242018
237834
235929
234934
234590
235238
236604
239467
244969
253142
260775
262889
258294
250818
244342
240320
238280
238720
240792
241795
240986
240753
243894
249915
254983
255735
253373
251825
250818
248358
244181
238463
233316
229919
227378
225106
225048
228935
237040
246010
251630
252422
249597
245628
243079
240683
237218
233258
229390
226213
225431
227960
233893
241034
246599
248969
248485
246347
244280
242216
239811
238793
239492
239487
238540
237750
238905
242206
246183
249555
249875
246105
239911
235093
235309
241213
247969
250867
250048
247628
242926
237324
234394
234888
236872
238001
240117
245443
251506
253826
250494
243371
237675
237468
240296
241560
239195
233923
230104
230878
235508
239950
241431
239068
233940
229544
230292
236363
242134
243227
241553
240254
239164
236514
231545
227773
228513
233507
239703
243686
244323
243218
242951
245432
249760
252367
250750
246334
241645
240026
243392
249747
255144
255443
252547
251580
253423
253454
249969
247151
248111
252078
255053
254787
254092
253687
251067
245735
241349
240368
241160
241124
241423
243436
246286
247234
246294
245022
244745
244410
241791
236518
231247
230060
234395
242201
249507
253056
250725
243935
236079
231658
232816
237858
243793
247663
249286
249946
248707
245248
242068
242625
245832
247679
248211
250169
253227
254422
252771
249707
247709
246451
244743
242263
240742
241358
245412
251257
254257
250266
241534
233966
233125
238051
242978
245248
245745
245361
244770
243801
242347
240071
237029
234766
234634
235594
235406
233834
232855
233872
235834
237481
238123
236554
232192
225805
220659
220746
225813
231484
234479
236659
240296
243007
242615
239746
236509
234754
234117
233522
231550
228694
227204
228414
233231
240867
247823
249746
246728
244250
246296
251440
253247
247457
236249
226796
225119
231456
241089
248919
253706
254292
251153
246400
241556
237294
234467
234158
236786
241152
243685
241201
234718
230683
234256
243198
250093
250115
245309
240486
238617
238591
238871
239704
240664
240758
240542
241072
242147
243461
245332
248969
253968
257061
255355
249068
241285
236767
237456
240851
243257
243739
244668
248456
253846
257544
258177
257107
256038
254425
251099
247559
244705
242646
243159
248042
254739
257981
256037
252483
251757
254388
258378
261143
261232
257445
251964
248130
247838
248255
246466
243153
243671
248437
253618
256503
256844
254709
250179
244228
238718
234344
230104
226744
228012
235480
245702
253052
253891
249136
241969
236342
234139
234542
235330
236065
238825
244417
248912
248341
244465
243952
247858
250326
246645
239871
235312
234946
237552
241659
245401
246201
244545
243278
243288
243222
240807
235746
232985
237528
247388
255207
254486
245124
233496
226972
227642
231933
235442
237775
240409
242757
243478
241314
235984
230093
226701
226456
228211
230840
233197
235333
237334
238614
237410
232179
225009
220409
221152
227940
237420
243282
243168
241873
242332
242411
240713
236663
230305
224050
223564
231490
242509
248485
246930
242602
241107
243371
243950
239535
233816
232840
237720
247151
257941
263568
259046
246773
235105
229475
228715
229393
230282
232393
239532
250137
258064
258647
253661
247303
242872
240296
237419
234110
233201
237078
244011
249721
251275
247511
240328
235496
236254
240511
243514
243668
241591
240787
242988
245247
243879
239215
233733
230735
232488
239408
247818
252715
253387
253527
255534
258801
259958
254836
244588
235615
232965
236309
242785
249259
253550
254868
254295
252219
246778
239472
236327
239740
246701
252747
255377
255313
254073
251474
246986
241814
238314
238142
241314
246508
251160
252201
248657
243203
238529
236593
237269
237958
236329
234958
237098
242141
246940
248775
246954
242556
237749
236115
237920
239960
239645
236260
232750
232780
236140
239062
239519
237768
234755
233420
236277
242475
247754
249938
250300
248810
245031
240652
239565
241277
242647
241554
237929
234767
236511
242444
247309
247336
246381
249415
254393
256111
252217
244828
238327
236549
238898
243155
246560
246135
242389
239314
242094
249634
254280
251798
245289
239119
235247
233948
233766
232609
231584
233207
236981
241059
244497
246927
247111
245284
244035
243692
241862
238991
238205
241084
246762
251115
250884
247897
246395
247317
248457
248830
247925
246009
244640
245789
248588
248629
244053
238115
235185
238188
246482
254278
256124
252301
247202
244827
245682
245976
241889
233493
226499
227044
234584
243754
247643
243441
236318
234514
238937
244281
246226
244202
240805
239462
240644
242087
239702
233387
227770
226753
231920
241654
249142
248700
242367
236159
233071
233610
236582
239650
241689
244333
248780
251354
248838
244241
241952
241624
241416
239607
237651
240292
247675
252536
251321
245904
240172
236388
236643
240986
245360
243864
236749
231549
233778
242048
249791
249840
242425
235308
234077
238127
243699
247302
247875
247745
250473
255652
256768
251199
240730
229991
225647
231482
241905
248438
248836
247733
248608
251563
253730
252053
245734
238356
235614
238445
243444
246600
246339
244067
243969
246763
248700
247161
242163
236543
234851
239364
247162
251526
250300
247926
245898
242225
237270
233502
232904
236547
242939
248633
252129
252263
248267
243430
241946
243835
244894
243022
240721
241954
246098
250489
251950
248628
243086
240974
244726
250714
252451
247106
239383
235878
238364
243209
245841
245696
242917
238324
237169
242900
250554
253054
248995
242433
236831
232279
227669
224422
224079
226626
231577
236527
239454
239169
237356
237552
242763
248769
249942
244447
236057
229270
228499
233368
239416
241145
238860
237068
237483
238855
239878
240329
240481
240686
240872
241686
243190
244456
244561
244503
244487
243099
238440
234113
235700
243455
251398
254872
253005
247453
240913
236207
234728
236160
237947
237519
235087
233048
233303
234488
234665
233915
234167
235329
237131
240415
244164
245492
242549
237689
235697
238020
240811
240776
239042
236696
233544
230533
231336
236584
241841
242979
241749
242269
245165
249213
253077
255477
254601
249869
244330
241825
243276
246398
248344
250141
254084
258144
257161
251668
247956
249574
254342
257517
256585
253514
250372
246581
241503
238187
239938
245734
251383
253656
252548
249683
247779
247790
248027
246943
244628
242905
242904
243991
244431
242542
238986
236001
236137
237942
241005
246390
251365
251296
246634
240567
235607
233678
235370
240104
246501
251760
252610
247367
240018
237481
240305
243987
245837
247484
250396
254151
256055
254946
252254
249876
246868
242756
239741
241032
244354
245755
247053
251899
257144
258112
254313
249094
246568
245906
242560
235687
229691
228763
232089
236534
239144
237613
232126
227010
226908
232664
241191
247038
245678
237509
226621
218725
217316
221138
227186
233083
237736
239054
237862
237218
239942
245881
249985
248063
241283
232836
226455
225033
228033
233464
239712
245231
248168
247804
245071
242595
240728
240788
243834
247401
250125
252200
251075
245253
238555
235127
235384
237860
241634
244940
246532
246674
245787
243436
239004
233324
228899
228479
233226
238784
240007
237211
235614
235917
236566
235555
234295
233403
233800
236273
239250
240703
241458
242984
244705
246658
247771
245223
239612
235912
237656
242675
246292
246517
244569
244037
246633
250204
251710
251816
250755
246422
240573
238400
241117
244207
244593
243843
246106
252168
257332
255886
246865
236206
231573
234903
244349
254164
257922
253677
245387
237726
234968
238270
244614
248703
250482
252051
253634
251466
244921
238050
234151
233381
235030
238293
243236
249126
254286
257472
258415
256356
250286
242465
237071
237650
241802
245039
245789
245208
244710
244099
241277
235459
230462
233185
244662
257647
263635
260365
252226
243922
237227
231509
227432
226789
229708
235572
243378
250295
252219
246219
235544
227785
229023
235723
240446
240309
238571
240210
245643
250156
250154
244489
236285
229987
229584
235345
243289
247429
246174
243171
242089
242676
242675
241365
239048
237341
236685
237034
238542
241707
244392
244274
241069
236764
232866
231004
232470
236084
240033
244024
246809
247117
244619
241395
240133
239343
236685
234102
234948
239620
244501
245946
245184
245132
246360
247012
246955
246956
246694
244507
240960
239122
240015
242047
243443
244402
245099
246643
248773
250854
252333
252644
250962
247981
245553
244849
245615
246616
246896
246426
245994
247748
249992
249277
244962
241345
241907
244372
244141
240977
238515
239533
243720
247853
249552
249316
248368
247907
248689
249942
251145
251102
248862
244094
237424
230546
226352
227884
235080
244891
253432
256420
252349
244926
239302
238356
241866
246043
247827
246469
242322
236533
231014
227364
227061
229883
235631
242455
247472
248125
245257
242403
241660
242441
243291
242318
239030
236072
235888
237998
240324
242196
243554
244226
244317
243679
241493
238359
236308
237313
241235
245161
245417
241849
237439
236199
238614
242088
244421
244895
243571
241741
240395
239858
239396
237196
235059
237369
246452
256656
260497
255314
245169
235389
229443
230047
236340
242965
247007
249500
251550
252194
250106
244723
238670
236202
238731
242458
243000
240630
239417
242321
249814
257794
259447
252370
240453
230391
228353
234995
245012
251796
252363
249153
245279
241961
239288
237046
234997
236779
244326
253016
256595
253491
247293
242084
239711
238812
236823
234820
237649
245452
251132
249895
244026
238115
235118
235690
238378
241747
244468
244975
243271
241437
241003
239596
235962
233266
236422
242231
244811
243013
240366
239790
242623
247328
251409
250970
242020
227123
217540
221874
236503
249437
253259
249013
240272
230952
225403
226588
232940
240489
245297
245627
242721
239665
237456
236229
236084
237491
240614
245208
249370
248714
241053
232021
229572
235649
246467
255498
258064
253584
245527
239250
237794
240677
245034
246873
244434
240455
239624
241689
244382
245262
243371
241612
243015
245785
245440
240399
235539
235897
241905
248963
252148
248509
239639
231745
227991
229227
235307
241745
243856
242385
239985
238393
237461
238257
242901
250852
257588
258607
252711
242895
235632
234048
236848
240518
242242
242255
243473
248441
254824
257424
254668
249545
244926
242578
243704
247407
250830
251258
247963
242467
239443
239457
240330
241207
243800
248953
254406
255267
252050
246877
240822
236552
236888
240402
242626
240718
236325
234883
238277
242827
245130
245128
245775
247377
248390
248149
246474
244046
243029
244148
243975
241432
238532
237547
239220
242358
245370
247311
247612
246146
243425
241740
242497
244368
244429
242780
243464
246941
249767
248407
244438
242260
244247
248647
251867
250780
245145
237219
229795
226507
229685
236890
243377
247333
248646
247124
243629
238852
234446
232318
233522
237982
244084
248229
246957
240241
231786
227285
229652
236491
241955
243049
240143
235857
233929
236181
240396
243103
243531
242994
242004
240644
239373
236992
232945
229599
229412
232765
237689
241360
243032
244221
246403
249574
250206
246823
241025
234740
230835
231553
235580
238949
240360
240607
240396
239466
239002
239997
243272
247454
251172
252661
250912
246021
239414
232544
228578
228272
229031
231735
240094
251560
258670
257919
252421
246364
241405
239467
239967
241006
241630
241574
239602
237055
236568
237708
238548
239775
243146
247651
250457
249812
245817
241671
239646
238868
237563
236876
239370
243202
245261
245981
247347
248586
248205
245919
243561
241997
239999
237265
236386
240451
249514
256839
258025
256114
254405
252989
252767
253569
252156
247043
241742
239533
240035
241177
239941
235867
231750
231090
235345
243087
250257
252935
249230
243479
241577
244721
248845
250208
247364
242011
236630
233761
234740
238060
241037
241646
240537
240474
243869
248406
250096
248936
246829
244486
242204
239704
237370
235910
235418
235784
237102
240184
245668
250441
250894
247146
243169
242504
245654
249541
251106
249333
245581
241658
239277
238818
240059
242826
245651
248322
251117
253070
253035
251206
248505
246858
246509
245813
242673
237642
233118
230544
228610
227712
228675
231609
235133
238091
239982
241073
241096
239274
237093
236401
235181
232943
233734
239389
246150
246969
240015
230594
224485
223437
227285
234048
239782
242353
243215
245108
248207
249125
246320
241540
237658
236526
238611
241715
243548
243771
244224
247970
253282
254012
248212
241480
240098
244604
249090
249223
244767
239154
235690
236167
238866
241640
243289
244521
246559
250453
254877
256224
251623
243174
237278
237352
240933
242155
236811
228441
225408
230981
240998
250034
254763
254002
248047
240265
234629
233352
236704
243083
248919
251157
249286
243767
237166
234806
240402
248923
254328
254833
253307
252221
252805
253243
250116
243485
237410
235074
235956
239070
244147
248698
250603
251387
254364
260486
265019
262711
254812
248474
247728
248437
243581
234020
227213
228227
236265
246389
251189
248097
241979
238919
240815
245939
250582
252165
250052
245189
239803
234936
231032
227774
225727
226067
230339
237284
243785
248395
250459
249514
245910
239635
231589
225637
226869
235592
245754
250910
248977
243503
240193
241688
244370
243879
241328
240144
242162
247984
254287
255549
249825
240940
235136
236011
241367
245873
245716
242624
242501
247521
252607
252512
246480
238515
234472
236940
243165
247286
247161
245219
243666
242844
242557
241354
238463
236095
236989
240676
244986
246181
241160
232084
225092
223132
224827
227351
229701
232045
235337
239732
243998
244923
242266
238382
235429
234342
235356
237202
238705
241145
244520
245370
240552
231685
224700
224236
230746
240703
248409
251418
250303
246488
242522
241857
243416
241195
233366
227013
229542
241530
256144
265640
267262
262925
254952
244687
233961
227314
226966
231093
237851
244730
247128
243165
236979
233237
232426
233357
236041
240659
244179
244670
243726
244058
246930
248923
244651
234798
226352
224313
228471
234669
239549
240680
238511
238104
242386
247494
248513
246667
244779
243708
242867
242247
243222
247839
253894
256649
255531
254481
253595
249975
244493
243692
248374
252035
251452
248016
244695
244431
248680
255694
260274
259148
253454
247226
246022
252020
259663
262260
260276
256974
252016
245393
239789
237786
240551
245954
251558
253323
250884
246968
244336
243014
244174
245803
243502
237151
231024
228276
230065
235849
242586
245998
245411
243234
240338
236693
234491
236060
240649
245705
248653
248259
245441
242295
239614
238058
238856
241039
240296
236411
235311
242088
252631
259285
258395
252389
245741
243370
244293
244305
242878
241813
242796
245321
247433
245372
237829
230493
229636
234116
239527
243295
244600
243701
242932
243094
241760
236914
230752
227447
228987
233329
237827
239975
238282
233874
229315
227071
228997
233527
235415
234345
234976
238627
241605
241602
239665
238158
237556
237397
237305
237269
237285
237890
238406
239422
241369
243348
243616
242418
240917
241064
243353
245719
245820
244238
245027
250263
255276
254044
246891
238570
234170
235197
239118
242380
244424
245690
247333
249723
251867
251365
248192
243616
240429
240072
241976
243046
241523
239687
240163
242866
245671
246514
244762
242242
241978
244286
247265
249098
248882
246728
244733
244704
244903
242596
237463
233140
233532
238531
244481
248015
248070
247297
247809
249821
251664
251273
247258
242627
242148
244991
246368
244439
240933
237884
236880
239198
244045
247212
247412
247070
248206
251606
255135
255161
251263
246571
244127
243087
241312
237554
233730
233057
237610
244672
248638
248140
246556
244692
241882
241150
244098
247253
247255
244696
241630
238850
236506
234834
233523
233561
235655
238661
242135
246380
247916
243568
236479
231376
228721
226943
227518
231275
236007
239357
241303
241332
238593
234449
231754
231829
234323
237410
239431
241346
244703
246639
244279
239158
235170
231923
231275
236121
245725
253234
254500
250517
243900
236971
231766
229079
230246
236493
244815
249524
249811
249631
250496
250759
249382
247206
243426
238701
234902
232915
233721
237531
241293
240930
237519
236934
240178
244470
247110
247546
247701
249674
251730
249254
242553
237095
235387
235441
237034
241364
246913
250861
253366
254154
252406
248704
243762
237764
233768
235678
241541
247067
251196
254369
254515
250948
246546
244477
244993
246523
246665
244601
242528
243465
247109
251352
254355
254100
249399
243020
240371
243283
247771
250003
248659
245845
245190
246630
246782
244445
241227
238597
237390
238375
240439
240696
239464
239391
241668
245389
248695
248809
243683
236581
233278
234179
236339
237640
236741
235372
237450
243067
247594
247227
243024
238099
235241
236320
241127
245125
247141
248691
249832
249509
248203
245710
240567
234799
233291
236889
241720
244640
244666
243375
243803
246224
246149
241909
237196
234503
230825
226404
225907
231350
239044
245045
248789
250566
249528
244928
238843
236501
240598
246183
246709
243377
241313
241252
241099
240832
241414
241567
241480
241985
243789
245590
245247
243169
243864
249899
256562
255694
247613
240245
237583
238074
241256
246385
249626
248094
243902
241738
244584
250213
254199
253859
250847
248393
246564
244563
242205
239427
235923
233208
233535
236460
239138
240312
241177
243803
247653
250932
250847
245948
239079
233300
229575
227851
227638
228382
231050
237395
244363
247329
244177
238590
236071
238534
243103
244709
242560
240168
240293
241089
238934
234291
231786
233698
238401
244062
250120
254801
257250
257584
256985
254743
249482
240969
232109
227732
229615
235157
240994
246931
252417
254496
251086
245142
241235
238623
234373
230994
232371
238643
244750
245727
241224
235836
233253
232950
232989
233764
235969
239065
241782
243042
241684
239108
237027
235201
231982
228881
228285
229713
232521
236407
241302
246729
250324
249349
243860
236985
233121
234445
238215
241138
243792
247911
253044
257208
258017
254174
247365
240038
233763
229203
228696
233892
242785
251192
255008
253029
246714
239299
234373
235432
241688
247996
248944
244846
240655
240543
242983
244578
243907
243257
243003
242319
240804
239166
238446
238847
240126
242514
244138
242746
238974
236061
237980
244158
249338
250943
249813
246478
242565
241769
245912
251786
253228
247420
239856
237707
241723
246251
248209
249825
254906
260732
260990
254828
247889
245119
246170
247821
247206
244625
241670
242035
246543
252099
254343
251325
245929
243320
245651
250586
252593
248183
238760
230784
228469
231665
236786
240238
241552
243108
245637
247133
244294
237073
230221
229430
235746
243727
245121
237735
229382
227666
232615
239726
243319
240354
234677
232409
235900
242689
247715
247789
244243
240082
237901
238399
240754
244298
248408
252583
256459
258428
254526
244268
234053
232096
238805
248084
253829
253914
250706
249184
250587
249984
243547
234731
229553
232080
241257
250369
252350
247461
242274
241144
241583
239036
233134
227303
226715
233552
242442
246109
243351
237794
233731
232735
233139
233542
233701
234234
235450
237118
238592
239933
240110
238104
237696
241028
244803
243963
239483
236174
238367
243866
246449
244175
240752
239974
242950
249243
256558
260718
259907
256116
253000
252624
253494
252772
248944
244637
243600
246618
250647
252032
250012
247892
248736
251167
249294
240697
230361
225685
227676
234625
243421
250049
252731
252084
249128
245287
240751
234588
226889
221185
222512
229671
236393
238844
237826
236133
236223
238703
240810
240116
238234
238791
242049
245600
247608
245938
240279
233156
229689
232303
239032
244313
243754
240389
241421
248778
256383
258439
256087
251219
244536
237808
233717
234234
239329
245432
248099
247661
247468
248438
248734
247110
244275
240291
236450
234691
236103
241081
248685
256257
257684
250808
240137
231431
226999
226659
228677
232157
238095
246715
253566
252466
244671
236552
232453
232393
236572
242370
246413
246242
242962
240440
241067
242640
241228
235611
230068
230349
238537
251721
263860
269039
265983
257888
248447
240205
234811
233478
234314
236788
242049
249517
256292
259191
257086
251620
246243
245206
247757
248717
244627
237503
231291
230312
235821
245315
254740
259599
257631
249057
239002
234079
235571
238369
238567
236818
235965
237114
239081
239578
237350
232889
228417
227352
231014
237546
244515
248959
248743
244225
239134
236233
235028
232514
228768
227629
231853
240743
249905
254149
252231
247371
242518
240080
241359
244330
244806
242195
239608
240159
243486
246585
246669
243823
241832
243545
247375
250823
252479
250710
246203
241973
239768
237918
233818
229650
230039
236092
244031
249030
248931
245533
241767
238352
236223
236049
237037
237481
238929
243354
249661
251305
246560
239220
235611
237332
240997
240740
234596
228475
229063
237271
248066
254434
252929
248046
246624
247952
246311
240921
235790
234776
238682
245743
251462
250958
243498
234546
231085
236731
248456
259111
262703
260234
256627
255057
253655
249643
242773
236107
234303
237386
241590
244093
246234
249332
253099
257186
260900
260589
252767
240322
231713
232413
239784
245567
244723
240373
237639
237291
239182
243838
249873
253037
251662
248178
244621
239511
232275
227379
229449
237737
246504
250495
247300
239391
232560
231717
237015
243791
246283
244277
241625
241152
241516
239976
236442
232624
230706
233466
240987
248393
251796
252938
255761
258905
257075
248203
237047
230563
231285
237555
245651
252182
254767
252586
248251
244877
243207
241609
240118
238467
238157
238182
238040
238716
241165
244235
245755
244354
241565
239420
237517
235537
234535
234133
232201
226874
219626
216544
221635
232261
242978
249529
250203
245969
239894
234936
232105
230889
230796
232469
235033
237316
239221
241382
243679
245734
247452
250010
253566
255775
254206
249395
245616
244686
244139
241816
240324
241735
244879
247438
249415
251969
254206
252704
247571
243568
244317
247717
248613
245641
241829
238603
236056
234691
235254
236661
237879
237458
233712
229584
230704
237990
247004
250594
246467
239395
234513
233023
233761
236398
240775
245445
246662
243501
239706
238907
241225
243973
246462
248339
248740
247768
247604
250088
255302
260046
260233
254355
245855
240027
238508
240202
243181
245635
246467
246250
247453
249990
251306
249285
244599
240712
241848
246727
250722
249989
245557
241263
240254
241165
241062
238945
235618
234340
237286
242059
244510
243597
240625
238517
239481
241698
242202
242148
242794
243232
240555
234516
228636
226923
231194
239620
246774
248829
247449
246231
247277
251239
256264
258738
256074
249083
242373
238187
237041
238041
239842
241875
245187
250470
256139
259062
255860
246219
236102
232290
235028
238179
238274
238288
240799
244679
249146
251727
249045
241628
233688
231385
238095
247714
250169
243874
235631
232099
233239
235558
238241
241367
243033
242829
242358
242603
242871
241554
237574
232611
230538
232449
235751
238063
239831
242915
246506
247818
244242
235751
228808
230433
238711
246316
248837
246530
241991
238479
237831
238788
238845
238212
239709
242480
244022
243062
240112
236054
234221
235915
240282
245267
249348
250030
247848
246324
246555
245684
240629
234489
230851
230533
233648
238627
242222
242359
239921
238473
239906
242946
244669
243031
240429
240354
242682
244292
243000
239951
235976
232553
231893
233624
235938
238030
239379
240709
242416
242893
241882
240864
242120
245129
247029
247122
245949
242280
235893
229569
227469
232495
242625
251847
254550
251163
247052
246158
248343
250253
250239
247854
244177
241863
242792
245467
248100
249151
247289
244150
241878
241216
243432
248479
254006
256885
256623
256155
256738
255288
248877
239251
231584
230867
236695
243825
248892
251496
251895
249895
247213
247300
249633
249244
243780
236983
233825
235721
240303
242666
240789
237658
236491
238654
242904
244746
241873
236519
233998
236371
241876
247131
250260
248867
244284
241246
242642
245632
246547
245354
245565
249028
252255
250975
245351
239757
237783
239273
242334
246935
252180
254170
251735
248280
247521
248754
247840
242985
237293
235265
237828
240972
240828
239227
239444
241269
241994
241578
240854
241306
245148
251117
254474
251498
243183
233463
226610
225147
229605
236124
239300
238131
235013
232355
231507
232807
235749
239833
244256
247036
246903
244875
243184
241422
239314
237893
238142
238300
236776
234900
234497
237609
243792
249747
252513
251859
249371
246195
242004
238172
235761
234559
235527
239521
244112
245972
245684
243745
241507
239645
238399
235506
231184
229508
233222
240019
245066
244801
239579
232835
228493
227425
227949
230289
234219
237196
238866
241028
244097
245339
243928
242066
241878
242179
242696
243153
242730
240883
238276
236557
237638
240544
242709
242590
241460
241910
245291
250934
257207
260003
255421
246031
238459
236678
240170
247094
253029
253799
249791
244784
242375
243810
247484
251236
253225
254105
255114
254215
249266
242213
236637
235096
237774
242093
244710
243926
241634
241116
244659
250831
255801
254971
247744
237925
230094
226809
227911
231151
234403
238582
244997
251823
255168
253964
251529
248947
245515
241543
237290
233100
230308
230958
236184
244446
249694
247260
240447
237196
240241
244364
244610
242231
240913
242498
247846
254991
257921
252794
244365
239562
241168
245521
249165
251908
254077
253837
248465
240304
234798
234034
235830
237766
240701
244925
247550
246198
241829
238065
236238
235080
234787
236651
240473
242531
241541
239972
241383
243589
243637
240721
235269
230027
228255
230271
233844
237018
239051
239342
238935
238955
239042
238505
237492
236533
234797
233804
235402
238044
238975
239410
241466
244287
244863
241176
235098
232647
238089
248425
256655
259564
258446
255060
249768
242997
237340
235329
238893
246219
252986
256860
258884
258826
255843
251269
246902
242169
237262
234852
235550
237707
241606
247763
253138
253489
247893
240579
237561
240328
246438
251868
252875
248482
240787
233900
230192
229598
230456
233509
238941
242895
242679
240169
238256
238197
239059
238466
235754
234004
235209
238785
242717
245866
248429
249997
251212
252076
250252
245656
241118
238217
235527
233383
234356
239126
245883
251917
255578
256643
256145
255015
252421
248635
245135
242239
240198
240468
244539
249136
250329
247482
244774
246079
249767
251604
248935
243608
239754
238369
237068
235425
233475
229867
225145
222966
226520
235616
245281
248947
244501
237595
234641
234776
233501
230882
229146
229938
233478
238654
243593
246733
247360
246278
246035
248403
250217
248651
244835
241102
239280
239826
242334
245040
246055
246275
250020
258117
265199
266006
260756
254041
249640
247095
243620
238221
234880
237407
246108
257767
266033
265264
257377
250428
250057
252918
251624
242983
230939
223911
225594
232720
239904
244365
245610
244791
244545
246738
249686
249677
245265
238694
233150
231402
231246
229524
227656
229656
237707
248557
256243
256731
250314
241196
233880
231333
232704
235420
237511
239697
243303
247935
249884
246955
242887
242638
246325
248939
247035
242082
238679
238864
241498
243607
244310
243255
241623
241565
244228
246551
246366
244951
245529
246190
243225
236994
231787
230666
232258
234076
235185
235491
235138
235203
237717
243567
248920
249085
243808
237341
232600
229308
226516
224199
224160
227172
232495
237937
241092
241977
241286
240707
241959
243101
241033
234837
228477
227561
234193
243310
246326
240968
232746
228994
232184
239171
246019
250512
252592
252640
250252
245027
238594
234441
234730
238260
242900
246422
248951
250999
253267
255574
256225
254270
249440
244307
242563
245259
248921
248648
243238
237181
235291
237252
238859
238042
236479
236555
239519
245193
251979
256012
253312
244901
237150
235742
238514
239000
235195
232277
235280
243647
251906
254140
248768
239289
230891
228488
232540
239192
245060
248582
250535
251556
252754
253811
253761
250765
245061
239767
239045
242947
249069
256423
263035
265062
259961
250623
243585
243239
249055
255946
259219
259337
257461
254541
251238
249120
248648
248701
248733
251339
256168
257416
252664
245013
240285
241103
243574
242684
238237
234768
234971
235985
237386
240552
244416
244558
239636
232485
226510
224141
225411
228555
232263
236326
240052
240820
237798
233705
231773
232124
232134
230711
229561
232702
240655
246955
247042
244131
243680
246733
250660
253954
253789
248085
239705
235313
238684
246794
252404
250037
242670
237733
238620
243155
247267
247224
241270
233067
230010
234117
241325
246847
248973
247162
242406
237321
233712
230913
229686
230298
231868
234394
236576
235068
230252
227713
231079
235235
234137
226934
218905
216503
222944
234221
243378
246694
245668
241441
233694
224590
218812
220655
231738
249270
264037
267075
258131
245259
236952
237816
246066
253760
255633
254126
253238
255446
259735
263033
262090
256886
250758
247185
246219
245238
243162
242005
244980
251071
254111
251388
246832
244392
244206
245083
246243
245006
241350
239001
240836
244570
245672
241384
232856
225499
224345
229068
235942
241842
244412
243005
239166
236377
234944
232761
230055
230601
236360
244875
252189
254648
251696
247958
247189
249512
251427
250246
246092
242524
245292
255539
264816
264654
255645
244814
238661
240413
247541
254135
255916
253725
251758
252251
254291
255168
254465
254059
255766
258133
256826
249630
238794
228658
223411
225988
233510
239230
239969
238886
239618
241169
242553
243133
242921
241679
240009
237767
235306
232048
227898
223013
219568
220806
227935
236980
243236
246302
246464
243796
238812
231810
225219
223099
227524
236003
243705
248833
250937
249278
245108
241574
239919
239990
240828
241411
242301
244968
248411
249664
247724
244861
242266
240435
239125
238697
239484
240278
241652
244068
246764
249247
249973
246231
238011
230449
227632
229169
232833
236003
238533
241214
243421
242697
237722
231442
226036
221986
221377
225038
230434
235938
241029
244019
244240
241736
237303
233084
230247
228665
228485
230411
235588
243610
250691
253898
253200
249802
244616
240944
241272
245404
251368
256372
258305
256310
252807
251391
251170
250223
249760
251042
254328
258998
261438
259465
254432
249168
244825
241332
238818
238178
240684
245816
252871
258649
259943
255738
247708
238889
234206
235099
238640
241274
241877
241545
241302
240426
237843
235867
237294
242422
247497
247552
242881
238122
237315
239883
241451
240116
237129
234972
234926
237964
243038
247027
248157
247062
247135
250643
255893
258229
255298
249800
246947
247999
249466
249823
249369
246334
242053
241554
247205
255550
260273
258318
251680
245073
240963
238827
238092
241061
246646
250086
248605
244247
239145
234740
233204
235705
239889
241056
237644
232189
230197
232950
237104
238861
238234
