116581
83463
100946
144859
183897
182894
141781
121593
164841
226089
213414
97296
26919
80233
216674
253640
166994
77461
92598
194644
258747
218319
125504
75313
99975
133888
133132
130233
149775
169695
187822
220175
210195
133347
66404
74603
142554
197273
208368
208200
190541
153583
145841
168230
178319
171047
152820
115223
86075
112913
179498
221894
199948
129640
70829
90973
194110
281149
278028
225685
156119
101215
129447
187596
186964
166847
162935
170831
215730
267184
241399
130203
28607
38595
138207
236724
272292
256314
219242
172279
113963
56381
62514
154758
248006
260073
243879
282800
325233
260533
104089
13201
37923
154063
246017
238639
199748
221534
269978
284239
258890
181654
91659
53803
65873
99902
114178
90541
110266
227474
339822
329312
216068
112152
96892
139769
153574
128957
134829
196569
277974
300471
238065
148134
79277
67177
126597
196674
207311
177987
155475
164524
194435
210526
182597
100521
43619
88018
178820
238468
276318
287816
236169
164327
132801
150211
187960
209515
198204
162966
114313
91904
134222
212111
259783
263249
238901
205305
184860
145230
87401
59253
81820
159358
224590
211888
168146
167320
192961
206733
208787
193127
190863
238391
296320
299416
232193
156312
118488
111103
133201
165247
173220
165161
159882
178853
231400
264884
221405
127100
58636
65634
138143
183033
145449
88008
97411
169680
226068
224588
195127
177532
175288
204872
259749
258234
189153
140300
124727
103793
118779
189860
233805
217961
187351
173985
164481
142864
127929
101283
73254
80902
102314
145763
226579
272289
238333
171574
102108
61536
99855
190752
252384
260319
262204
246562
176093
87487
56899
104930
160411
179185
216694
267790
261411
193974
129501
127650
142041
126719
102867
98700
136137
196267
229214
221964
200342
205457
261147
299118
229856
132740
102614
133264
193462
243292
224680
129438
54206
62812
131878
190884
202228
201571
218235
232824
218981
185856
154950
149290
175747
212714
223226
185338
140108
168730
270426
328438
257386
155240
158441
212607
196049
134227
124553
155296
144757
85189
57945
105280
171878
204556
219355
201468
175253
190844
223846
202425
119664
75654
139415
266539
334396
279370
182264
112966
58644
61699
147031
214938
211305
200358
190389
150084
110676
95318
93444
133547
208821
239305
211425
166061
124294
131788
204664
250231
222101
180979
155399
135279
102759
76484
94746
150272
212281
256324
256553
198028
102821
31695
21389
58378
142139
227440
260684
256251
236307
170200
100092
125026
215813
258907
225966
182948
183628
208327
203399
136458
80266
140110
278729
343347
255254
118602
79202
128454
172360
150028
80810
58503
115890
189494
223377
192389
120568
93763
156622
258084
296889
261588
209733
131999
63330
102435
235099
331191
312690
228836
189582
211516
195863
99476
25844
55097
176886
294258
309042
234347
150381
107711
103491
116172
119652
103766
110943
154578
209170
246267
237438
176960
124863
141933
201815
242887
251180
225205
144674
70167
78985
120944
131175
147034
170367
174064
202500
252307
238221
137159
48097
65983
160859
236324
243476
209434
200900
240043
252713
175165
56073
21638
71188
203651
328143
347936
271163
167712
79865
29682
21537
52105
111304
178707
243872
271059
247621
203649
156256
102395
83928
147001
246476
304565
295296
246887
204184
186749
176896
157768
149458
170878
185575
165788
146577
161719
172038
154706
164243
202937
204414
147903
77426
52256
90250
156488
195545
202837
207732
226938
255718
268279
231663
130638
51151
96337
199753
235018
219003
201091
172570
167407
218062
260811
208244
77973
15922
72646
212273
311793
288075
182809
97175
78790
115417
173271
216654
216661
176377
132618
109951
117195
158469
207505
223632
217226
208946
166652
76492
13491
31692
148790
277777
302419
214300
100660
70441
127083
163926
135222
118124
156548
210948
225902
205123
179548
178744
220103
245403
205535
152489
129424
108780
103281
153448
224764
249993
214409
158163
115412
109387
158224
212899
213390
163156
76820
24782
63032
163068
253978
287545
267605
240527
218547
194528
201496
239231
260682
263207
260729
266784
270475
214354
92280
11717
20552
122394
250845
292359
214356
89691
62347
154379
210964
123144
19743
57499
208910
301157
253878
166029
174631
254274
266930
182295
102912
99174
170685
267284
280226
189908
124710
145477
149923
88313
59743
119567
219098
265621
211870
88188
16555
54871
157605
234675
245516
197432
171272
206842
216912
142879
66717
105262
242685
319649
251519
115017
31272
52725
152729
235056
223787
143363
72063
51718
81745
157987
245607
284145
228861
122246
72154
142226
255515
299391
261737
192552
152648
156225
174719
175083
142024
114830
157074
247558
277340
187841
66350
49924
122414
169026
169390
191529
225973
214962
145629
75626
79916
162275
271866
315964
253605
168439
139191
152136
158376
155263
173365
216123
259255
264700
189077
83687
65133
146639
242005
282961
268683
235183
207399
152955
59226
24325
66940
138973
188614
202746
189952
181539
213816
261240
242364
171067
139909
138059
113648
89109
92366
137092
222619
290772
272403
213507
179486
140361
79518
46237
91556
226311
350877
351644
225673
74545
42215
116872
173567
133846
95542
160609
295072
352621
255047
109180
74273
135746
153740
59543
6269
24765
165623
310499
331431
234685
117862
97418
170649
229325
224761
171787
125819
147573
198353
201760
166441
174983
235180
245827
172998
108610
134877
226123
275170
207546
78101
34536
93494
139157
107597
61403
105434
266840
376879
283901
78883
24041
134043
314930
333577
179863
57341
100653
239019
296849
195845
60431
55123
171333
281661
307601
290425
287149
248655
96714
5207
7624
85784
232471
298671
301734
316720
310254
238911
132109
41486
21647
52006
144458
240715
273695
252020
240542
225695
153194
52388
13584
39452
150075
287882
355107
314286
209524
129394
114790
121300
102891
74222
74770
101976
123195
138168
179370
271766
344033
304500
193138
122479
105469
60443
20216
53881
181665
287743
302741
246762
180859
157439
164561
152038
120645
97903
95796
129841
162877
143984
120225
170839
248172
229007
117871
57337
112533
190017
212479
239438
311387
346709
273547
147610
76292
88619
167955
250677
255043
190472
122439
92698
116774
186268
262990
287506
228140
126724
50502
41943
101380
193506
255633
254005
226362
210882
186984
148762
134003
157276
179077
164559
155206
201174
259096
254340
170234
73229
52175
86454
120845
158686
213272
263638
267566
235157
189083
154078
144322
127451
78316
47640
95913
202038
303131
364237
340561
214228
92316
79359
137487
142079
61442
16038
31255
126651
281536
330596
231077
142800
192235
280049
227084
47516
8320
45892
188937
297195
327036
315827
251192
125700
21241
20627
106644
221198
257605
200887
112637
112360
230812
340453
326604
194881
39341
7651
42984
153430
248494
286358
306721
308566
235793
110919
51935
98898
176637
211798
190999
155117
154918
195595
244839
242551
170395
106053
117597
171258
203198
187224
158544
184410
267579
325561
266959
112986
14243
22283
52680
92965
159714
270916
376681
380750
250143
67541
13345
83927
225013
273708
179804
69552
84337
210839
300681
259206
129909
58731
127840
219790
198753
114338
74758
103123
140883
146709
153007
169134
183576
193532
181788
156388
159463
198506
241320
251670
232762
231904
248088
229881
147884
25825
8534
38780
191438
322966
323914
223328
103433
65083
140282
227370
232772
193643
177485
181116
185314
181809
123390
38572
44093
167588
310497
377038
348957
231304
79300
23771
64132
156558
221311
254506
254160
205128
136106
104439
114026
136290
180322
234088
236546
164340
91050
101712
183589
249839
236206
178879
132613
115567
163329
263699
319056
231168
59825
19789
90333
220370
284387
219664
82394
25931
95231
230224
289771
249090
184435
132320
122714
194437
265055
217707
114253
103268
196919
284508
283025
218464
153182
119418
113631
131112
151774
164966
193964
233420
231047
158519
62955
28092
50832
93421
135357
198087
279245
341387
313642
197153
99918
83976
127525
183442
216865
234052
228864
204499
198648
196963
146831
74272
70443
155380
239882
226631
142182
106963
161501
222111
209891
137995
87727
110220
148293
126177
73342
95613
235910
368968
345522
220724
142478
123467
122392
153787
185422
152307
64262
27444
79686
180856
251894
276034
232277
145745
92624
106519
186079
253312
195823
62386
38508
153581
318815
369189
274708
190333
218718
267940
229624
127471
53913
69547
144106
207256
226288
185066
79362
19462
36211
115580
228108
322058
345757
269890
133163
60194
88912
165759
230598
243242
200824
179373
206722
222619
206851
178400
153802
146161
156111
190505
226549
193245
84491
34355
92279
208899
301200
325524
257702
141431
74891
114752
189542
179024
114029
116955
189939
257432
265416
211493
132561
60403
30948
55890
101773
150910
236055
329183
336982
255485
171023
145519
146923
101492
42110
57057
129295
217000
275580
277860
253048
225989
178729
120431
81129
67679
84925
123636
189238
258247
269127
225404
187507
151458
86025
37502
68429
190789
291706
317786
329378
328814
233817
54541
7352
18532
111230
227446
270454
275456
285476
281752
255879
185824
68532
12315
38008
143310
229023
214807
178141
220309
302120
320522
240881
138742
97696
128033
183175
213984
216359
180984
106361
45488
37769
72090
149238
237352
249061
160844
94337
135364
230700
273286
225258
141502
96515
106534
106319
91491
143110
253944
309755
255070
146770
89852
127336
207260
239654
185345
95041
50899
74743
125280
159436
172420
189787
233764
275232
253218
160344
80498
80257
133189
187778
218663
213311
165190
111275
106707
153272
208863
229499
211064
177820
135144
108411
131120
174364
222763
287231
316478
250854
123658
45368
67884
174227
273067
287675
233652
182075
174048
195910
208034
156880
75771
49052
64601
107911
158689
174996
172131
195455
245730
267796
219959
156145
139759
150683
166210
206675
244560
212859
120309
64907
121195
230361
277245
240259
171306
141213
174562
208382
218275
215712
161469
43267
5772
23305
114118
214103
249077
221976
203784
247574
302416
282725
180727
72616
55001
153869
304705
341893
221147
84636
37632
46141
73085
113417
157130
181391
214112
275953
297768
234456
139905
85087
93703
142499
167647
138202
111436
158874
245246
315073
351957
325940
248861
173899
125801
105955
97308
80007
69353
86028
125896
149686
126428
124771
196324
247186
192808
91174
54900
131315
253587
301583
254979
190389
197349
272142
274827
145467
26213
63444
203908
280374
229301
142060
122120
156752
164402
124721
91337
112787
163518
178508
148003
110910
108309
161860
232162
241254
196863
178552
188330
174406
121711
76976
99262
196240
310821
325736
213607
81400
24595
44423
100513
166361
200913
223233
271239
281247
197649
101638
84331
142269
200046
183204
137394
168530
268367
348913
345868
269185
185238
123386
58570
24788
35948
82367
118918
163549
227492
251424
236209
223773
206057
171537
145672
132238
111384
111032
157111
223530
276605
275015
214276
189006
237321
252890
189992
136855
136313
154486
169986
162767
108543
50366
57787
124337
188624
210522
222565
237586
255732
261330
206871
139898
146384
187075
176357
107674
49629
51000
103808
202334
292292
317528
295666
258595
201536
136518
92688
72821
66239
72448
101118
145571
209894
285229
306191
242066
150733
116239
150606
178382
157712
130977
142866
193318
239351
229688
170862
105766
66081
75919
128533
144843
121396
158686
278951
357376
300060
181306
98772
67537
89201
130505
149076
171343
188308
156174
133177
168899
203271
193895
182755
210294
257406
296403
299613
229185
95287
7851
5182
22167
145392
304548
372798
329807
238688
154073
85727
37899
41799
107521
202509
277381
289032
212491
114352
79931
109619
143503
159184
179039
202646
252538
305601
285556
183268
40621
5841
21969
191076
382456
402476
267016
149726
131567
137133
116324
83364
76466
127347
205647
253711
240626
167894
85590
59813
118423
236577
312059
267136
151763
83429
125165
245033
326434
275993
150132
77886
108706
186047
202184
147171
116751
144407
187361
203783
179304
136766
114143
111972
135706
187366
230939
247553
256730
257231
226125
163333
105879
100819
146061
213204
255629
224517
138010
60428
43618
96857
183950
197347
163391
189108
263577
275430
204030
139703
118607
115957
120186
157219
233138
276876
261175
231494
189022
117348
60114
49420
89185
164352
235119
272544
247833
188954
152161
128534
91054
42182
18090
53584
181531
301204
358668
368466
295750
160733
50271
29488
68369
132512
204426
276741
287835
218449
144434
119338
119451
100414
75130
84016
140260
216871
273738
281485
233111
133886
31596
20621
115884
273020
361955
313437
170304
56993
79803
169910
209712
182632
139267
133543
181827
251050
267614
202680
121268
61679
31630
62221
175267
299421
317081
203959
72181
72623
216748
341249
285808
88999
8943
53590
204587
332653
344678
258703
149604
92225
92803
78413
49165
72815
165506
238229
201748
121590
127014
217573
270869
225445
133711
93383
177720
308049
342737
265818
173554
145717
143848
108894
73079
96757
177463
258751
280277
240835
205930
181129
135949
91907
87704
131636
176082
186087
182325
177015
162645
154767
182064
214569
206472
167704
150660
184333
213922
204003
187132
191697
203925
201003
201664
228788
227551
138294
46607
67770
137163
150355
119086
107925
150641
223811
246230
198362
150767
129207
123694
124310
105091
97188
152999
250548
317073
290635
189565
131039
183125
257779
226510
98256
31233
91223
205977
238633
147744
31525
20669
116170
237358
268619
250856
220011
199562
196041
165153
121935
126477
164581
199059
211633
213276
219717
207287
160442
115002
104761
152470
233744
221816
103525
36319
79644
172774
219355
161046
81118
108039
228017
307697
242538
104220
69543
146103
232946
234353
192248
169594
162279
158954
180201
263107
348315
307098
169079
62284
51151
85261
139099
185261
213405
207347
189408
171523
138455
107916
107565
111014
94994
81037
107750
209626
316328
330832
283775
242399
201168
143975
92346
86859
161654
284570
341997
249893
60668
6516
41706
182430
291609
292600
212466
166620
196898
210298
152164
73861
27975
49173
155471
292471
367636
324304
212180
119456
79075
85462
122999
173788
222751
259988
264061
238527
216630
167471
75408
17095
9820
44064
165939
279143
293547
243452
196692
166801
138938
108418
116288
197998
299311
345098
304853
200086
96365
56296
74111
100155
122724
122851
88387
87518
179597
303500
351013
294437
197929
96251
25009
18592
58117
168938
280582
282006
206165
166714
198936
255485
260008
198420
134741
132994
200156
256432
238738
183205
143047
142403
163231
139317
81788
94940
190454
252638
192193
73634
53404
166634
289747
287767
175264
80272
86522
183601
279520
277346
179687
70072
48157
126359
220832
219746
152614
121787
147469
178669
159783
114147
113835
143566
158187
182347
217138
221015
200017
178577
166464
172628
174891
175223
206339
240173
234255
195661
157743
125030
95211
95526
133438
162826
171917
211467
276254
297303
211024
55622
10090
50463
163752
249440
247012
200795
178365
182191
198395
197558
172972
124813
58491
66777
191607
352826
413175
276872
59232
12746
94425
263537
328549
212693
48766
30295
136365
246170
230034
130247
81952
101264
131657
174630
229375
278403
280995
231214
172651
119005
90199
123239
198765
245035
241602
220633
196701
176955
155478
131546
149459
216037
240862
167630
81751
79553
150926
210579
208068
157259
109736
136367
245264
355982
342133
191026
65325
86570
195142
260610
219346
133028
99112
128022
161345
164072
146325
124961
124264
132043
121347
104404
126096
195468
249391
232889
162788
97295
79894
105458
143554
187798
237379
270393
268889
230756
198417
195538
167885
107920
81227
115455
170884
231007
284054
263172
160636
55403
30291
52496
112487
138226
158515
235202
294814
272699
204405
142070
115197
119841
133701
137182
117322
120663
224716
366587
373739
210234
31835
21125
111902
246884
308323
283405
206650
136537
109614
111709
126580
128688
97859
111379
206490
249202
190232
137471
149252
188848
183845
134383
118613
175121
250556
268900
220490
141631
102942
132640
188011
215128
175859
105324
99617
162041
223373
252076
240721
195971
134634
69060
39074
93055
210579
306639
353340
365327
311277
175032
53460
33248
60679
90436
156827
260641
336626
321560
206933
88363
69123
109554
129003
117301
97166
107995
201464
311645
289827
151708
43454
49863
133289
196845
208875
230023
282715
291624
198084
103513
95033
114140
108554
114621
166751
233478
248986
195179
155638
165077
157593
115092
93840
129123
199357
242682
211768
142424
111639
137049
180929
206808
198320
185153
204772
218418
170844
91465
76874
154846
239441
228459
131895
66073
102668
202741
289771
317846
280433
209055
142446
97630
81691
101670
150569
194999
207146
194291
195420
221595
218698
162327
87127
54697
104492
194065
256460
249671
164282
44219
17788
104073
228873
247772
172082
138402
203114
287068
322479
296996
220756
126286
46782
24916
77884
184897
236705
208606
148579
97493
122110
220217
312819
346200
299993
173204
33404
9776
57725
185337
281832
275999
195401
109962
74524
107903
193170
264494
255737
185838
125890
108233
103653
109961
126945
129776
154786
221597
266203
239166
164290
138279
206405
285649
276190
173460
68632
57710
140621
215210
211094
183251
157090
126354
137739
186900
213244
220515
218602
196901
173617
159835
128227
70819
49689
133736
272944
342460
310740
221367
145174
140144
156257
127451
101665
134289
205238
252486
239255
186043
132496
107632
93976
100451
179427
303160
350258
261306
130782
86861
131257
174540
137508
38780
16209
95665
244362
317376
258411
132368
55588
89832
196093
269578
244649
171498
113217
86305
94620
115579
130514
158324
206345
250749
264169
237456
187003
146295
129927
128998
150763
190174
218415
210168
160958
111626
130245
176633
159842
113575
117856
177370
250314
265959
186728
86726
56028
94186
137932
158714
161928
173788
221974
282208
291734
250574
215553
169476
104462
70619
94278
158290
200164
168328
129660
145231
182488
201887
196573
168445
140657
167224
235111
261606
234594
198030
163457
130999
114088
116249
131409
185321
265892
303092
264489
171283
79541
58257
118682
198633
232019
214261
165459
116036
135697
227937
310071
289045
165633
62254
67221
154617
267581
315160
243381
127729
69168
106110
194002
246073
207526
93115
22248
66071
181126
247980
234306
171211
112595
121952
179115
197932
159403
95208
63737
121848
258564
334068
262579
132995
89209
139464
181997
171488
149832
136485
130597
158252
217442
253141
241102
196166
132724
76623
63480
87378
144029
221050
275943
268843
203916
143099
120319
111097
129099
178674
196334
171668
137772
118090
121662
151084
204054
243041
210922
106690
23687
47942
161943
246649
247078
240389
275723
307111
268313
142930
35281
64324
196139
255535
165059
62194
98174
242733
310162
208853
53133
20258
110527
248380
270221
160898
54844
65569
166622
254173
262180
214116
181422
189959
186808
156600
160614
201536
218510
195920
169157
174160
220908
257342
216116
122823
59212
66153
104757
120670
117527
144668
231428
317531
304680
190079
70335
67480
181334
281166
279383
188436
103530
115277
182213
216339
194278
139505
93532
78846
107038
148921
147389
126136
150573
214740
269096
266967
177622
54873
25195
110065
258583
349628
336570
250730
192549
205939
198953
135186
90641
111019
167522
216314
241752
227304
163397
67559
14747
44587
177237
279008
229290
97154
39658
111212
248277
318303
275579
188901
152546
191653
237208
218732
160400
121613
135787
198517
260350
256949
193278
129092
103896
107350
102766
90564
105258
173374
256283
273764
196932
94557
70105
130783
184456
184680
177014
199587
223602
206195
154860
112819
106476
130158
168352
193486
196268
177390
161456
168746
194090
220818
215517
190346
182893
185212
160236
111273
103846
159177
195900
171031
151233
173673
172857
144758
154144
196978
235898
237903
171543
77879
37595
58190
146000
248146
261794
202002
160596
165589
165790
130677
97124
127335
226523
301467
261069
124595
27380
59801
179440
264192
237065
127047
48723
95767
227259
310984
295649
238096
194934
158892
140999
180097
221340
199812
152490
120304
117799
173933
251628
282898
249821
171181
100778
102668
150556
171726
143253
112279
155367
237051
246788
196520
179794
198075
208460
192405
150833
110351
94666
125670
202670
247162
214829
160822
149914
199408
254649
237249
164871
132374
153309
182032
186573
152470
121701
116388
114330
120226
125178
109575
132173
218937
274946
243136
180182
160404
181835
166363
117661
110695
132836
127203
110530
143019
239592
335880
321631
184264
44286
19285
102245
256907
316121
230839
117006
95844
169552
209562
137716
53841
67721
162297
252403
259213
224740
244661
242200
160066
94525
89736
135195
181905
149313
80681
86888
174211
269153
295680
241492
188763
178426
173629
147459
110105
106187
169395
224813
202690
179381
210546
257902
265954
184464
65383
30105
72066
156946
240678
260563
226887
208629
208750
165424
54352
7518
41895
183881
298256
334020
309817
243061
185157
155040
137533
120722
87191
54835
71536
126258
179757
232114
286759
322576
281752
154943
81184
121565
117120
28187
17506
114114
283126
350886
306978
255115
212585
143763
75088
66779
113019
180507
233907
261070
250584
185086
115472
98084
107498
115993
119216
114149
117062
148564
223634
316617
332501
215467
57862
7413
26385
140332
291779
353707
310509
211534
141357
153707
172035
143615
125443
148797
182296
200648
207382
211305
195225
154531
142266
186063
221763
187119
106698
75713
148188
247392
276778
220825
105469
28091
67781
163787
238880
283850
253901
163307
102707
122479
192109
207391
134514
92769
177282
300795
307907
208621
129881
116882
135939
172276
221196
229267
160455
83127
90186
187767
286812
291009
212398
108630
28046
33694
134679
231362
233435
193137
182155
201245
198872
168824
167394
163337
107412
60850
84907
149336
193605
190788
162053
147644
139049
138013
167685
215341
238480
217837
181995
190267
245542
276232
220064
106172
42076
77867
157196
207273
176954
99590
86807
171041
230083
199600
163902
166122
176925
162401
125393
123963
182482
230371
215070
169162
142564
166153
211498
214473
157636
98504
92741
139685
205422
247963
236849
189330
166055
189189
196798
162121
137833
155879
199536
242540
251478
251247
243119
178907
78985
21179
34364
133322
295787
361670
264543
114187
49752
90372
165039
204002
201913
176821
161092
165313
151684
146792
177236
200034
203880
214814
252426
309527
313606
192271
20397
7979
51242
213106
331477
309299
177486
60876
69219
151369
193034
179823
175794
217365
256631
236697
183122
171520
180539
125196
70808
85953
121165
149026
199281
249522
234199
164882
108363
74368
60512
89525
169171
250492
269876
239963
229353
242437
212209
122531
52713
69307
163173
259310
295266
263993
202638
153028
135233
148505
134185
64305
35420
91512
164691
185615
194683
231368
268897
228055
117469
53727
90681
164697
217035
256110
285315
289655
266749
227551
171286
105202
70522
89485
132005
178939
222652
251442
256757
249686
219034
137514
50808
20957
59719
172548
268783
313346
342750
315317
174865
13836
11613
130312
305070
340176
244141
140608
126483
172178
198708
181744
124028
44652
20649
56926
118782
164745
217213
255850
244623
232043
235103
221695
166297
92019
91563
185180
273535
280175
200021
95555
49765
72279
148379
203577
204226
194117
211706
226356
205128
149197
74104
41217
66297
112888
167558
194525
155427
144303
242150
328843
291560
192540
121069
123502
194848
252551
230113
139134
49010
47330
136122
244530
284658
230738
170365
167888
173109
180331
184153
119800
35057
36389
115629
250699
334312
315041
250577
188544
116547
71641
94248
165736
225721
235920
223275
250192
272075
203981
90785
30755
39977
87954
116252
101403
116233
198102
303234
348340
269429
138831
77453
85950
130372
182671
196198
203188
246491
298268
293344
196821
65851
18857
55235
164193
256680
250548
190354
144257
122998
143639
183876
176130
146655
171922
219281
230119
195270
142912
121678
146929
192941
235583
251895
221246
167338
113990
77118
91666
131989
168087
194787
164012
90392
66935
133952
249597
307763
244729
157058
143322
166064
196246
216314
193367
184626
224482
239900
201331
152995
117977
94081
69885
42227
67133
206565
356577
369520
232331
99127
84171
104028
85979
90176
152078
222181
262593
261169
235249
213739
184518
121888
62934
79938
147828
167520
151024
181091
242899
273894
239316
162099
114689
121671
121872
111862
150228
224828
270126
264757
227813
190792
163243
134632
114841
110641
117873
137856
165379
175640
145922
93218
83902
133169
190309
213510
224857
246431
235734
160766
75478
86337
201752
297329
282223
187230
106254
120635
195920
216186
161534
112872
131528
203924
254095
218379
149282
110811
97054
115187
163180
175801
146847
139619
168107
178199
151749
153558
202212
238633
229584
164258
79239
64840
153507
279118
333305
280695
185657
105650
54957
41789
73737
157179
257420
324676
314067
237605
161407
99378
59998
68575
114187
162803
224030
312064
349506
285255
173364
87246
74638
151082
219499
197004
121051
82062
138622
239528
292155
251289
148708
76839
76758
107450
139307
170387
214675
270858
270077
193930
121534
85940
70323
89121
164598
265942
322287
305818
233646
147248
111945
142576
176223
168975
130412
89232
93368
162651
234571
261015
230951
125656
24923
29988
117433
185325
193244
202561
237251
266036
232716
127997
32542
36229
121494
219848
271108
313972
365497
341840
207461
60803
21854
75165
185465
243723
197397
89237
39969
86083
177561
236287
232012
198680
201236
225782
206386
142322
88929
71615
63796
86796
167627
254936
278314
224827
149083
116204
123804
124606
123853
149872
175555
176458
198141
270197
313537
225903
71042
29105
137266
293346
342653
266203
167654
147679
207635
252219
191275
65195
10875
18256
52581
129729
236640
349675
378410
274097
129970
77890
125945
165288
145087
108037
114317
187013
261805
257920
180512
130955
168613
216424
195182
137019
119656
160385
203947
211489
181169
143392
136332
148447
148102
141258
146463
176961
223096
251500
239697
211240
187839
157077
121618
104035
115675
133628
136706
121509
105400
142156
238161
294068
227996
126883
117273
193147
242300
195311
94723
37705
63883
156669
269496
322153
288466
198693
129262
134053
179843
187791
142754
104947
125465
201700
282164
320937
280270
155239
45314
48451
107416
162794
196929
193841
165992
159896
182118
183830
134305
76281
88142
179991
261587
274560
250740
242885
231305
169724
105951
108578
131031
99734
73046
150050
290614
354988
287934
172466
111495
103627
115692
163797
211377
190135
98463
43079
122502
263701
286729
194534
138822
185349
217139
158537
88853
79598
112144
142322
143752
148114
191032
259942
261239
150290
38865
50309
193349
342258
344898
230218
120806
77409
96369
139367
193924
247729
226740
111118
29865
43106
141277
240639
258752
230386
226993
202019
112817
32622
27989
97829
207071
284531
293570
229957
142201
106305
141884
188803
201237
191148
183285
197910
217339
230260
254569
229566
127420
69423
115010
171902
172805
137207
134724
204265
277689
283251
223157
126795
60515
63493
108807
171684
214890
213765
208885
234140
249578
189428
80121
54598
150071
263776
292209
220560
77004
6290
25925
128238
242482
292293
235987
128093
82824
142478
264434
358195
348106
241191
130280
109295
171248
215575
166729
87032
80641
138848
207762
235410
204397
150192
112804
119865
181848
230404
198680
130436
99103
128653
174020
162956
122091
139149
232117
342636
358367
221004
61437
43796
134881
201240
168904
102568
104128
160326
189285
177475
172568
214319
247442
188272
107758
139768
243962
301628
251044
105559
14736
31195
127692
255982
299463
218518
110736
92754
147451
173048
135360
90624
113109
206405
280232
242478
127755
93754
193185
280172
225978
99557
68746
179797
307813
299679
177228
80127
68955
111600
139965
105493
73720
121440
220156
275006
256364
201433
163138
116009
27329
14096
60179
173020
236250
220584
198447
182581
162630
173929
209011
216140
175958
128737
111155
131501
157738
174399
210228
219402
150165
74125
74455
140875
207072
226979
229585
257844
272039
206564
99846
42758
48157
82416
136272
208158
256567
268255
264991
243121
178185
111946
91202
90082
95354
102005
103612
141419
205689
246014
250657
228185
210408
208552
180283
119520
80758
104840
187740
285820
329551
291083
172518
28005
7550
53284
190230
306452
321780
237539
137928
114869
155054
182969
158992
119326
109340
120261
137105
178063
236561
267918
248760
209414
213183
230857
171915
79732
47828
63626
107954
160126
199531
215864
202566
192967
220486
229182
191172
169019
204036
266386
286058
230943
161160
124811
115605
115262
111416
98562
87531
126897
238096
360055
390725
301367
160988
42131
15597
26806
66334
130808
208453
245078
219075
196643
197803
193710
197808
197380
165979
128216
119168
143774
177398
201763
235375
287097
310579
277998
196996
79959
15378
30322
92578
176102
234961
247789
236046
213946
176879
126957
81301
55359
53657
81866
174178
297848
352651
313089
222833
148184
144722
172828
151977
89349
74985
168465
297252
307666
187540
86792
96942
144854
146290
116772
116646
160287
191977
200383
225408
266065
288983
275779
199992
67795
11242
51953
175903
257301
250769
220709
209433
207119
184081
121082
58539
53132
100896
187093
287145
318708
238263
151294
155443
197951
197408
172471
183769
214149
207129
148369
71525
37143
92669
243700
349102
294410
134502
25616
47983
148997
233342
255892
244933
226710
205529
190519
180728
156048
117071
99428
111735
126417
159167
213270
223494
164695
112479
111065
131187
163361
200847
187264
128176
108861
164916
244851
274905
207918
94941
69611
153080
222408
201849
145630
118717
146779
227154
296928
271104
182441
158760
189597
162248
86108
71248
133886
170271
136799
110581
141710
188876
211280
208514
183716
161740
177506
232699
269885
210852
91822
49000
110459
193997
233458
234958
226909
229252
238483
224767
177115
117283
104363
171324
244332
239601
182518
138667
105643
77406
71367
110184
201902
277763
305868
311921
262432
139532
37962
26116
76147
158784
236173
295801
293329
222670
151841
111559
99423
136315
201757
231968
179418
107299
153852
276085
274730
121984
16658
55628
189333
290761
273518
163831
77197
94170
170483
216596
213732
194093
170736
149449
140918
154136
189223
220347
208349
166030
146250
161523
178824
169051
130600
95659
104669
163455
222488
205903
134375
122017
168837
172542
123797
91989
116464
203521
299698
326519
271376
170421
82941
71174
85606
84014
119737
199301
272191
313635
323965
302574
206747
70089
35896
103284
154460
132011
100419
134988
217492
269304
280327
267071
205176
127277
118755
169145
175705
87515
13601
12461
131505
329091
424295
388536
273647
134980
79214
150148
225920
203547
154928
162737
200517
231327
251792
234940
125004
6853
4861
49620
253091
412480
393935
241661
92108
60611
107363
118767
89891
98608
176262
287721
341859
294230
221907
195073
198847
182002
128069
65226
48539
95211
170496
204759
173055
148916
186483
241384
231572
136909
37158
28281
90383
177173
233716
260362
283689
274991
198864
100122
69758
140019
218865
188167
80433
60661
184835
323754
357772
285527
160486
41663
7681
43317
126574
171369
185592
206721
231449
256309
260281
231631
180311
125107
119747
186114
251800
237573
176721
146597
143713
124140
102997
128902
181478
202108
178194
158996
178827
210557
213353
179327
148607
158282
167381
126617
82028
114884
219945
288718
253447
182635
155279
182911
204954
167003
135740
154029
161937
143333
154193
187160
173421
128405
147459
236440
269537
191119
111682
115164
168098
237495
288373
270999
196945
136446
126659
128979
97795
82434
155349
242991
221455
131042
84518
97352
101499
83763
106272
181380
250267
281887
272380
222918
153736
124138
171854
223146
184842
114496
129622
186603
174782
123162
126218
189093
225768
188686
134295
123605
141485
156703
163931
159368
140493
124990
144179
189694
205257
172189
148308
166319
216726
287152
334310
316800
252294
176399
114788
78520
52956
53368
113899
215290
283821
269570
182300
81376
29250
40353
112612
207028
269626
286642
257495
215698
189888
162923
145693
145582
130472
122424
167758
245041
282627
237780
141920
104173
169895
241749
231282
126424
8379
5819
56266
238726
377865
333196
172635
92692
160179
247335
214233
101256
71720
159379
255970
282425
233089
144597
103536
144023
181840
155510
112472
118605
159449
172316
163928
199644
264697
267930
162837
25873
9240
68356
210905
320560
320428
205111
101606
124636
205460
249050
227768
162646
112256
89986
62795
58462
116543
223228
308207
298528
198865
90771
63716
152929
267776
264490
167351
88260
63780
92061
159802
210175
220034
209619
187812
184665
199191
191628
159206
138997
165865
239089
307693
308642
206874
66160
19017
48128
120728
210766
293160
339424
324067
242078
135968
69270
61981
83526
141634
253219
347092
340826
223635
57001
15341
103657
208585
172416
62329
36457
129740
273996
361706
313044
165858
55248
38023
91729
197233
266157
237737
194038
204831
223405
199961
129500
63694
59892
101856
148188
178234
211307
271082
326027
269863
81390
6500
37181
164857
222804
207087
228551
273027
270401
221417
137506
49276
29001
73942
165194
262704
307747
298546
287296
260416
139346
9910
6240
71282
234819
343529
329044
236642
168271
171371
200016
172880
84474
21948
34468
122005
236951
272491
235751
201923
183719
168330
144485
116081
125799
194563
265597
264768
214478
194677
203300
174238
104134
53319
78211
174212
232663
201961
167002
191112
229777
201567
123259
72862
94326
177935
273147
310348
237842
106917
55566
121396
234810
278189
227251
141265
81512
71365
113321
175809
217666
215070
170376
107847
83392
144094
272765
362016
288306
91006
9315
32454
96030
147638
206825
283688
332932
293262
166259
53519
38696
67381
94102
120334
156581
190105
222637
278350
316448
279121
196508
139536
127914
152213
191940
179962
106096
68217
122766
235473
314069
275698
149706
52992
51844
105566
169461
231781
284102
281930
190408
90263
97323
169255
178373
140049
166351
270103
335850
273171
148517
84029
101773
144534
157167
143801
149652
200568
272461
291948
231661
159791
136070
148414
152781
158214
189458
206281
163517
100768
97750
166691
221579
187914
120024
121713
199125
266152
261408
210903
187881
200089
179987
112626
63077
90666
177521
251039
252357
161298
51573
32510
103493
230484
263595
165282
85266
135989
290278
408009
340745
102872
5207
7040
111696
287760
332715
234099
123533
99732
147995
226795
279697
241541
119322
15934
5721
39078
172287
288664
318740
296992
251873
167624
79852
30214
19107
64841
199121
358276
418348
309390
129784
55365
128919
237650
252325
156809
59726
57136
147137
248568
262807
203676
168665
183533
177556
119482
75903
103612
175136
240543
276271
280734
259668
212347
151893
91176
57349
85622
160447
234353
281906
281163
224616
145784
101627
123636
157976
158518
162829
161146
129650
136421
231731
328943
301392
156480
33649
43963
163265
264506
265797
228396
186791
150486
149981
162518
139508
91421
90817
163877
220913
198756
143970
105487
90819
86971
106605
189669
299234
325164
240201
135910
110032
132736
139492
162484
213870
228887
180145
126358
125736
150686
172110
185153
146718
58767
24526
59997
171357
277034
291978
231505
186053
190183
201021
184397
137381
61208
44328
157944
339141
400725
285377
101087
8706
10860
76010
237619
348700
321201
221125
154651
150861
182541
177084
97197
47824
104585
211523
282506
300627
264126
192936
128351
82438
85465
152676
244075
296981
276908
207319
144353
105414
81559
72550
76139
127422
236294
322375
295189
193683
128878
138742
179613
189668
154710
130179
147306
178378
190079
193283
229693
292565
295418
185591
36201
9252
62921
203345
304141
312613
267378
192662
95896
14488
7670
34721
152509
279756
321881
257870
172256
133369
132529
134409
119852
125355
190305
262729
252637
144933
38593
53517
173846
250251
218673
170497
158182
160070
140507
88161
89415
198661
302749
275873
143600
49498
120480
278391
310406
187731
58262
54685
191078
332105
322204
154350
10038
23719
150486
273376
249588
116313
53603
133954
257389
321080
290616
198692
104984
65633
113116
205677
262541
251151
186030
149175
210177
295624
299372
195001
56968
22449
77132
158476
198957
188807
168984
194479
240024
249548
208281
132613
87253
120467
210238
285534
264550
176100
99142
76063
114005
178951
247102
270196
209962
134256
118597
139817
122625
72617
71692
149732
233680
225201
143426
116617
166763
222457
253751
242465
199010
178913
195192
208785
193741
140617
80263
65920
105789
170778
195868
161385
138241
164562
228901
264891
195766
75749
33646
64284
132200
177080
182277
189170
225852
242661
209682
208151
244334
222182
138598
76553
94557
154965
166541
143693
182729
258453
271027
209152
132109
91512
103744
166865
242754
254892
191985
129797
121807
149320
164833
175532
215194
226419
161106
112460
150301
180245
152679
163330
244680
315659
289315
172271
82459
104662
195061
244667
202726
137359
133893
153184
154739
171063
183620
171178
166399
174489
172929
166548
145504
115923
134332
214450
287619
268213
154229
34836
12922
57882
161811
241981
263494
269446
256809
203083
131984
76013
62352
107421
181256
212871
205994
194789
181040
174824
167231
149394
135223
107842
86659
123508
185323
232043
255578
207775
130560
109556
135854
171653
175274
140969
112358
121270
183159
252150
242913
166488
95383
82511
157670
255010
270447
218271
177912
147435
107542
86400
103196
169890
240662
258012
229249
199580
194256
191511
170370
150092
151422
168693
170505
153515
162913
220337
290206
303912
216844
85510
36277
92590
199198
248019
224275
185056
160047
143329
118490
97219
104784
120087
158845
272381
359563
290985
154502
93975
100643
121574
132235
132008
145252
164423
206946
289624
319352
237057
136332
117084
164555
186228
153621
127416
92781
48204
83959
198380
268086
223474
122949
67128
88995
145449
159695
127688
119885
173708
264265
306446
239874
127944
73020
69305
69937
88503
151976
226295
246665
196257
137709
143786
199942
235376
234206
240838
256482
219174
112418
18653
18503
106279
232474
265995
242774
253148
262733
198192
75929
32460
117051
244984
287800
252900
222701
209147
158639
82273
49069
84439
165092
246084
269627
241732
221431
228177
232381
193741
110174
30583
19765
67058
171092
309538
421191
414700
291390
161500
80542
41348
56747
118080
159929
168944
195746
252696
280655
216257
88441
15335
30281
122333
240583
296280
261948
169506
119147
168809
239143
251076
217087
161656
87526
58365
139434
276582
337390
253594
103711
16955
10756
38453
110757
166332
187130
202377
213714
207407
198581
208543
212316
177197
116584
115048
209486
299532
287028
190516
68437
19835
44178
100455
164992
185097
169819
188897
226992
224622
182066
134625
100615
81746
81209
123253
228488
330451
347786
276283
180002
143462
154211
159518
154017
127020
116449
193408
302166
302474
183851
61726
37301
93866
177187
226383
219883
171456
159491
226035
300143
281968
172119
83707
80497
125914
181753
266499
348616
321539
184397
89403
135009
231461
221798
103597
26487
44520
124778
214970
239079
182294
131162
127195
140508
182452
233785
241500
216546
186197
137864
96112
118487
189534
217090
172509
152198
192964
216760
169447
91256
83821
160964
199282
129012
57168
102231
226738
278251
192317
85470
60567
91227
156490
232144
263582
273200
307550
324490
283367
198360
89451
11055
6260
22849
109615
216866
284822
266794
179966
113099
114087
144447
157856
139476
106333
111446
207112
353637
419440
340460
170925
23032
10571
41497
111204
195263
272568
320355
323066
266623
168287
71618
33055
72399
156971
209567
208583
180607
188341
249810
289643
256539
180123
123564
134810
186107
193835
140025
105364
158595
261842
318831
267577
155187
104378
147009
181130
139527
52152
25502
100805
221405
278207
267006
244016
257499
268022
187498
40790
13586
95350
251962
311548
247726
144212
93228
152766
237373
191641
59197
36692
128430
216026
190105
113874
114132
192629
237939
203416
168174
192111
230570
211247
110632
25727
37626
156425
277804
273400
156703
83437
126695
186349
165242
75188
30361
108268
262371
332802
261594
145469
104961
149265
182456
161743
157162
198397
232875
242010
241305
226897
178340
121234
107038
133327
158807
181279
183443
120124
62119
101358
209720
324813
359558
282010
164447
70630
48134
105726
214801
275585
254977
205423
201615
236318
226138
141032
60870
45334
87995
164880
221503
221981
202844
219317
269163
263714
170414
72002
36904
86019
208290
315340
333650
267705
169525
108490
112764
124612
118001
141695
203019
254384
251339
169112
77703
70059
113200
137249
125178
104954
132051
205149
250758
248702
237035
224741
193574
137629
78970
68806
115332
174546
207682
212149
208262
229139
254408
221842
138362
59704
45619
90859
141773
199432
245022
227208
187157
167632
151681
134089
90333
42006
99847
248820
325749
306042
252382
170127
82498
61708
109437
156300
173901
198140
242048
255798
214691
161144
122389
102649
99773
115030
171050
233123
255146
265537
275042
254245
160288
48971
48101
141863
219945
247207
284961
306719
237372
128692
69209
69463
98726
112048
102528
126030
214106
292961
274522
163354
67388
78802
154397
207080
221125
215182
212189
208215
185137
172042
195085
214608
185895
109291
40564
46298
121146
199018
229110
212057
198383
189957
149664
104198
90171
104107
134347
174747
202662
190037
147463
104217
107108
177170
258489
281611
237623
174920
140468
118034
92743
111916
174488
204780
172877
118948
78990
91543
173859
243861
213814
130887
108604
180944
264991
274019
218126
185143
238831
303586
255552
108610
11450
23447
141748
304474
361398
280593
152069
76598
81609
96395
78439
79923
136171
227326
297528
315194
287898
236917
154544
54378
32368
109291
203820
249820
281304
303427
281749
245607
226224
190398
91845
13903
36832
174165
306889
298895
169411
73304
87562
147382
167171
144051
124132
142661
200101
247680
244328
202893
187918
196324
163847
116030
90806
75077
93064
158273
226716
253143
232798
194559
161731
150843
152532
137787
116111
109949
114190
119344
139305
200878
260488
245926
173261
118963
112934
131838
156559
166854
147286
143823
193795
234532
208381
145243
106705
131543
191831
199107
131036
95558
152245
198552
170368
149821
171198
184950
191421
208952
206817
155374
92914
77292
133562
259631
369639
362008
270756
186275
141118
120689
100402
84662
96807
134910
171311
192943
216048
253866
266581
202986
118485
87354
113829
188688
258330
257183
189953
130294
137978
180979
188731
145598
90958
85437
183936
347199
402164
278638
134344
95218
132417
171900
167668
123612
71427
55200
91438
162415
240707
302381
308431
251670
185115
137142
104821
98623
103415
85572
88283
170857
289297
317657
199335
47009
21367
82853
142449
146825
155958
218908
283114
268972
194450
107365
45938
46298
102185
160728
179463
156368
141748
214909
325600
310715
157452
58234
125359
243974
244042
114023
19917
52593
167724
257915
247373
182019
141832
137799
155023
156771
133912
154696
222612
275522
287019
255130
214345
177091
89703
16813
48725
161526
278481
393464
449707
352664
161700
38979
49783
101750
111108
89562
123825
250228
372153
370944
254163
144563
116736
105207
65664
39287
62189
157586
269027
295067
238764
172540
145762
169218
204267
215508
167182
84332
83822
165890
199442
151024
80430
61456
156755
296934
324744
199978
63754
64584
175326
267506
263891
187405
109050
85232
118641
154896
157287
144482
120621
114800
162972
241436
304337
278543
160405
52680
18324
54295
166402
257136
246013
188693
172069
205956
244797
213056
130722
102030
131277
168152
179311
140034
88679
107072
198630
268108
246108
176199
154677
187395
181045
115066
78076
129730
226141
267902
209363
115580
55731
54682
118924
198700
264782
325411
322441
224304
131870
139851
215309
228678
119358
25902
55034
179881
288778
284344
169098
59684
49876
144690
272275
314363
276853
248335
249234
247518
215400
122994
21073
9462
22485
85577
217678
337259
354872
266273
162522
152648
179535
127066
42950
32022
105180
233503
319294
316162
251974
161396
71914
27871
40115
106661
189690
229802
242717
254472
247779
219594
169187
89852
31176
47355
135491
234871
274060
218060
128739
135596
235058
288163
233070
167020
157217
151846
134861
129212
124570
152330
213300
227365
180982
127294
106972
141402
168048
127298
113397
176795
226011
233477
232302
250500
295236
281873
163908
66741
86080
158815
199199
193667
172947
161441
153222
137355
109971
79107
82897
141490
216280
274438
289289
258227
225972
190574
142125
128054
150120
163118
142830
91169
77840
176225
337831
437802
389785
211324
44595
17928
74834
131073
114796
80405
114774
246387
379071
363945
196732
56316
78672
170318
184377
117497
66182
127755
265921
323197
257080
157282
94925
93264
136355
170050
172847
183948
201016
183428
139241
124753
141399
135930
79044
31543
64610
163296
245181
260531
208272
159994
157522
154425
137172
138120
148443
142427
111986
99167
149024
217820
245100
220552
175195
171086
168977
120149
104970
175291
243400
224059
165445
156718
187329
198499
169266
113003
82558
118715
189443
257535
310405
328538
268109
129764
35046
65878
164006
251117
264277
176855
80331
93372
193835
278358
290607
261737
223910
179776
163015
176572
156573
92878
73742
129203
185906
217218
274816
348714
333653
187622
40465
26170
69664
136884
193145
222164
244165
275589
298982
261036
141714
27861
18125
74246
146429
192468
251243
321335
310414
182928
37009
12933
57959
143822
198209
206692
212367
260459
322580
318141
218030
73046
11796
29859
67257
82254
103156
150365
200091
248438
311814
366814
333205
178054
10985
5369
31717
167485
286472
280094
172585
96417
160437
283398
280086
149952
52896
60286
129673
206727
246328
249742
208971
122952
61195
80325
153677
222734
240878
196467
148595
152696
196735
234741
240440
199339
137448
121796
149999
164625
158143
159508
167827
169792
189992
221862
209568
169885
167207
181078
176117
171409
174450
189662
228629
256102
221838
149913
110935
121201
126720
114186
113102
122567
161824
237175
292600
268520
188130
128391
128385
162161
194731
231357
261882
239878
164652
89612
60304
73922
77049
69321
100967
163013
206498
229547
228119
191748
163974
195138
248300
230390
144206
83581
89163
118911
149752
192759
234812
243990
196084
103510
74974
186198
311882
306159
199087
98069
61438
82578
130976
181274
195559
137069
58437
69742
178711
296901
311353
221758
132871
138565
235072
313626
274159
141134
36926
27174
102243
216207
263749
238728
222547
233386
220565
167055
92924
53411
89819
176006
231462
218374
169378
149834
186872
206716
156482
119040
159123
226441
250746
218191
178024
151761
145357
166556
175262
158804
161749
187406
207810
198040
153230
161669
244734
261007
152453
29958
12328
53672
119718
174329
231195
298839
359179
366515
276269
130909
36944
33004
95166
167192
193881
196805
193205
172365
133043
100798
99705
139838
217444
273846
260349
230436
216591
177210
102717
42352
26558
82205
187795
253235
245026
189365
158146
192965
242493
214042
106222
45354
86477
162502
200715
225475
256740
243295
174317
101647
82890
132980
183167
181185
153463
141683
148129
146683
142400
165046
189892
181691
170394
186169
233812
271928
237659
163560
146179
214432
284036
236589
92998
29431
114953
252186
301009
259179
180048
109806
95446
120183
131837
148527
187207
211178
204881
187254
164844
125857
77597
53300
98651
226073
366196
416722
328964
158753
38591
35317
131868
237046
231048
138062
83682
118872
192661
229532
206147
152277
101117
86721
152884
271464
323447
269825
192208
145439
93659
34740
20676
51194
131263
208698
249313
281625
302846
278064
220990
158381
103277
83901
97275
113274
130674
157749
176191
156187
104588
64887
65002
121787
229837
333923
359019
260600
125920
100665
186440
232729
156590
65728
99704
247831
356982
302508
101625
5317
11262
122232
244422
279051
280943
270523
218839
113829
45560
105957
248540
292271
195696
98125
125041
234136
276736
212731
125377
90596
129335
177461
171238
124075
119619
212133
325217
356855
283512
148783
42017
35670
118664
221650
239535
182456
126579
121989
176785
209370
149360
104348
183862
286288
291361
228561
191649
208608
191016
72664
7506
17727
108006
208111
247489
252101
266374
276186
262781
221616
120751
25534
29577
128899
268407
312279
220293
124594
96165
102011
121209
133769
166528
249082
328610
334715
240803
93905
16533
27206
105553
149623
112676
108028
212788
349605
375127
250486
80782
10028
26817
98625
177142
234958
272074
266150
218264
144095
94704
126561
205313
241905
189839
90984
82350
223610
356453
313872
142323
23966
34496
97536
129684
143614
189144
250432
308352
331152
242137
66224
6976
36333
155195
244975
246245
243463
259217
213238
107945
46478
94580
232237
331353
314840
224349
145746
148243
201841
222090
193796
142527
93958
103103
144743
149454
129778
141520
208665
264016
228909
138014
99363
143193
182256
168254
153640
206764
297773
302642
174741
23511
12134
108837
290126
367470
256521
54189
7451
28423
127627
214370
249099
234391
182860
151386
177852
225519
234710
186479
118342
79295
72728
114788
217742
299632
294274
213023
131374
129230
166468
150187
82372
37788
71560
192972
328956
353498
241478
102794
51073
87677
131318
137960
131127
143980
191533
231722
218658
193687
203027
219455
219338
181333
116594
129133
241157
326341
291776
174811
93476
97281
138931
181131
203912
183374
150756
164615
190072
154718
90184
86617
168694
244262
237277
203217
208363
223506
219755
203398
169480
142266
160518
191086
183879
152532
151213
192125
201284
148530
80258
52217
105370
193817
234340
233432
230148
218141
192276
148196
81538
43895
71750
159500
242112
287587
295493
274183
213820
131678
85138
84039
88378
105292
158417
206292
194644
128733
89175
140491
222424
235388
151120
58625
77401
171469
227836
226244
207309
191855
186435
177185
143535
135978
206205
261643
193740
84543
80553
161874
210006
184821
144750
164155
254072
334085
294450
145237
25000
16488
71741
182959
246655
249406
208959
157078
137076
164644
194846
183374
174333
218235
271891
250888
174010
166865
241406
258444
152432
38451
43363
136818
252853
347178
362928
254721
112888
65108
77544
57733
21658
25369
98336
224365
313835
330310
291739
210636
114398
72465
101342
149335
185556
228199
275303
270800
205490
141657
140069
170247
145951
72609
63793
166987
295996
343528
282757
160739
58579
39196
49317
42432
48974
137465
281982
352599
284728
166520
103417
124145
178429
210107
201487
165709
151386
173481
176705
145139
134661
186727
240392
207639
116700
71318
108447
162664
163453
123750
110913
157421
233371
276114
247439
183885
145633
129633
124215
160966
237071
279087
249155
175474
112717
91912
109214
155747
154876
66000
20692
104688
306961
424937
326461
98915
6429
49796
202875
296447
248245
121270
37665
59395
161391
267257
307838
275559
249743
257166
205810
84859
25232
91056
222715
296425
266919
183829
140437
171343
194690
143264
70166
74689
170747
267466
265710
170414
104874
126955
146969
117470
128407
217857
285508
266915
210424
166752
151528
191575
241981
209127
116412
47045
56378
127694
176315
169599
163687
202993
253409
251663
171327
75953
55068
127821
223037
235222
162130
114987
172687
265369
275316
199784
114933
86062
125933
188187
203121
159826
111447
101138
120020
152431
174347
165145
138327
136496
171138
193975
197687
211748
219682
205405
171673
149456
194075
270473
257895
138638
69514
152061
264524
250622
112814
18695
35533
144535
230488
226852
159242
100714
126288
239285
312335
235425
126876
148929
259968
295565
210420
118520
98873
130271
163684
181021
204635
223936
210249
185920
174114
167120
165007
170149
143561
84004
56327
93805
173075
234567
218741
161583
172908
255233
279608
199980
105898
78981
133949
235453
276604
180716
39960
16291
92504
235064
326300
292467
183541
131111
151449
160702
145780
147763
153271
134252
120017
140282
190475
239324
241089
221630
233448
245566
221115
187076
155217
108976
72149
101607
174793
213660
208682
196099
181895
136006
67852
64562
159186
247503
233928
160482
121689
134628
146867
142168
167021
240307
281902
226529
160939
169425
178839
136459
114482
154324
201067
208299
186809
158851
145364
164218
183412
156627
108615
86246
135514
247880
312638
256742
152322
96736
88398
82164
75138
97391
158917
224069
247696
252103
302491
347405
295532
165358
47664
35058
122718
221715
226763
133290
60451
95099
181815
193010
120768
97953
185941
286412
309565
279133
237696
174819
108049
82007
86843
79168
69466
123488
253894
364090
347245
224559
125385
119086
157156
151622
93268
62126
90247
160680
236945
264198
222363
147527
100595
115015
170947
219292
200777
144636
151778
197688
201273
197486
215899
203515
144801
89614
80478
118427
179225
228685
247204
237710
193103
133679
118647
120455
101983
99620
151923
244709
294584
243271
155375
117533
126355
147327
170481
187116
193783
202618
199708
160591
112939
108983
163908
235678
267561
239745
205827
190891
165798
123172
94930
97936
104781
122497
153471
168311
158275
128973
121904
157534
194427
213319
226773
244014
252137
228860
167552
108233
110722
178277
241280
219275
140779
110891
172307
269902
287942
194815
79292
30166
62714
144387
206604
227929
208872
131844
52402
63522
164652
280107
333597
305176
211799
108993
80739
154851
260121
291195
221517
123850
84561
118447
166278
162355
112842
97826
151310
208105
204706
152322
114885
141149
208149
235440
185719
129834
126977
130801
118070
138147
216330
323907
386749
325753
160837
35073
26513
78081
119866
103163
110125
166255
199176
187436
180804
212414
243708
215157
153474
128802
141026
149744
164412
213936
272588
269450
190004
101748
60876
98734
227274
352037
351672
250106
132919
61115
60319
117441
178825
188211
139331
97669
108125
169893
251301
284069
244607
191722
187077
200648
180543
126068
66464
64058
138192
231061
260664
226781
160504
116718
140640
216552
250189
171351
72955
89251
201257
272064
244508
186545
179448
198575
147105
53031
31899
88370
200957
285003
274099
223115
200507
186311
137653
96295
118572
203752
269885
216468
94951
42204
82646
208924
346346
356433
214186
61025
29378
73062
117975
129063
126157
153556
254722
384222
413088
273746
65098
7074
25896
119301
207184
212901
168749
152664
187277
213763
182299
111226
52523
54443
107419
164049
201711
251414
294651
281007
244080
223046
179280
83184
15632
55739
243462
420999
425900
283691
117002
32583
33266
73817
117824
130877
152592
218034
297680
330754
262006
150298
91534
77570
93331
139719
195998
228425
237712
241159
226838
221258
227216
182839
102235
50901
47943
142080
309227
375087
267364
116288
65496
120759
182318
163828
100726
86053
137704
189964
208728
213946
221557
254652
269855
186963
48282
7857
29163
133775
256638
307170
291663
261586
229426
174851
95049
60581
104675
182864
231909
239818
229219
167310
69427
61485
153944
233567
236374
164740
63698
26161
81281
185683
264602
275502
242876
210760
196799
192763
164158
117779
112942
164101
218474
243834
237923
202913
149196
98960
91025
95807
63350
57086
124789
209684
271862
301485
273870
188194
71656
9602
25621
145773
279925
322840
291311
253630
248002
244083
184651
105900
118876
211524
269401
215353
88487
24850
50249
122272
191805
238852
263495
255028
211760
160018
110251
63872
63435
122671
194888
261797
306301
290622
233640
194469
182730
176013
145784
103417
130412
219267
237215
160379
101960
118375
144074
